# Scan number: 51
# Command: ascan monoE 8.959 9.059 200 1
# Date: Wed Jul 24 10:20:30 2024
# date: Wed Jul 24 10:20:30 2024
# C Wed Jul 24 10: 25:19 2024.  Scan aborted after 119 points.
monoE	monobr	cr2latr	cr2vetr	H	K	L	Epoch	sec	no1	no2	izero	RCur	enc_det	K1_1	K1_2	"Counter 8"	"Counter 9"	ionch1	mcaRt	mcaDt	mcaLt	mca	roi1	roi2	roi3	roi4	roi5	roi6	ctm	ctran	LST1	LST2	E_det	mcaLt1	mcaLt2	mcaLt3	mcaLt4	mcaLt5	mcaLt6	mcaLt7	mcaLt8	AS_RC	AS_DM	AS_IC	AS_IC1	cyber	diode1	diode1
8.959	12.748769	-56.644	12.6007	0	0	0	86379114	1	0	0	0	296.56882	12.748537	2.525326e-08	8.268337e-10	-1790.667	7.7091023e+08	5.8166502e+08	1.0119776	14.737401	0.8628384	5731	383	480	588	20	20	3	0	0	16.997457	0	8.9591619	0	0	0	0	0	0	297.846	-5.22782e-13	296.576	2.52448e-08	8.25594e-10	0	11	67947583	67947583
8.9595	12.748049	-56.6472	12.6007	0	0	0	86379116	1	0	0	0	296.55528	12.748537	2.524916e-08	8.278853e-10	-1790.667	7.7091023e+08	5.8245256e+08	1.0122358	14.477006	0.8656944	5719	415	534	603	28	28	1	0	0	16.997457	0	8.9591619	0	0	0	0	0	0	297.846	-5.22782e-13	296.563	2.52129e-08	8.26038e-10	0	10	67934515	67934515
8.96	12.747324	-56.6503	12.6006	0	0	0	86379118	1	0	0	0	296.5406	12.748537	2.52719e-08	8.24258e-10	-1790.667	7.7091023e+08	5.7994815e+08	1.0122141	13.646188	0.87408544	5673	428	529	638	29	29	6	0	0	16.997457	0	8.9591619	0	0	0	0	0	0	297.846	-5.22782e-13	296.541	2.52778e-08	8.24542e-10	0	11	67993661	67993661
8.9605	12.746599	-56.6535	12.6006	0	0	0	86379120	1	0	0	0	296.52551	12.748537	2.529487e-08	8.250574e-10	-1790.667	7.7091023e+08	5.8055821e+08	1.0122122	14.091654	0.86957472	5812	424	475	626	30	30	5	0	0	16.997457	0	8.9591619	0	0	0	0	0	0	297.846	-5.22782e-13	296.526	2.53043e-08	8.24375e-10	0	11	68053423	68053423
8.961	12.745879	-56.6566	12.6005	0	0	0	86379122	1	0	0	0	296.51192	12.746037	2.540651e-08	8.242225e-10	-1790.667	7.7091023e+08	5.8001829e+08	1.0119392	14.605368	0.86414176	5898	423	534	647	32	32	3	0	0	16.997457	0	8.96089	0	0	0	0	0	0	297.846	-5.22782e-13	296.512	2.53111e-08	8.24389e-10	0	7	68351732	68351732
8.9615	12.745154	-56.6598	12.6005	0	0	0	86379125	1	0	0	0	296.49879	12.746037	2.538877e-08	8.245244e-10	-1790.667	7.7091023e+08	5.8027832e+08	1.01204	13.609802	0.87430336	5790	361	511	631	26	26	5	0	0	16.997457	0	8.96089	0	0	0	0	0	0	297.846	-5.22782e-13	296.499	2.5419e-08	8.25681e-10	0	8	68301961	68301961
8.962	12.744429	-56.663	12.6004	0	0	0	86379127	1	0	0	0	296.47718	12.746037	2.54613e-08	8.260486e-10	-1790.667	7.7091023e+08	5.813987e+08	1.0118154	14.145474	0.86868928	5708	391	477	676	24	25	2	0	0	16.997457	0	8.96089	0	0	0	0	0	0	297.846	-5.22782e-13	296.484	2.54363e-08	8.24857e-10	0	7	68495034	68495034
8.9625	12.743709	-56.6661	12.6004	0	0	0	86379129	1	0	0	0	296.46096	12.743537	2.557249e-08	8.27761e-10	-1790.667	7.7091023e+08	5.8265173e+08	1.0118474	13.910177	0.8710976	5899	430	503	677	22	23	5	0	0	16.997457	0	8.9626188	0	0	0	0	0	0	297.846	-5.22782e-13	296.469	2.55261e-08	8.26821e-10	0	7	68792094	68792094
8.963	12.742984	-56.6693	12.6003	0	0	0	86379131	1	0	0	0	296.73138	12.743537	2.554543e-08	8.259775e-10	-1790.667	7.7091023e+08	5.8144403e+08	1.0122474	13.858494	0.87196512	5594	355	508	642	26	26	3	0	0	16.997457	0	8.9626188	0	0	0	0	0	0	297.846	-5.22782e-13	296.731	2.49647e-08	8.26562e-10	0	9	68717244	68717244
8.9635	12.742264	-56.6724	12.6003	0	0	0	86379133	1	0	0	0	296.7161	12.743537	2.550746e-08	8.2429e-10	-1790.667	7.7091023e+08	5.8030372e+08	1.0120269	14.581779	0.86445536	5777	393	486	679	19	19	3	0	0	16.997457	0	8.9626188	0	0	0	0	0	0	297.846	-5.22782e-13	296.716	2.55113e-08	8.2732e-10	0	7	68613053	68613053
8.964	12.741539	-56.6756	12.6002	0	0	0	86379136	1	0	0	0	296.70171	12.741037	2.560682e-08	8.28404e-10	-1790.667	7.7091023e+08	5.8324784e+08	1.0118698	14.353658	0.86662944	5825	414	475	675	32	33	5	0	0	16.997457	0	8.9643484	0	0	0	0	0	0	297.846	-5.22782e-13	296.702	2.55624e-08	8.26629e-10	0	10	68878263	68878263
8.9645	12.740819	-56.6788	12.6002	0	0	0	86379138	1	0	0	0	296.68215	12.741037	2.566162e-08	8.286953e-10	-1790.667	7.7091023e+08	5.8350081e+08	1.0119731	13.932576	0.8709792	5836	418	518	689	26	27	2	0	0	16.997457	0	8.9643484	0	0	0	0	0	0	297.846	-5.22782e-13	296.688	2.56158e-08	8.28626e-10	0	6	69023603	69023603
8.965	12.740094	-56.6819	12.6001	0	0	0	86379140	1	0	0	0	296.66594	12.741037	2.567026e-08	8.309264e-10	-1790.667	7.7091023e+08	5.8511977e+08	1.01208	14.862035	0.86166432	5853	404	501	723	17	17	2	0	0	16.997457	0	8.9643484	0	0	0	0	0	0	297.846	-5.22782e-13	296.67	2.56849e-08	8.28712e-10	0	7	69044779	69044779
8.9655	12.739374	-56.6851	12.6001	0	0	0	86379142	1	0	0	0	296.65292	12.741037	2.570278e-08	8.288303e-10	-1790.667	7.7091023e+08	5.8369164e+08	1.0118598	14.224547	0.86792736	6024	442	531	800	30	30	3	0	0	16.997457	0	8.9643484	0	0	0	0	0	0	297.846	-5.22782e-13	296.653	2.57205e-08	8.29624e-10	0	6	69130181	69130181
8.966	12.738649	-56.6883	12.6	0	0	0	86379144	1	0	0	0	296.63833	12.738537	2.584125e-08	8.283507e-10	-1790.667	7.7091023e+08	5.8340176e+08	1.0119334	14.457141	0.8656368	5914	450	503	711	22	22	3	0	0	16.997457	0	8.9660786	0	0	0	0	0	0	297.846	-5.22782e-13	296.638	2.5759e-08	8.29863e-10	0	8	69500534	69500534
8.9665	12.737929	-56.6914	12.6	0	0	0	86379147	1	0	0	0	296.62464	12.738537	2.591742e-08	8.328378e-10	-1790.667	7.7091023e+08	5.8661013e+08	1.011823	15.616454	0.85381216	5989	424	558	789	30	30	1	0	0	16.997457	0	8.9660786	0	0	0	0	0	0	297.846	-5.22782e-13	296.625	2.5859e-08	8.33189e-10	0	8	69703313	69703313
8.967	12.737204	-56.6946	12.5999	0	0	0	86379149	1	0	0	0	296.60438	12.738537	2.593356e-08	8.340457e-10	-1790.667	7.7091023e+08	5.8750913e+08	1.0121178	14.71111	0.863224	5885	405	495	815	26	26	5	0	0	16.997457	0	8.9660786	0	0	0	0	0	0	297.846	-5.22782e-13	296.61	2.59134e-08	8.32756e-10	0	10	69744638	69744638
8.9675	12.736484	-56.6977	12.5999	0	0	0	86379160	1	0	0	0	296.52072	12.736037	2.594311e-08	8.313954e-10	-1790.667	7.7091023e+08	5.8569031e+08	1.0119683	13.431314	0.87604768	5990	431	533	767	31	31	1	0	0	16.997457	0	8.9678095	0	0	0	0	0	0	297.846	-5.22782e-13	296.591	2.59245e-08	8.33801e-10	0	5	69768239	69768239
8.968	12.735759	-56.7009	12.5998	0	0	0	86379162	1	0	0	0	296.50712	12.736037	2.580987e-08	8.321095e-10	-1790.667	7.7091023e+08	5.8624148e+08	1.0121402	15.116863	0.85913632	5938	466	483	840	27	27	3	0	0	16.997457	0	8.9678095	0	0	0	0	0	0	297.846	-5.22782e-13	296.514	2.58955e-08	8.31426e-10	0	10	69407848	69407848
8.9685	12.735039	-56.7041	12.5998	0	0	0	86379164	1	0	0	0	296.49236	12.736037	2.583897e-08	8.304539e-10	-1790.667	7.7091023e+08	5.851231e+08	1.0120966	14.747082	0.86284192	6071	400	513	820	21	21	1	0	0	16.997457	0	8.9678095	0	0	0	0	0	0	297.846	-5.22782e-13	296.492	2.58946e-08	8.31681e-10	0	13	69484030	69484030
8.969	12.734319	-56.7072	12.5997	0	0	0	86379166	1	0	0	0	296.47856	12.736037	2.588536e-08	8.305818e-10	-1790.667	7.7091023e+08	5.8526126e+08	1.0122858	15.38677	0.85652768	6042	380	487	940	34	34	5	0	0	16.997457	0	8.9678095	0	0	0	0	0	0	297.846	-5.22782e-13	296.479	2.5906e-08	8.31553e-10	0	7	69606702	69606702
8.9695	12.733594	-56.7104	12.5997	0	0	0	86379168	1	0	0	0	296.46414	12.733537	2.598358e-08	8.313954e-10	-1790.667	7.7091023e+08	5.8588265e+08	1.0122419	14.942136	0.86099136	6167	372	521	924	25	25	2	0	0	16.997457	0	8.969541	0	0	0	0	0	0	297.846	-5.22782e-13	296.464	2.59519e-08	8.32172e-10	0	9	69868736	69868736
8.97	12.732874	-56.7135	12.5996	0	0	0	86379171	1	0	0	0	296.83042	12.733537	2.60452e-08	8.349375e-10	-1790.667	7.7091023e+08	5.8842707e+08	1.0118509	15.260936	0.85743296	6056	401	490	911	29	29	0	0	0	16.997457	0	8.969541	0	0	0	0	0	0	297.846	-5.22782e-13	296.449	2.52799e-08	8.33015e-10	0	8	70032342	70032342
8.9705	12.732154	-56.7167	12.5996	0	0	0	86379173	1	0	0	0	296.8135	12.733537	2.613501e-08	8.366285e-10	-1790.667	7.7091023e+08	5.8966723e+08	1.0119536	15.559955	0.85449408	6023	416	494	932	26	26	0	0	0	16.997457	0	8.969541	0	0	0	0	0	0	297.846	-5.22782e-13	296.821	2.6064e-08	8.35789e-10	0	12	70271735	70271735
8.971	12.731429	-56.7199	12.5995	0	0	0	86379175	1	0	0	0	296.79925	12.731037	2.611887e-08	8.378187e-10	-1790.667	7.7091023e+08	5.9055459e+08	1.0118301	15.371024	0.85630144	6201	387	546	954	34	34	3	0	0	16.997457	0	8.9712733	0	0	0	0	0	0	297.846	-5.22782e-13	296.803	2.6102e-08	8.36364e-10	0	10	70226245	70226245
8.9715	12.730709	-56.723	12.5995	0	0	0	86379177	1	0	0	0	296.78544	12.731037	2.617867e-08	8.376553e-10	-1790.667	7.7091023e+08	5.904879e+08	1.0120038	15.013129	0.8600704	6319	432	556	977	33	33	4	0	0	16.997457	0	8.9712733	0	0	0	0	0	0	297.846	-5.22782e-13	296.785	2.61673e-08	8.37645e-10	0	14	70384934	70384934
8.972	12.729989	-56.7262	12.5994	0	0	0	86379179	1	0	0	0	296.77084	12.731037	2.613183e-08	8.37364e-10	-1790.667	7.7091023e+08	5.9033104e+08	1.0122483	15.266357	0.85771488	6273	402	501	1043	22	22	4	0	0	16.997457	0	8.9712733	0	0	0	0	0	0	297.846	-5.22782e-13	296.771	2.61781e-08	8.37234e-10	0	5	70256906	70256906
8.9725	12.729264	-56.7294	12.5994	0	0	0	86379182	1	0	0	0	296.75609	12.731037	2.623347e-08	8.380638e-10	-1790.667	7.7091023e+08	5.9087291e+08	1.0122762	15.538843	0.85498016	6374	386	523	1155	32	32	2	0	0	16.997457	0	8.9712733	0	0	0	0	0	0	297.846	-5.22782e-13	296.756	2.61308e-08	8.36941e-10	0	14	70528071	70528071
8.973	12.728544	-56.7325	12.5993	0	0	0	86379184	1	0	0	0	296.73417	12.728537	2.626189e-08	8.406573e-10	-1790.667	7.7091023e+08	5.9275013e+08	1.0118586	15.645697	0.85354624	6366	403	513	1139	32	32	3	0	0	16.997457	0	8.9730062	0	0	0	0	0	0	297.846	-5.22782e-13	296.741	2.61776e-08	8.37279e-10	0	11	70602376	70602376
8.9735	12.727824	-56.7357	12.5993	0	0	0	86379186	1	0	0	0	296.71822	12.728537	2.623483e-08	8.406431e-10	-1790.667	7.7091023e+08	5.9278881e+08	1.0118739	16.082794	0.84913632	6323	384	492	1161	28	29	3	0	0	16.997457	0	8.9730062	0	0	0	0	0	0	297.846	-5.22782e-13	296.722	2.626e-08	8.3948e-10	0	9	70527529	70527529
8.974	12.727104	-56.7388	12.5992	0	0	0	86379188	1	0	0	0	296.70585	12.728537	2.619799e-08	8.396377e-10	-1790.667	7.7091023e+08	5.9212848e+08	1.0121446	15.943334	0.85077504	6526	389	509	1266	30	31	3	0	0	16.997457	0	8.9730062	0	0	0	0	0	0	297.846	-5.22782e-13	296.706	2.62348e-08	8.39118e-10	0	10	70426396	70426396
8.9745	12.726384	-56.742	12.5992	0	0	0	86379190	1	0	0	0	296.68981	12.726037	2.627189e-08	8.418688e-10	-1790.667	7.7091023e+08	5.9375067e+08	1.0122102	16.337665	0.84683872	6399	405	522	1252	22	22	1	0	0	16.997457	0	8.9747399	0	0	0	0	0	0	297.846	-5.22782e-13	296.69	2.62977e-08	8.43176e-10	0	10	70622956	70622956
8.975	12.725659	-56.7452	12.5992	0	0	0	86379192	1	0	0	0	296.67579	12.726037	2.629031e-08	8.430945e-10	-1790.667	7.7091023e+08	5.9466398e+08	1.0120541	16.742821	0.84260768	6614	398	536	1313	28	28	5	0	0	16.997457	0	8.9747399	0	0	0	0	0	0	297.846	-5.22782e-13	296.676	2.63092e-08	8.43931e-10	0	10	70670370	70670370
8.9755	12.724939	-56.7483	12.5991	0	0	0	86379195	1	0	0	0	296.65385	12.726037	2.624529e-08	8.425083e-10	-1790.667	7.7091023e+08	5.9429934e+08	1.0121059	16.087075	0.84928768	6688	402	511	1453	28	28	7	0	0	16.997457	0	8.9747399	0	0	0	0	0	0	297.846	-5.22782e-13	296.661	2.62422e-08	8.42713e-10	0	5	70547256	70547256
8.976	12.724219	-56.7515	12.5991	0	0	0	86379197	1	0	0	0	296.63899	12.726037	2.629213e-08	8.453362e-10	-1790.667	7.7091023e+08	5.9634312e+08	1.0121267	17.125603	0.83879392	6873	388	522	1503	34	34	4	0	0	16.997457	0	8.9747399	0	0	0	0	0	0	297.846	-5.22782e-13	296.645	2.6211e-08	8.42894e-10	0	7	70671061	70671061
8.9765	12.723499	-56.7546	12.599	0	0	0	86379199	1	0	0	0	296.62618	12.723537	2.613046e-08	8.418191e-10	-1790.667	7.7091023e+08	5.9391078e+08	1.0121792	17.627519	0.83375712	6748	377	477	1583	26	26	4	0	0	16.997457	0	8.9764742	0	0	0	0	0	0	297.846	-5.22782e-13	296.629	2.61241e-08	8.43378e-10	0	13	70234419	70234419
8.977	12.722779	-56.7578	12.599	0	0	0	86379201	1	0	0	0	296.61152	12.723537	2.611046e-08	8.440963e-10	-1790.667	7.7091023e+08	5.9556631e+08	1.0118893	17.584438	0.83395424	6931	417	478	1587	23	23	4	0	0	16.997457	0	8.9764742	0	0	0	0	0	0	297.846	-5.22782e-13	296.612	2.60925e-08	8.45004e-10	0	12	70178577	70178577
8.9775	12.722059	-56.761	12.5989	0	0	0	86379203	1	0	0	0	296.5962	12.723537	2.597199e-08	8.448566e-10	-1790.667	7.7091023e+08	5.9615174e+08	1.0118755	17.808894	0.83167168	7169	427	490	1827	21	21	6	0	0	16.997457	0	8.9764742	0	0	0	0	0	0	297.846	-5.22782e-13	296.596	2.59934e-08	8.45517e-10	0	11	69804331	69804331
8.978	12.721339	-56.7641	12.5989	0	0	0	86379206	1	0	0	0	296.57994	12.721037	2.59713e-08	8.477912e-10	-1790.667	7.7091023e+08	5.9827164e+08	1.0120339	17.944695	0.83042752	7204	391	482	1935	23	23	3	0	0	16.997457	0	8.9782092	0	0	0	0	0	0	297.846	-5.22782e-13	296.58	2.59057e-08	8.46244e-10	0	5	69800404	69800404
8.9785	12.720619	-56.7673	12.5988	0	0	0	86379208	1	0	0	0	296.56113	12.721037	2.581601e-08	8.470913e-10	-1790.667	7.7091023e+08	5.9782687e+08	0.00744896	0	0.8284896	7507	393	513	2136	32	32	7	0	0	16.997457	0	8.9782092	0	0	0	0	0	0	297.846	-5.22782e-13	296.567	2.58098e-08	8.48219e-10	0	8	69380987	69380987
8.979	12.719899	-56.7704	12.5988	0	0	0	86379210	1	0	0	0	296.54575	12.721037	2.568254e-08	8.47475e-10	-1790.667	7.7091023e+08	5.9814683e+08	1.0051587	18.844355	0.81574304	7529	390	512	2320	35	35	1	0	0	16.997457	0	8.9782092	0	0	0	0	0	0	297.846	-5.22782e-13	296.549	2.56671e-08	8.47689e-10	0	6	69020236	69020236
8.9795	12.719179	-56.7736	12.5987	0	0	0	86379212	1	0	0	0	296.52983	12.721037	2.553975e-08	8.477237e-10	-1790.667	7.7091023e+08	5.9837155e+08	1.012216	19.6899	0.81291168	7794	379	460	2357	22	23	2	0	0	16.997457	0	8.9782092	0	0	0	0	0	0	297.846	-5.22782e-13	296.53	2.55265e-08	8.48827e-10	0	14	68634461	68634461
8.98	12.718459	-56.7768	12.5987	0	0	0	86379214	1	0	0	0	296.51582	12.718537	2.533238e-08	8.480114e-10	-1790.667	7.7091023e+08	5.9862383e+08	1.0121562	20.232261	0.80737408	8093	382	486	2598	36	36	4	0	0	16.997457	0	8.9799449	0	0	0	0	0	0	297.846	-5.22782e-13	296.516	2.53802e-08	8.48361e-10	0	7	68075164	68075164
8.9805	12.717739	-56.7799	12.5986	0	0	0	86379217	1	0	0	0	296.49473	12.718537	2.519027e-08	8.50676e-10	-1790.667	7.7091023e+08	6.0055419e+08	1.0121254	21.347868	0.79605824	8270	402	471	2839	29	30	3	0	0	16.997457	0	8.9799449	0	0	0	0	0	0	297.846	-5.22782e-13	296.502	2.51608e-08	8.492e-10	0	16	67691268	67691268
8.981	12.717019	-56.7831	12.5986	0	0	0	86379219	1	0	0	0	296.48044	12.718537	2.491788e-08	8.499015e-10	-1790.667	7.7091023e+08	6.0005675e+08	1.0119814	21.457658	0.79483392	8412	384	493	3150	22	23	7	0	0	16.997457	0	8.9799449	0	0	0	0	0	0	297.846	-5.22782e-13	296.49	2.48557e-08	8.49122e-10	0	7	66957317	66957317
8.9815	12.716299	-56.7863	12.5985	0	0	0	86379221	1	0	0	0	296.828	12.716037	2.452089e-08	8.499903e-10	-1790.667	7.7091023e+08	6.0016879e+08	1.0121443	22.610657	0.78329184	8811	394	440	3442	35	35	3	0	0	16.997457	0	8.9816813	0	0	0	0	0	0	297.846	-5.22782e-13	296.472	2.41178e-08	8.48326e-10	0	13	65888605	65888605
8.982	12.715579	-56.7894	12.5985	0	0	0	86379223	1	0	0	0	296.81058	12.716037	2.393836e-08	8.494325e-10	-1790.667	7.7091023e+08	5.9982426e+08	1.0118701	24.264585	0.766344	9514	377	484	3973	40	40	3	0	0	16.997457	0	8.9816813	0	0	0	0	0	0	297.846	-5.22782e-13	296.815	2.39392e-08	8.4877e-10	0	11	64321418	64321418
8.9825	12.714859	-56.7926	12.5984	0	0	0	86379225	1	0	0	0	296.7953	12.716037	2.325623e-08	8.502425e-10	-1790.667	7.7091023e+08	6.0044561e+08	1.0119027	26.792552	0.74078816	10050	348	467	4540	28	29	7	0	0	16.997457	0	8.9816813	0	0	0	0	0	0	297.846	-5.22782e-13	296.795	2.33008e-08	8.51225e-10	0	7	62486711	62486711
8.983	12.714139	-56.7957	12.5984	0	0	0	86379227	1	0	0	0	296.78189	12.716037	2.242496e-08	8.518413e-10	-1790.667	7.7091023e+08	6.0162417e+08	1.0122128	29.109737	0.71756032	11040	365	428	5526	29	30	3	0	0	16.997457	0	8.9816813	0	0	0	0	0	0	297.846	-5.22782e-13	296.782	2.24522e-08	8.52491e-10	0	7	60251403	60251403
8.9835	12.713419	-56.7989	12.5983	0	0	0	86379230	1	0	0	0	296.76824	12.713537	2.14186e-08	8.532162e-10	-1790.667	7.7091023e+08	6.0264478e+08	1.012081	32.196381	0.68622752	11788	314	442	6144	35	38	2	0	0	16.997457	0	8.9834184	0	0	0	0	0	0	297.846	-5.22782e-13	296.768	2.14041e-08	8.53156e-10	0	7	57545811	57545811
8.984	12.712699	-56.8021	12.5983	0	0	0	86379232	1	0	0	0	296.74577	12.713537	2.023398e-08	8.582717e-10	-1790.667	7.7091023e+08	6.0626545e+08	1.0119926	35.45904	0.65314976	12858	312	426	7228	38	42	2	0	0	16.997457	0	8.9834184	0	0	0	0	0	0	297.846	-5.22782e-13	296.753	2.02375e-08	8.56565e-10	0	13	54361458	54361458
8.9845	12.711979	-56.8052	12.5982	0	0	0	86379234	1	0	0	0	296.73155	12.713537	1.891621e-08	8.581793e-10	-1790.667	7.7091023e+08	6.0625005e+08	1.0118902	39.426189	0.61294048	13999	339	358	8462	41	47	5	0	0	16.997457	0	8.9834184	0	0	0	0	0	0	297.846	-5.22782e-13	296.735	1.88993e-08	8.58234e-10	0	5	50819578	50819578
8.985	12.711259	-56.8084	12.5982	0	0	0	86379236	1	0	0	0	296.71552	12.711037	1.754419e-08	8.608083e-10	-1790.667	7.7091023e+08	6.081573e+08	1.0122451	43.802102	0.56886048	14936	273	395	9378	41	47	5	0	0	16.997457	0	8.9851561	0	0	0	0	0	0	297.846	-5.22782e-13	296.716	1.75827e-08	8.61258e-10	0	6	47132166	47132166
8.9855	12.710544	-56.8115	12.5981	0	0	0	86379238	1	0	0	0	296.70278	12.711037	1.625948e-08	8.61121e-10	-1790.667	7.7091023e+08	6.0842828e+08	1.0119725	48.261897	0.52357536	15679	298	345	10064	60	64	3	0	0	16.997457	0	8.9851561	0	0	0	0	0	0	297.846	-5.22782e-13	296.703	1.62816e-08	8.60135e-10	0	5	43679523	43679523
8.986	12.709824	-56.8147	12.5981	0	0	0	86379240	1	0	0	0	296.68534	12.711037	1.514374e-08	8.627801e-10	-1790.667	7.7091023e+08	6.0965068e+08	1.0120861	51.468033	0.49118528	16345	252	319	10605	66	70	7	0	0	16.997457	0	8.9851561	0	0	0	0	0	0	297.846	-5.22782e-13	296.685	1.51416e-08	8.62707e-10	0	9	40680993	40680993
8.9865	12.709104	-56.8179	12.598	0	0	0	86379243	1	0	0	0	296.6724	12.711037	1.423683e-08	8.638636e-10	-1790.667	7.7091023e+08	6.1046652e+08	1.0119469	53.78189	0.46770272	16580	242	298	11141	59	66	4	0	0	16.997457	0	8.9851561	0	0	0	0	0	0	297.846	-5.22782e-13	296.672	1.42436e-08	8.64107e-10	0	13	38243608	38243608
8.987	12.708384	-56.821	12.598	0	0	0	86379245	1	0	0	0	296.65019	12.708537	1.359475e-08	8.663115e-10	-1790.667	7.7091023e+08	6.1224676e+08	1.0118317	55.761939	0.44761472	16834	234	287	11366	81	90	1	0	0	16.997457	0	8.9868946	0	0	0	0	0	0	297.846	-5.22782e-13	296.659	1.35981e-08	8.65183e-10	0	8	36517745	36517745
8.9875	12.707664	-56.8242	12.5979	0	0	0	86379247	1	0	0	0	296.63645	12.708537	1.313993e-08	8.670504e-10	-1790.667	7.7091023e+08	6.1281939e+08	1.0122525	57.078566	0.43447328	16822	249	296	11322	83	87	1	0	0	16.997457	0	8.9868946	0	0	0	0	0	0	297.846	-5.22782e-13	296.64	1.31338e-08	8.6594e-10	0	11	35294980	35294980
8.988	12.706949	-56.8274	12.5979	0	0	0	86379249	1	0	0	0	296.61903	12.708537	1.280346e-08	8.663754e-10	-1790.667	7.7091023e+08	6.123927e+08	1.0121258	58.422432	0.42081728	16968	222	265	11551	70	83	5	0	0	16.997457	0	8.9868946	0	0	0	0	0	0	297.846	-5.22782e-13	296.619	1.28016e-08	8.66201e-10	0	5	34390177	34390177
8.9885	12.706229	-56.8305	12.5978	0	0	0	86379252	1	0	0	0	296.59729	12.706037	1.253946e-08	8.675656e-10	-1790.667	7.7091023e+08	6.1328446e+08	1.0120842	59.124854	0.41369088	17056	235	311	11634	79	90	2	0	0	16.997457	0	8.9886337	0	0	0	0	0	0	297.846	-5.22782e-13	296.605	1.25144e-08	8.67836e-10	0	8	33680077	33680077
8.989	12.705509	-56.8337	12.5978	0	0	0	86379254	1	0	0	0	296.58528	12.706037	1.215271e-08	8.688197e-10	-1790.667	7.7091023e+08	6.1422154e+08	1.0120906	59.963267	0.405208	17120	234	266	11669	89	94	2	0	0	16.997457	0	8.9886337	0	0	0	0	0	0	297.846	-5.22782e-13	296.591	1.2188e-08	8.67256e-10	0	6	32640331	32640331
8.9895	12.704789	-56.8368	12.5977	0	0	0	86379256	1	0	0	0	296.56799	12.706037	1.170136e-08	8.691963e-10	-1790.667	7.7091023e+08	6.1453837e+08	1.0121814	61.731984	0.38734176	17091	218	251	11801	78	90	2	0	0	16.997457	0	8.9886337	0	0	0	0	0	0	297.846	-5.22782e-13	296.572	1.1756e-08	8.68932e-10	0	10	31427146	31427146
8.99	12.704074	-56.84	12.5977	0	0	0	86379258	1	0	0	0	296.55566	12.706037	1.121736e-08	8.699068e-10	-1790.667	7.7091023e+08	6.1509133e+08	1.0120147	63.268613	0.37172704	17131	192	241	11935	98	107	3	0	0	16.997457	0	8.9886337	0	0	0	0	0	0	297.846	-5.22782e-13	296.556	1.12254e-08	8.69706e-10	0	7	30126345	30126345
8.9905	12.703354	-56.8432	12.5977	0	0	0	86379260	1	0	0	0	296.5408	12.703537	1.062909e-08	8.707346e-10	-1790.667	7.7091023e+08	6.1572734e+08	1.0119318	65.497692	0.34913984	17014	170	239	11883	99	109	4	0	0	16.997457	0	8.9903736	0	0	0	0	0	0	297.846	-5.22782e-13	296.541	1.06351e-08	8.6964e-10	0	7	28545593	28545593
8.991	12.702634	-56.8463	12.5976	0	0	0	86379262	1	0	0	0	296.52551	12.703537	9.964285e-09	8.71573e-10	-1790.667	7.7091023e+08	6.1637095e+08	1.0120819	67.942737	0.32444576	16902	163	200	11978	125	145	4	0	0	16.997457	0	8.9903736	0	0	0	0	0	0	297.846	-5.22782e-13	296.526	9.96117e-09	8.71892e-10	0	11	26759397	26759397
8.9915	12.701919	-56.8495	12.5976	0	0	0	86379265	1	0	0	0	296.51131	12.703537	9.344848e-09	8.738681e-10	-1790.667	7.7091023e+08	6.1804491e+08	1.0121789	70.227808	0.30134784	16823	171	193	11858	130	142	9	0	0	16.997457	0	8.9903736	0	0	0	0	0	0	297.846	-5.22782e-13	296.511	9.32623e-09	8.73396e-10	0	8	25095139	25095139
8.992	12.701199	-56.8526	12.5975	0	0	0	86379267	1	0	0	0	296.49064	12.701037	8.732034e-09	8.726779e-10	-1790.667	7.7091023e+08	6.1725396e+08	1.0122384	72.085627	0.28256	16666	155	192	11936	102	118	4	0	0	16.997457	0	8.9921141	0	0	0	0	0	0	297.846	-5.22782e-13	296.497	8.71859e-09	8.72543e-10	0	7	23448766	23448766
8.9925	12.700484	-56.8558	12.5975	0	0	0	86379270	1	0	0	0	296.46881	12.701037	8.195652e-09	8.716867e-10	-1790.667	7.7091023e+08	6.1660365e+08	1.0119414	71.112479	0.2923248	18216	147	201	13076	150	175	6	0	0	16.997457	0	8.9921141	0	0	0	0	0	0	297.846	-5.22782e-13	296.478	8.18224e-09	8.7166e-10	0	7	22007732	22007732
8.993	12.699764	-56.859	12.5974	0	0	0	86379281	1	0	0	0	296.78943	12.701037	7.759446e-09	8.701839e-10	-1790.667	7.7091023e+08	6.1559131e+08	1.0122662	75.213225	0.25090816	16380	154	178	11866	150	164	7	0	0	16.997457	0	8.9921141	0	0	0	0	0	0	297.846	-5.22782e-13	296.856	7.79208e-09	8.71342e-10	0	10	20835777	20835777
8.9935	12.699044	-56.8621	12.5974	0	0	0	86379283	1	0	0	0	296.76783	12.701037	7.365784e-09	8.724754e-10	-1790.667	7.7091023e+08	6.1726321e+08	1.012265	76.804239	0.23480256	15898	147	166	11503	123	137	2	0	0	16.997457	0	8.9921141	0	0	0	0	0	0	297.846	-5.22782e-13	296.776	7.35686e-09	8.72278e-10	0	9	19778127	19778127
8.994	12.698329	-56.8653	12.5973	0	0	0	86379285	1	0	0	0	296.75356	12.698537	7.048335e-09	8.723866e-10	-1790.667	7.7091023e+08	6.1725122e+08	1.0121741	77.990632	0.22277312	15704	123	146	11407	134	146	2	0	0	16.997457	0	8.9938553	0	0	0	0	0	0	297.846	-5.22782e-13	296.757	7.0571e-09	8.71722e-10	0	10	18925176	18925176
8.9945	12.697609	-56.8684	12.5973	0	0	0	86379287	1	0	0	0	296.73777	12.698537	6.800864e-09	8.726744e-10	-1790.667	7.7091023e+08	6.1750571e+08	1.0122838	78.652312	0.2160992	15689	115	148	11451	146	162	5	0	0	16.997457	0	8.9938553	0	0	0	0	0	0	297.846	-5.22782e-13	296.738	6.80361e-09	8.72186e-10	0	11	18260165	18260165
8.995	12.696894	-56.8716	12.5972	0	0	0	86379289	1	0	0	0	296.72365	12.698537	6.59001e-09	8.716121e-10	-1790.667	7.7091023e+08	6.1680483e+08	1.0118682	79.680452	0.20560704	15289	124	133	11204	120	135	3	0	0	16.997457	0	8.9938553	0	0	0	0	0	0	297.846	-5.22782e-13	296.724	6.59136e-09	8.72042e-10	0	7	17693507	17693507
8.9955	12.696174	-56.8748	12.5972	0	0	0	86379291	1	0	0	0	296.70886	12.696037	6.409916e-09	8.726175e-10	-1790.667	7.7091023e+08	6.1756719e+08	1.0117946	81.006579	0.1921744	14596	107	116	10531	123	138	1	0	0	16.997457	0	8.9955972	0	0	0	0	0	0	297.846	-5.22782e-13	296.709	6.433e-09	8.72319e-10	0	9	17209466	17209466
8.996	12.695459	-56.8779	12.5971	0	0	0	86379293	1	0	0	0	296.69325	12.696037	6.270785e-09	8.742482e-10	-1790.667	7.7091023e+08	6.1877224e+08	1.0118944	81.009275	0.19216608	14896	105	123	10961	112	128	5	0	0	16.997457	0	8.9955972	0	0	0	0	0	0	297.846	-5.22782e-13	296.693	6.27408e-09	8.7306e-10	0	9	16835429	16835429
8.9965	12.694739	-56.8811	12.5971	0	0	0	86379296	1	0	0	0	296.67954	12.696037	6.138571e-09	8.739711e-10	-1790.667	7.7091023e+08	6.1862708e+08	1.0122451	81.137154	0.19093824	14957	109	112	10990	133	151	5	0	0	16.997457	0	8.9955972	0	0	0	0	0	0	297.846	-5.22782e-13	296.68	6.13464e-09	8.7417e-10	0	12	16479984	16479984
8.997	12.694024	-56.8843	12.597	0	0	0	86379298	1	0	0	0	296.6564	12.696037	6.010016e-09	8.775558e-10	-1790.667	7.7091023e+08	6.2121564e+08	1.0122669	81.726843	0.18497312	14275	155	162	9662	129	152	3	0	0	16.997457	0	8.9955972	0	0	0	0	0	0	297.846	-5.22782e-13	296.664	5.9921e-09	8.75911e-10	0	8	16134384	16134384
8.9975	12.693304	-56.8874	12.597	0	0	0	86379300	1	0	0	0	296.64324	12.693537	5.878693e-09	8.773604e-10	-1790.667	7.7091023e+08	6.2112849e+08	1.0118819	82.540382	0.17667072	14327	101	120	10470	136	153	3	0	0	16.997457	0	8.9973398	0	0	0	0	0	0	297.846	-5.22782e-13	296.651	5.88532e-09	8.76859e-10	0	12	15781372	15781372
8.998	12.692589	-56.8906	12.5969	0	0	0	86379302	1	0	0	0	296.6284	12.693537	5.789452e-09	8.750938e-10	-1790.667	7.7091023e+08	6.195749e+08	1.0121642	82.838863	0.17369888	14255	105	103	10677	136	145	2	0	0	16.997457	0	8.9973398	0	0	0	0	0	0	297.846	-5.22782e-13	296.632	5.78535e-09	8.75586e-10	0	14	15541348	15541348
8.9985	12.691874	-56.8937	12.5969	0	0	0	86379304	1	0	0	0	296.61189	12.693537	5.727102e-09	8.766996e-10	-1790.667	7.7091023e+08	6.2076298e+08	1.0118646	83.083144	0.17117568	14224	91	128	10438	147	166	5	0	0	16.997457	0	8.9973398	0	0	0	0	0	0	297.846	-5.22782e-13	296.612	5.72016e-09	8.75858e-10	0	8	15373522	15373522
8.999	12.691154	-56.8969	12.5968	0	0	0	86379306	1	0	0	0	296.59658	12.691037	5.676e-09	8.745147e-10	-1790.667	7.7091023e+08	6.1926696e+08	1.0118141	82.996845	0.17204032	13882	119	115	9740	143	161	4	0	0	16.997457	0	8.9990831	0	0	0	0	0	0	297.846	-5.22782e-13	296.597	5.67818e-09	8.7503e-10	0	6	15235900	15235900
8.9995	12.690439	-56.9001	12.5968	0	0	0	86379308	1	0	0	0	296.58319	12.691037	5.653202e-09	8.758967e-10	-1790.667	7.7091023e+08	6.2029671e+08	1.0118352	83.363235	0.16833664	14006	107	100	10298	148	167	4	0	0	16.997457	0	8.9990831	0	0	0	0	0	0	297.846	-5.22782e-13	296.583	5.6406e-09	8.75498e-10	0	10	15174258	15174258
9	12.689724	-56.9032	12.5967	0	0	0	86379311	1	0	0	0	296.56189	12.691037	5.621811e-09	8.769554e-10	-1790.667	7.7091023e+08	6.2109766e+08	1.0121626	83.241585	0.1696224	14114	97	114	10379	138	150	1	0	0	16.997457	0	8.9990831	0	0	0	0	0	0	297.846	-5.22782e-13	296.569	5.62225e-09	8.75955e-10	0	6	15089556	15089556
9.0005	12.689004	-56.9064	12.5967	0	0	0	86379313	1	0	0	0	296.54742	12.691037	5.633922e-09	8.762342e-10	-1790.667	7.7091023e+08	6.2063803e+08	1.0118509	82.999297	0.17202176	14223	90	99	10431	145	163	6	0	0	16.997457	0	8.9990831	0	0	0	0	0	0	297.846	-5.22782e-13	296.554	5.64244e-09	8.74806e-10	0	8	15121619	15121619
9.001	12.688289	-56.9095	12.5966	0	0	0	86379315	1	0	0	0	296.53209	12.688537	5.653423e-09	8.759216e-10	-1790.667	7.7091023e+08	6.2046776e+08	1.0119517	82.888954	0.17315552	14142	93	118	10384	141	158	2	0	0	16.997457	0	9.0008271	0	0	0	0	0	0	297.846	-5.22782e-13	296.541	5.66839e-09	8.74791e-10	0	6	15173516	15173516
9.0015	12.687574	-56.9127	12.5966	0	0	0	86379317	1	0	0	0	296.51645	12.688537	5.681649e-09	8.746319e-10	-1790.667	7.7091023e+08	6.1960527e+08	1.0120611	82.284959	0.17928704	14484	97	143	10731	121	138	1	0	0	16.997457	0	9.0008271	0	0	0	0	0	0	297.846	-5.22782e-13	296.519	5.69206e-09	8.74701e-10	0	11	15248826	15248826
9.002	12.686854	-56.9159	12.5965	0	0	0	86379319	1	0	0	0	296.502	12.688537	5.708504e-09	8.718786e-10	-1790.667	7.7091023e+08	6.1770571e+08	1.0119677	81.9888	0.18226752	14522	111	122	10702	144	156	1	0	0	16.997457	0	9.0008271	0	0	0	0	0	0	297.846	-5.22782e-13	296.502	5.7237e-09	8.7234e-10	0	11	15320452	15320452
9.0025	12.686139	-56.919	12.5965	0	0	0	86379321	1	0	0	0	296.48808	12.686037	5.754586e-09	8.719425e-10	-1790.667	7.7091023e+08	6.1780192e+08	1.0122192	81.529724	0.18695968	14674	99	141	10758	119	133	6	0	0	16.997457	0	9.0025718	0	0	0	0	0	0	297.846	-5.22782e-13	296.488	5.76743e-09	8.71323e-10	0	7	15443674	15443674
9.003	12.685424	-56.9222	12.5964	0	0	0	86379323	1	0	0	0	296.4722	12.686037	5.834725e-09	8.704113e-10	-1790.667	7.7091023e+08	6.1676787e+08	1.0118803	80.898547	0.19328384	14658	116	143	10434	135	145	2	0	0	16.997457	0	9.0025718	0	0	0	0	0	0	297.846	-5.22782e-13	296.472	5.83604e-09	8.7093e-10	0	14	15658285	15658285
9.0035	12.684704	-56.9254	12.5964	0	0	0	86379326	1	0	0	0	296.45802	12.686037	5.967394e-09	8.719248e-10	-1790.667	7.7091023e+08	6.1789127e+08	1.0121552	80.141259	0.20100128	15153	110	125	11166	150	176	3	0	0	16.997457	0	9.0025718	0	0	0	0	0	0	297.846	-5.22782e-13	296.458	5.98425e-09	8.69928e-10	0	6	16013851	16013851
9.004	12.683989	-56.9285	12.5964	0	0	0	86379328	1	0	0	0	296.43539	12.686037	6.079858e-09	8.725891e-10	-1790.667	7.7091023e+08	6.1841303e+08	1.011889	79.832633	0.20407136	15279	116	132	11147	144	156	6	0	0	16.997457	0	9.0025718	0	0	0	0	0	0	297.846	-5.22782e-13	296.442	6.08422e-09	8.71902e-10	0	9	16315177	16315177
9.0045	12.683274	-56.9317	12.5963	0	0	0	86379330	1	0	0	0	296.42209	12.683537	5.96437e-09	8.735128e-10	-1790.667	7.7091023e+08	6.1911872e+08	1.0122019	78.171312	0.2209504	16263	141	161	11835	159	176	5	0	0	16.997457	0	9.0043171	0	0	0	0	0	0	297.846	-5.22782e-13	296.428	6.19699e-09	8.72649e-10	0	6	16004799	16004799
9.005	12.682559	-56.9348	12.5963	0	0	0	86379341	1	0	0	0	298.1418	12.683537	6.295529e-09	8.793606e-10	-1790.667	7.7091023e+08	6.2331487e+08	1.0122422	79.27794	0.20975744	15259	113	136	11103	106	128	3	0	0	16.997457	0	9.0043171	0	0	0	0	0	0	297.846	-5.22782e-13	298.208	6.29812e-09	8.789e-10	0	15	16892937	16892937
9.0055	12.681844	-56.938	12.5962	0	0	0	86379343	1	0	0	0	298.1269	12.683537	6.372865e-09	8.790622e-10	-1790.667	7.7091023e+08	6.2315476e+08	1.0122819	78.798096	0.21462304	15472	104	166	11160	155	171	0	0	0	16.997457	0	9.0043171	0	0	0	0	0	0	297.846	-5.22782e-13	298.127	6.36466e-09	8.80494e-10	0	5	17099954	17099954
9.006	12.681129	-56.9412	12.5962	0	0	0	86379345	1	0	0	0	298.112	12.681037	6.460432e-09	8.803305e-10	-1790.667	7.7091023e+08	6.2410532e+08	1.0120198	78.286592	0.219744	15590	141	143	11369	133	152	1	0	0	16.997457	0	9.0060632	0	0	0	0	0	0	297.846	-5.22782e-13	298.112	6.47479e-09	8.79204e-10	0	4	17334410	17334410
9.0065	12.680409	-56.9443	12.5961	0	0	0	86379348	1	0	0	0	298.09718	12.681037	6.520903e-09	8.80366e-10	-1790.667	7.7091023e+08	6.2418197e+08	1.0122893	78.301001	0.21965664	15575	129	135	11381	114	133	5	0	0	16.997457	0	9.0060632	0	0	0	0	0	0	297.846	-5.22782e-13	298.097	6.51778e-09	8.79646e-10	0	10	17496152	17496152
9.007	12.679694	-56.9475	12.5961	0	0	0	86379350	1	0	0	0	298.07478	12.681037	6.598526e-09	8.78341e-10	-1790.667	7.7091023e+08	6.2279762e+08	1.0119622	77.485864	0.22783456	15835	122	161	11509	135	150	3	0	0	16.997457	0	9.0060632	0	0	0	0	0	0	297.846	-5.22782e-13	298.08	6.60209e-09	8.79282e-10	0	10	17703904	17703904
9.0075	12.678979	-56.9506	12.596	0	0	0	86379352	1	0	0	0	298.0592	12.681037	6.619626e-09	8.78444e-10	-1790.667	7.7091023e+08	6.2292205e+08	1.0118099	77.592882	0.22671744	15668	121	162	11388	136	146	5	0	0	16.997457	0	9.0060632	0	0	0	0	0	0	297.846	-5.22782e-13	298.066	6.62191e-09	8.77618e-10	0	5	17759996	17759996
9.008	12.678264	-56.9538	12.596	0	0	0	86379354	1	0	0	0	298.04398	12.678537	6.633012e-09	8.779075e-10	-1790.667	7.7091023e+08	6.2259297e+08	1.0117946	77.32191	0.22945568	15749	146	189	11218	134	161	4	0	0	16.997457	0	9.00781	0	0	0	0	0	0	297.846	-5.22782e-13	298.048	6.65236e-09	8.78515e-10	0	10	17795390	17795390
9.0085	12.677549	-56.957	12.5959	0	0	0	86379356	1	0	0	0	298.03116	12.678537	6.667417e-09	8.778898e-10	-1790.667	7.7091023e+08	6.226318e+08	1.0118582	77.156927	0.23113952	15780	143	178	11429	111	122	7	0	0	16.997457	0	9.00781	0	0	0	0	0	0	297.846	-5.22782e-13	298.031	6.69157e-09	8.77787e-10	0	15	17887170	17887170
9.009	12.676834	-56.9601	12.5959	0	0	0	86379358	1	0	0	0	298.01482	12.678537	6.620205e-09	8.767387e-10	-1790.667	7.7091023e+08	6.2186671e+08	1.012137	76.982435	0.23296928	15964	139	160	11494	143	155	4	0	0	16.997457	0	9.00781	0	0	0	0	0	0	297.846	-5.22782e-13	298.015	6.63351e-09	8.76319e-10	0	9	17759992	17759992
9.0095	12.676119	-56.9633	12.5958	0	0	0	86379360	1	0	0	0	298.00109	12.676037	6.608854e-09	8.750511e-10	-1790.667	7.7091023e+08	6.2072093e+08	1.0120358	76.680288	0.23600384	15675	178	201	10721	133	151	3	0	0	16.997457	0	9.0095574	0	0	0	0	0	0	297.846	-5.22782e-13	298.001	6.61381e-09	8.74839e-10	0	10	17729023	17729023
9.01	12.675404	-56.9664	12.5958	0	0	0	86379363	1	0	0	0	297.97822	12.676037	6.523543e-09	8.734524e-10	-1790.667	7.7091023e+08	6.1963802e+08	1.0121917	76.711257	0.23572672	16025	143	149	11670	135	154	4	0	0	16.997457	0	9.0095574	0	0	0	0	0	0	297.846	-5.22782e-13	297.986	6.52748e-09	8.73921e-10	0	6	17499656	17499656
9.0105	12.674689	-56.9696	12.5957	0	0	0	86379365	1	0	0	0	297.96653	12.676037	6.440018e-09	8.740919e-10	-1790.667	7.7091023e+08	6.2014287e+08	1.0122339	76.525047	0.23762144	16142	136	170	11793	111	129	5	0	0	16.997457	0	9.0095574	0	0	0	0	0	0	297.846	-5.22782e-13	297.972	6.45086e-09	8.73785e-10	0	6	17275092	17275092
9.011	12.673974	-56.9728	12.5957	0	0	0	86379367	1	0	0	0	297.94997	12.676037	6.406562e-09	8.758114e-10	-1790.667	7.7091023e+08	6.214141e+08	1.0120125	77.030513	0.23245408	15922	137	130	11444	133	147	0	0	0	16.997457	0	9.0095574	0	0	0	0	0	0	297.846	-5.22782e-13	297.954	6.41459e-09	8.75549e-10	0	14	17184847	17184847
9.0115	12.673259	-56.9759	12.5956	0	0	0	86379369	1	0	0	0	297.93398	12.673537	6.363962e-09	8.772965e-10	-1790.667	7.7091023e+08	6.2251921e+08	1.012153	77.041889	0.2323712	15791	119	179	11351	134	148	4	0	0	16.997457	0	9.0113056	0	0	0	0	0	0	297.846	-5.22782e-13	297.934	6.36878e-09	8.76081e-10	0	15	17070079	17070079
9.012	12.672544	-56.9791	12.5956	0	0	0	86379371	1	0	0	0	297.92009	12.673537	6.367181e-09	8.784014e-10	-1790.667	7.7091023e+08	6.2335469e+08	1.0118294	76.717625	0.23557792	16021	129	127	11627	136	147	1	0	0	16.997457	0	9.0113056	0	0	0	0	0	0	297.846	-5.22782e-13	297.92	6.36962e-09	8.79274e-10	0	11	17078215	17078215
9.0125	12.671829	-56.9823	12.5955	0	0	0	86379373	1	0	0	0	297.90386	12.673537	6.325919e-09	8.805863e-10	-1790.667	7.7091023e+08	6.2495679e+08	1.0122262	77.511336	0.22763616	15770	138	141	11426	150	165	1	0	0	16.997457	0	9.0113056	0	0	0	0	0	0	297.846	-5.22782e-13	297.904	6.3306e-09	8.80601e-10	0	9	16967047	16967047
9.013	12.671114	-56.9854	12.5955	0	0	0	86379376	1	0	0	0	297.88348	12.671037	6.311467e-09	8.82352e-10	-1790.667	7.7091023e+08	6.2626162e+08	1.0120224	77.060745	0.2321504	15954	126	150	11563	128	149	5	0	0	16.997457	0	9.0130544	0	0	0	0	0	0	297.846	-5.22782e-13	297.89	6.32101e-09	8.83459e-10	0	12	16927791	16927791
9.0135	12.670399	-56.9886	12.5954	0	0	0	86379378	1	0	0	0	297.87037	12.671037	6.327184e-09	8.819718e-10	-1790.667	7.7091023e+08	6.2604346e+08	1.0118934	76.867762	0.2340736	15974	132	141	11587	128	141	1	0	0	16.997457	0	9.0130544	0	0	0	0	0	0	297.846	-5.22782e-13	297.877	6.34499e-09	8.81773e-10	0	13	16969450	16969450
9.014	12.669684	-56.9917	12.5954	0	0	0	86379380	1	0	0	0	297.8538	12.671037	6.31805e-09	8.816521e-10	-1790.667	7.7091023e+08	6.2586821e+08	1.0118349	77.347197	0.22920896	15850	140	150	11301	161	175	4	0	0	16.997457	0	9.0130544	0	0	0	0	0	0	297.846	-5.22782e-13	297.858	6.32755e-09	8.8176e-10	0	12	16944459	16944459
9.0145	12.668969	-56.9949	12.5953	0	0	0	86379382	1	0	0	0	297.83982	12.671037	6.281805e-09	8.818724e-10	-1790.667	7.7091023e+08	6.2607629e+08	1.0121741	77.213343	0.23064064	15887	129	158	11298	125	151	6	0	0	16.997457	0	9.0130544	0	0	0	0	0	0	297.846	-5.22782e-13	297.84	6.29816e-09	8.80661e-10	0	5	16846763	16846763
9.015	12.668254	-56.9981	12.5953	0	0	0	86379384	1	0	0	0	297.82396	12.668537	6.258688e-09	8.815739e-10	-1790.667	7.7091023e+08	6.2591607e+08	1.0118566	77.145158	0.23125824	15927	121	156	11553	139	149	1	0	0	16.997457	0	9.0148039	0	0	0	0	0	0	297.846	-5.22782e-13	297.824	6.27958e-09	8.80927e-10	0	10	16784278	16784278
9.0155	12.667544	-57.0012	12.5952	0	0	0	86379386	1	0	0	0	297.81037	12.668537	6.280697e-09	8.805401e-10	-1790.667	7.7091023e+08	6.2523371e+08	1.0122378	76.876737	0.2340624	16025	135	160	11498	137	151	4	0	0	16.997457	0	9.0148039	0	0	0	0	0	0	297.846	-5.22782e-13	297.81	6.27953e-09	8.80724e-10	0	10	16842810	16842810
9.016	12.666829	-57.0044	12.5952	0	0	0	86379389	1	0	0	0	297.78817	12.668537	6.292211e-09	8.808563e-10	-1790.667	7.7091023e+08	6.2550989e+08	1.0122512	77.040355	0.23240928	15879	127	175	11503	148	166	1	0	0	16.997457	0	9.0148039	0	0	0	0	0	0	297.846	-5.22782e-13	297.795	6.30223e-09	8.80652e-10	0	9	16873196	16873196
9.0165	12.666114	-57.0075	12.5952	0	0	0	86379391	1	0	0	0	297.77388	12.666037	6.278963e-09	8.809558e-10	-1790.667	7.7091023e+08	6.2563222e+08	1.0056246	77.231743	0.2289632	15729	142	171	11234	134	148	2	0	0	16.997457	0	9.0165542	0	0	0	0	0	0	297.846	-5.22782e-13	297.779	6.29999e-09	8.80618e-10	0	12	16837180	16837180
9.017	12.665399	-57.0107	12.5951	0	0	0	86379393	1	0	0	0	297.75803	12.666037	6.27718e-09	8.812613e-10	-1790.667	7.7091023e+08	6.2590088e+08	1.0118765	76.914115	0.23360064	15868	130	184	11427	124	138	1	0	0	16.997457	0	9.0165542	0	0	0	0	0	0	297.846	-5.22782e-13	297.762	6.29279e-09	8.80868e-10	0	10	16831909	16831909
9.0175	12.664684	-57.0139	12.5951	0	0	0	86379395	1	0	0	0	297.74417	12.666037	6.262617e-09	8.813927e-10	-1790.667	7.7091023e+08	6.2604592e+08	1.0120352	76.71066	0.23569632	16027	133	147	11761	119	130	3	0	0	16.997457	0	9.0165542	0	0	0	0	0	0	297.846	-5.22782e-13	297.744	6.27544e-09	8.81062e-10	0	7	16792371	16792371
9.018	12.663974	-57.017	12.595	0	0	0	86379397	1	0	0	0	297.72811	12.666037	6.246953e-09	8.808598e-10	-1790.667	7.7091023e+08	6.257191e+08	1.0122326	76.546388	0.23740512	16108	143	162	11642	139	156	3	0	0	16.997457	0	9.0165542	0	0	0	0	0	0	297.846	-5.22782e-13	297.728	6.2538e-09	8.81112e-10	0	13	16749883	16749883
9.0185	12.663259	-57.0202	12.595	0	0	0	86379400	1	0	0	0	297.71371	12.663537	6.192579e-09	8.822703e-10	-1790.667	7.7091023e+08	6.2677283e+08	1.0118643	76.662199	0.23614688	15882	131	151	11559	133	158	4	0	0	16.997457	0	9.0183051	0	0	0	0	0	0	297.846	-5.22782e-13	297.714	6.21411e-09	8.81785e-10	0	6	16603608	16603608
