# Scan number: 42
# Command: ascan monoE 5.703 5.803 200 2
# Date: Wed Jul 24 09:12:46 2024
# date: Wed Jul 24 09:12:46 2024
# C Wed Jul 24 09: 24:10 2024.  Scan aborted after 179 points.
monoE	monobr	cr2latr	cr2vetr	H	K	L	Epoch	sec	no1	no2	izero	RCur	enc_det	K1_1	K1_2	"Counter 8"	"Counter 9"	ionch1	mcaRt	mcaDt	mcaLt	mca	roi1	roi2	roi3	roi4	roi5	roi6	ctm	ctran	LST1	LST2	E_det	mcaLt1	mcaLt2	mcaLt3	mcaLt4	mcaLt5	mcaLt6	mcaLt7	mcaLt8	AS_RC	AS_DM	AS_IC	AS_IC1	cyber	diode1	diode1
5.703	20.283579	-36.0578	13.1894	0	0	0	86375050	2	0	0	0	296.63701	20.284865	4.122345e-09	1.052761e-09	-1790.667	7.7091023e+08	5.3688055e+08	2.0118045	4.1820684	1.9276694	1660	12	914	456	26	36	0	0	0	16.997457	0	5.7026535	0	0	0	0	0	0	297.846	-5.22782e-13	296.641	4.13074e-09	1.0549e-09	0	17	15547741	15547741
5.7035	20.281719	-36.0609	13.1892	0	0	0	86375054	2	0	0	0	296.60592	20.282365	4.102617e-09	1.05597e-09	-1790.667	7.7091023e+08	5.3851892e+08	2.0118688	4.8945219	1.9133974	1661	16	965	394	27	36	0	0	0	16.997457	0	5.7033268	0	0	0	0	0	0	297.846	-5.22782e-13	296.618	4.09196e-09	1.05524e-09	0	24	15472260	15472260
5.704	20.279864	-36.0641	13.1891	0	0	0	86375058	2	0	0	0	296.57611	20.282365	4.298375e-09	1.055238e-09	-1790.667	7.7091023e+08	5.3814748e+08	2.0122237	4.7480209	1.9166829	1702	12	938	447	19	37	0	0	0	16.997457	0	5.7033268	0	0	0	0	0	0	297.846	-5.22782e-13	296.587	4.2477e-09	1.0554e-09	0	17	16209399	16209399
5.7045	20.278009	-36.0673	13.1889	0	0	0	86375061	2	0	0	0	296.55524	20.279865	4.267736e-09	1.056462e-09	-1790.667	7.7091023e+08	5.3877357e+08	2.0119024	4.3201619	1.924985	1696	19	966	418	19	33	0	0	0	16.997457	0	5.7040003	0	0	0	0	0	0	297.846	-5.22782e-13	296.559	4.25576e-09	1.05611e-09	0	16	16092740	16092740
5.705	20.276154	-36.0704	13.1887	0	0	0	86375065	2	0	0	0	296.52501	20.277365	4.368406e-09	1.057241e-09	-1790.667	7.7091023e+08	5.3917274e+08	2.0120912	4.8310176	1.9148867	1735	18	977	458	28	39	1	0	0	16.997457	0	5.7046739	0	0	0	0	0	0	297.846	-5.22782e-13	296.533	4.32113e-09	1.05644e-09	0	16	16471201	16471201
5.7055	20.274299	-36.0736	13.1886	0	0	0	86375069	2	0	0	0	296.49425	20.274865	4.440388e-09	1.057257e-09	-1790.667	7.7091023e+08	5.3918279e+08	2.0119827	4.9165432	1.9130627	1673	13	935	450	24	34	0	0	0	16.997457	0	5.7053477	0	0	0	0	0	0	297.846	-5.22782e-13	296.505	4.41464e-09	1.05687e-09	0	14	16741448	16741448
5.706	20.272444	-36.0767	13.1884	0	0	0	86375073	2	0	0	0	296.46615	20.274865	4.480075e-09	1.056211e-09	-1790.667	7.7091023e+08	5.3865126e+08	2.0122016	4.7112417	1.9174019	1692	18	917	463	21	30	0	0	0	16.997457	0	5.7053477	0	0	0	0	0	0	297.846	-5.22782e-13	296.477	4.44993e-09	1.0574e-09	0	13	16889905	16889905
5.7065	20.270589	-36.0799	13.1882	0	0	0	86375076	2	0	0	0	296.44408	20.272365	4.530008e-09	1.057094e-09	-1790.667	7.7091023e+08	5.3910349e+08	2.0119203	4.5660814	1.9200544	1709	9	951	456	21	28	0	0	0	16.997457	0	5.7060217	0	0	0	0	0	0	297.846	-5.22782e-13	296.447	4.52804e-09	1.05727e-09	0	15	17076966	17076966
5.707	20.268734	-36.0831	13.188	0	0	0	86375080	2	0	0	0	296.41437	20.269865	4.48447e-09	1.015703e-09	-1790.667	7.7091023e+08	5.1799649e+08	2.0122048	4.4261737	1.9231411	1671	13	914	445	32	45	0	0	0	16.997457	0	5.7066958	0	0	0	0	0	0	297.846	-5.22782e-13	296.418	4.49882e-09	1.05671e-09	0	19	16904125	16904125
5.7075	20.266884	-36.0862	13.1879	0	0	0	86375084	2	0	0	0	296.75155	20.267365	4.70633e-09	1.060222e-09	-1790.667	7.7091023e+08	5.407026e+08	2.012199	4.3677906	1.9243104	1849	23	1039	465	35	48	0	0	0	16.997457	0	5.7073701	0	0	0	0	0	0	297.846	-5.22782e-13	296.762	4.6625e-09	1.05967e-09	0	14	17739190	17739190
5.708	20.265029	-36.0894	13.1877	0	0	0	86375088	2	0	0	0	296.72159	20.267365	4.701882e-09	1.060375e-09	-1790.667	7.7091023e+08	5.4078257e+08	2.0122365	4.6961001	1.9177398	1720	24	976	447	18	33	0	0	0	16.997457	0	5.7073701	0	0	0	0	0	0	297.846	-5.22782e-13	296.733	4.6863e-09	1.05977e-09	0	15	17721194	17721194
5.7085	20.263179	-36.0926	13.1875	0	0	0	86375091	2	0	0	0	296.69863	20.264865	4.718686e-09	1.059925e-09	-1790.667	7.7091023e+08	5.4055504e+08	2.0118701	4.7405049	1.9164973	1730	16	908	526	20	31	0	0	0	16.997457	0	5.7080446	0	0	0	0	0	0	297.846	-5.22782e-13	296.702	4.7136e-09	1.06012e-09	0	22	17783292	17783292
5.709	20.261324	-36.0957	13.1874	0	0	0	86375095	2	0	0	0	296.66967	20.262365	4.765827e-09	1.060327e-09	-1790.667	7.7091023e+08	5.4076202e+08	2.0117805	4.8672507	1.9138621	1769	17	941	513	25	33	0	0	0	16.997457	0	5.7087193	0	0	0	0	0	0	297.846	-5.22782e-13	296.674	4.74034e-09	1.05904e-09	0	19	17959705	17959705
5.7095	20.259474	-36.0989	13.1872	0	0	0	86375099	2	0	0	0	296.63769	20.259865	4.953865e-09	1.059842e-09	-1790.667	7.7091023e+08	5.4051665e+08	2.0121552	4.2126532	1.9273901	1792	24	968	492	15	33	0	0	0	16.997457	0	5.7093941	0	0	0	0	0	0	297.846	-5.22782e-13	296.65	4.92282e-09	1.05986e-09	0	15	18667018	18667018
5.71	20.257619	-36.102	13.187	0	0	0	86375103	2	0	0	0	296.61612	20.259865	5.109374e-09	1.062059e-09	-1790.667	7.7091023e+08	5.416493e+08	2.0122778	4.6928074	1.9178454	1883	21	1033	488	25	37	0	0	0	16.997457	0	5.7093941	0	0	0	0	0	0	297.846	-5.22782e-13	296.619	5.07146e-09	1.06178e-09	0	15	19251665	19251665
5.7105	20.255769	-36.1052	13.1868	0	0	0	86375106	2	0	0	0	296.58788	20.257365	5.162608e-09	1.060346e-09	-1790.667	7.7091023e+08	5.4077767e+08	2.005296	4.677119	1.9115059	1894	17	1001	530	27	42	0	0	0	16.997457	0	5.7100691	0	0	0	0	0	0	297.846	-5.22782e-13	296.592	5.16313e-09	1.06154e-09	0	21	19450896	19450896
5.711	20.253919	-36.1084	13.1867	0	0	0	86375110	2	0	0	0	296.55809	20.254865	5.239837e-09	1.061657e-09	-1790.667	7.7091023e+08	5.4144828e+08	2.011848	4.9525173	1.9122109	1855	19	995	526	24	35	0	0	0	16.997457	0	5.7107442	0	0	0	0	0	0	297.846	-5.22782e-13	296.565	5.22088e-09	1.06087e-09	0	12	19740497	19740497
5.7115	20.252069	-36.1115	13.1865	0	0	0	86375114	2	0	0	0	296.52601	20.254865	5.361219e-09	1.062418e-09	-1790.667	7.7091023e+08	5.4183841e+08	2.0121626	4.9676464	1.9122054	1821	21	918	537	20	39	0	0	0	16.997457	0	5.7107442	0	0	0	0	0	0	297.846	-5.22782e-13	296.539	5.35154e-09	1.06129e-09	0	22	20196388	20196388
5.712	20.250214	-36.1147	13.1863	0	0	0	86375118	2	0	0	0	296.50517	20.252365	5.616954e-09	1.061956e-09	-1790.667	7.7091023e+08	5.4160482e+08	2.011833	5.3055697	1.9050938	1804	23	902	573	21	32	1	0	0	16.997457	0	5.7114196	0	0	0	0	0	0	297.846	-5.22782e-13	296.508	5.58466e-09	1.06207e-09	0	17	21158305	21158305
5.7125	20.248364	-36.1178	13.1862	0	0	0	86375121	2	0	0	0	296.47746	20.249865	5.82417e-09	1.06078e-09	-1790.667	7.7091023e+08	5.4100708e+08	2.0119568	5.2809086	1.9057072	1933	18	979	591	38	49	0	0	0	16.997457	0	5.7120951	0	0	0	0	0	0	297.846	-5.22782e-13	296.48	5.8143e-09	1.06042e-09	0	19	21937336	21937336
5.713	20.246514	-36.121	13.186	0	0	0	86375125	2	0	0	0	296.4461	20.247365	5.867463e-09	1.061258e-09	-1790.667	7.7091023e+08	5.4125291e+08	2.0119869	4.9602073	1.9121882	1948	16	969	586	31	49	0	0	0	16.997457	0	5.7127708	0	0	0	0	0	0	297.846	-5.22782e-13	296.453	5.84345e-09	1.06192e-09	0	16	22098870	22098870
5.7135	20.244669	-36.1242	13.1858	0	0	0	86375129	2	0	0	0	296.41521	20.247365	6.012581e-09	1.060712e-09	-1790.667	7.7091023e+08	5.4097649e+08	2.0119446	4.8999201	1.913361	1921	17	960	593	34	46	0	0	0	16.997457	0	5.7127708	0	0	0	0	0	0	297.846	-5.22782e-13	296.427	5.98456e-09	1.06148e-09	0	18	22643862	22643862
5.714	20.242819	-36.1273	13.1856	0	0	0	86375132	2	0	0	0	296.73075	20.244865	6.172172e-09	1.06192e-09	-1790.667	7.7091023e+08	5.4159465e+08	2.0120678	5.8299108	1.8947661	1971	28	962	603	24	42	0	0	0	16.997457	0	5.7134466	0	0	0	0	0	0	297.846	-5.22782e-13	296.734	6.14603e-09	1.06282e-09	0	18	23243281	23243281
5.7145	20.240969	-36.1305	13.1855	0	0	0	86375136	2	0	0	0	296.70008	20.242365	6.240274e-09	1.060087e-09	-1790.667	7.7091023e+08	5.4066186e+08	2.0120906	5.2317009	1.906824	1995	31	972	613	34	51	0	0	0	16.997457	0	5.7141226	0	0	0	0	0	0	297.846	-5.22782e-13	296.704	6.21244e-09	1.06204e-09	0	19	23498110	23498110
5.715	20.239119	-36.1336	13.1853	0	0	0	86375140	2	0	0	0	296.67163	20.239865	6.418478e-09	1.061126e-09	-1790.667	7.7091023e+08	5.4119384e+08	2.0119466	4.214601	1.927151	2014	30	1004	617	22	40	0	0	0	16.997457	0	5.7147988	0	0	0	0	0	0	297.846	-5.22782e-13	296.679	6.37082e-09	1.06176e-09	0	17	24167470	24167470
5.7155	20.237274	-36.1368	13.1851	0	0	0	86375144	2	0	0	0	296.64127	20.239865	6.518508e-09	1.062913e-09	-1790.667	7.7091023e+08	5.4210734e+08	2.0122058	5.7429674	1.8966454	2031	29	982	632	36	58	1	0	0	16.997457	0	5.7147988	0	0	0	0	0	0	297.846	-5.22782e-13	296.653	6.47386e-09	1.06161e-09	0	19	24542409	24542409
5.716	20.235424	-36.14	13.185	0	0	0	86375147	2	0	0	0	296.6193	20.237365	6.547847e-09	1.059698e-09	-1790.667	7.7091023e+08	5.4046972e+08	2.0120512	5.0717119	1.9100058	1963	38	944	628	32	48	1	0	0	16.997457	0	5.7154752	0	0	0	0	0	0	297.846	-5.22782e-13	296.622	6.53605e-09	1.06111e-09	0	16	24651161	24651161
5.7165	20.233579	-36.1431	13.1848	0	0	0	86375151	2	0	0	0	296.59003	20.234865	6.483376e-09	1.060927e-09	-1790.667	7.7091023e+08	5.4109864e+08	2.011864	4.8099315	1.9150947	2035	34	977	633	32	52	0	0	0	16.997457	0	5.7161517	0	0	0	0	0	0	297.846	-5.22782e-13	296.593	6.46955e-09	1.06275e-09	0	18	24406748	24406748
5.717	20.231729	-36.1463	13.1846	0	0	0	86375155	2	0	0	0	296.55882	20.232365	6.507172e-09	1.061695e-09	-1790.667	7.7091023e+08	5.4149245e+08	2.0118304	4.3103116	1.9251142	2005	35	937	660	28	41	0	0	0	16.997457	0	5.7168284	0	0	0	0	0	0	297.846	-5.22782e-13	296.57	6.48836e-09	1.06158e-09	0	22	24494629	24494629
5.7175	20.229884	-36.1495	13.1845	0	0	0	86375159	2	0	0	0	296.52831	20.232365	6.303171e-09	1.065057e-09	-1790.667	7.7091023e+08	5.4320929e+08	2.0119178	5.0758973	1.9097949	2012	36	947	626	36	51	0	0	0	16.997457	0	5.7168284	0	0	0	0	0	0	297.846	-5.22782e-13	296.539	6.28489e-09	1.06407e-09	0	19	23725072	23725072
5.718	20.228039	-36.1526	13.1843	0	0	0	86375162	2	0	0	0	296.50651	20.229865	6.399901e-09	1.064071e-09	-1790.667	7.7091023e+08	5.4270854e+08	2.0120205	5.0862305	1.9096845	2002	49	974	606	26	49	1	0	0	16.997457	0	5.7175053	0	0	0	0	0	0	297.846	-5.22782e-13	296.51	6.34036e-09	1.06391e-09	0	13	24087492	24087492
5.7185	20.226189	-36.1558	13.1841	0	0	0	86375166	2	0	0	0	296.47561	20.227365	6.475329e-09	1.065565e-09	-1790.667	7.7091023e+08	5.4347268e+08	2.011864	4.9340592	1.9125974	2063	31	990	631	23	35	0	0	0	16.997457	0	5.7181823	0	0	0	0	0	0	297.846	-5.22782e-13	296.479	6.4613e-09	1.06498e-09	0	18	24369692	24369692
5.719	20.224344	-36.1589	13.1839	0	0	0	86375170	2	0	0	0	296.44542	20.224865	6.260883e-09	1.065924e-09	-1790.667	7.7091023e+08	5.4365794e+08	2.012135	5.2614838	1.9062669	2072	62	965	644	44	63	0	0	0	16.997457	0	5.7188595	0	0	0	0	0	0	297.846	-5.22782e-13	296.454	6.3689e-09	1.06629e-09	0	16	23560996	23560996
5.7195	20.222499	-36.1621	13.1838	0	0	0	86375174	2	0	0	0	296.79039	20.224865	6.43135e-09	1.068985e-09	-1790.667	7.7091023e+08	5.4522133e+08	2.0118298	4.700008	1.9172736	2101	56	990	646	37	51	1	0	0	16.997457	0	5.7188595	0	0	0	0	0	0	297.846	-5.22782e-13	296.801	6.40099e-09	1.06677e-09	0	13	24200820	24200820
5.72	20.220654	-36.1653	13.1836	0	0	0	86375177	2	0	0	0	296.76844	20.222365	6.290318e-09	1.068869e-09	-1790.667	7.7091023e+08	5.4516435e+08	2.0119046	5.214609	1.9069917	2101	68	1028	638	30	53	0	0	0	16.997457	0	5.7195369	0	0	0	0	0	0	297.846	-5.22782e-13	296.771	6.29111e-09	1.06808e-09	0	22	23668483	23668483
5.7205	20.218809	-36.1684	13.1834	0	0	0	86375181	2	0	0	0	296.73735	20.219865	6.33905e-09	1.067672e-09	-1790.667	7.7091023e+08	5.4455603e+08	2.0118061	5.1663508	1.9078691	2103	59	985	625	35	52	0	0	0	16.997457	0	5.7202145	0	0	0	0	0	0	297.846	-5.22782e-13	296.741	6.31808e-09	1.06896e-09	0	10	23850192	23850192
5.721	20.216969	-36.1716	13.1833	0	0	0	86375185	2	0	0	0	296.70768	20.217365	6.52587e-09	1.06877e-09	-1790.667	7.7091023e+08	5.4511826e+08	2.011896	4.7065017	1.9172061	2120	72	987	652	33	51	0	0	0	16.997457	0	5.7208922	0	0	0	0	0	0	297.846	-5.22782e-13	296.719	6.50065e-09	1.06846e-09	0	21	24551385	24551385
5.7215	20.215124	-36.1747	13.1831	0	0	0	86375189	2	0	0	0	296.67816	20.217365	6.56755e-09	1.068262e-09	-1790.667	7.7091023e+08	5.4486137e+08	2.0122838	5.0727953	1.9102048	2130	64	1008	663	37	62	0	0	0	16.997457	0	5.7208922	0	0	0	0	0	0	297.846	-5.22782e-13	296.687	6.56807e-09	1.06862e-09	0	20	24706478	24706478
5.722	20.213279	-36.1779	13.1829	0	0	0	86375192	2	0	0	0	296.65476	20.214865	6.623942e-09	1.069512e-09	-1790.667	7.7091023e+08	5.4550115e+08	2.0118579	5.0327371	1.9106064	2158	82	969	675	40	61	0	0	0	16.997457	0	5.7215701	0	0	0	0	0	0	297.846	-5.22782e-13	296.659	6.57471e-09	1.07028e-09	0	22	24916892	24916892
5.7225	20.211434	-36.1811	13.1828	0	0	0	86375196	2	0	0	0	296.62633	20.212365	6.646705e-09	1.065819e-09	-1790.667	7.7091023e+08	5.4361977e+08	2.011855	4.9203227	1.9128653	2131	79	1016	621	29	49	0	0	0	16.997457	0	5.7222482	0	0	0	0	0	0	297.846	-5.22782e-13	296.631	6.61778e-09	1.06945e-09	0	21	25000784	25000784
5.723	20.209594	-36.1842	13.1826	0	0	0	86375200	2	0	0	0	296.59576	20.212365	6.712032e-09	1.069836e-09	-1790.667	7.7091023e+08	5.4567088e+08	2.0122013	4.698695	1.9176541	2122	80	968	667	38	55	0	0	0	16.997457	0	5.7222482	0	0	0	0	0	0	297.846	-5.22782e-13	296.608	6.66478e-09	1.06981e-09	0	20	25244753	25244753
5.7235	20.207749	-36.1874	13.1824	0	0	0	86375204	2	0	0	0	296.57331	20.209865	6.81278e-09	1.071179e-09	-1790.667	7.7091023e+08	5.4635813e+08	2.0120621	5.002947	1.9113997	2171	74	1004	666	34	49	3	0	0	16.997457	0	5.7229264	0	0	0	0	0	0	297.846	-5.22782e-13	296.578	6.76254e-09	1.06973e-09	0	23	25621902	25621902
5.724	20.205909	-36.1906	13.1822	0	0	0	86375207	2	0	0	0	296.5423	20.207365	6.864187e-09	1.067967e-09	-1790.667	7.7091023e+08	5.447221e+08	2.012184	4.702393	1.9175632	2254	109	1010	693	33	54	1	0	0	16.997457	0	5.7236049	0	0	0	0	0	0	297.846	-5.22782e-13	296.547	6.84895e-09	1.07017e-09	0	20	25813447	25813447
5.7245	20.204069	-36.1937	13.1821	0	0	0	86375211	2	0	0	0	296.5116	20.204865	6.783768e-09	1.068662e-09	-1790.667	7.7091023e+08	5.4507885e+08	2.0121456	5.5888918	1.899689	2205	125	1014	680	24	42	1	0	0	16.997457	0	5.7242834	0	0	0	0	0	0	297.846	-5.22782e-13	296.516	6.74807e-09	1.06874e-09	0	16	25509255	25509255
5.725	20.202224	-36.1969	13.1819	0	0	0	86375215	2	0	0	0	296.48379	20.204865	6.854656e-09	1.070093e-09	-1790.667	7.7091023e+08	5.4581102e+08	2.0118774	4.7438755	1.9164365	2340	151	1101	680	28	44	0	0	0	16.997457	0	5.7242834	0	0	0	0	0	0	297.846	-5.22782e-13	296.494	6.81171e-09	1.06882e-09	0	19	25774031	25774031
5.7255	20.200384	-36.2	13.1817	0	0	0	86375218	2	0	0	0	296.46056	20.202365	7.02849e-09	1.069358e-09	-1790.667	7.7091023e+08	5.4543842e+08	2.0121059	4.8501622	1.9145155	2408	169	1081	697	42	58	2	0	0	16.997457	0	5.7249622	0	0	0	0	0	0	297.846	-5.22782e-13	296.464	7.00193e-09	1.06976e-09	0	19	26425828	26425828
5.726	20.198544	-36.2032	13.1816	0	0	0	86375222	2	0	0	0	298.32108	20.199865	7.410446e-09	1.070417e-09	-1790.667	7.7091023e+08	5.4598087e+08	2.0118832	5.3324447	1.9046006	2433	195	1087	695	38	64	0	0	0	16.997457	0	5.7256411	0	0	0	0	0	0	297.846	-5.22782e-13	298.326	7.29142e-09	1.06624e-09	0	10	27859981	27859981
5.7265	20.196704	-36.2064	13.1814	0	0	0	86375226	2	0	0	0	298.29161	20.197365	7.496904e-09	1.075254e-09	-1790.667	7.7091023e+08	5.4845037e+08	2.011872	5.4241542	1.902745	2550	237	1113	726	41	61	0	0	0	16.997457	0	5.7263202	0	0	0	0	0	0	297.846	-5.22782e-13	298.299	7.48934e-09	1.07578e-09	0	16	28183071	28183071
5.727	20.194864	-36.2095	13.1812	0	0	0	86375230	2	0	0	0	298.26086	20.197365	7.487845e-09	1.076581e-09	-1790.667	7.7091023e+08	5.4912955e+08	2.0121622	5.3745328	1.9040179	2554	260	1126	744	37	62	1	0	0	16.997457	0	5.7263202	0	0	0	0	0	0	297.846	-5.22782e-13	298.265	7.45215e-09	1.07646e-09	0	19	28147065	28147065
5.7275	20.193024	-36.2127	13.1811	0	0	0	86375234	2	0	0	0	298.23136	20.194865	7.571021e-09	1.078545e-09	-1790.667	7.7091023e+08	5.5013367e+08	2.0122854	5.8143322	1.8952845	2653	282	1106	813	40	57	0	0	0	16.997457	0	5.7269995	0	0	0	0	0	0	297.846	-5.22782e-13	298.242	7.59205e-09	1.07798e-09	0	19	28457754	28457754
5.728	20.191184	-36.2158	13.1809	0	0	0	86375238	2	0	0	0	298.20757	20.192365	7.5147e-09	1.076915e-09	-1790.667	7.7091023e+08	5.4930461e+08	2.0120054	5.8340995	1.894623	2723	313	1144	780	47	67	0	0	0	16.997457	0	5.727679	0	0	0	0	0	0	297.846	-5.22782e-13	298.211	7.57622e-09	1.07707e-09	0	17	28244099	28244099
5.7285	20.189344	-36.219	13.1807	0	0	0	86375241	2	0	0	0	298.17746	20.189865	7.459068e-09	1.073712e-09	-1790.667	7.7091023e+08	5.476732e+08	2.0122192	5.3520372	1.9045245	2568	318	1127	730	37	49	0	0	0	16.997457	0	5.7283586	0	0	0	0	0	0	297.846	-5.22782e-13	298.181	7.42822e-09	1.07647e-09	0	26	28033063	28033063
5.729	20.187504	-36.2222	13.1806	0	0	0	86375245	2	0	0	0	298.14703	20.189865	7.571135e-09	1.07624e-09	-1790.667	7.7091023e+08	5.4896503e+08	2.0118442	5.1580297	1.9080726	2787	343	1185	779	38	56	1	0	0	16.997457	0	5.7283586	0	0	0	0	0	0	297.846	-5.22782e-13	298.151	7.5274e-09	1.07502e-09	0	15	28452267	28452267
5.7295	20.185669	-36.2253	13.1804	0	0	0	86375249	2	0	0	0	298.11687	20.187365	7.505896e-09	1.073099e-09	-1790.667	7.7091023e+08	5.4736525e+08	2.0120032	5.1943456	1.9074928	2784	325	1179	809	38	64	2	0	0	16.997457	0	5.7290384	0	0	0	0	0	0	297.846	-5.22782e-13	298.129	7.50013e-09	1.07618e-09	0	13	28205145	28205145
5.73	20.183829	-36.2285	13.1802	0	0	0	86375253	2	0	0	0	298.08721	20.184865	7.534151e-09	1.078128e-09	-1790.667	7.7091023e+08	5.4993283e+08	2.0121085	5.9259787	1.8928714	2794	372	1195	779	29	53	0	0	0	16.997457	0	5.7297183	0	0	0	0	0	0	297.846	-5.22782e-13	298.099	7.48705e-09	1.07712e-09	0	19	28309359	28309359
5.7305	20.181989	-36.2316	13.18	0	0	0	86375256	2	0	0	0	298.06509	20.184865	7.590366e-09	1.079181e-09	-1790.667	7.7091023e+08	5.5047234e+08	2.0120778	5.7286852	1.8968122	2821	379	1186	753	36	54	1	0	0	16.997457	0	5.7297183	0	0	0	0	0	0	297.846	-5.22782e-13	298.069	7.54558e-09	1.07896e-09	0	16	28518609	28518609
5.731	20.180154	-36.2348	13.1799	0	0	0	86375260	2	0	0	0	298.03517	20.182365	7.640125e-09	1.079091e-09	-1790.667	7.7091023e+08	5.5042884e+08	2.0120118	5.2866011	1.9056448	2759	348	1208	742	32	56	0	0	0	16.997457	0	5.7303985	0	0	0	0	0	0	297.846	-5.22782e-13	298.043	7.60124e-09	1.07991e-09	0	16	28703576	28703576
5.7315	20.178319	-36.238	13.1797	0	0	0	86375264	2	0	0	0	298.00303	20.179865	7.691057e-09	1.080643e-09	-1790.667	7.7091023e+08	5.5122292e+08	2.0117882	5.0439506	1.9103146	2890	404	1233	727	51	71	3	0	0	16.997457	0	5.7310788	0	0	0	0	0	0	297.846	-5.22782e-13	298.015	7.62845e-09	1.08117e-09	0	21	28892923	28892923
5.732	20.176479	-36.2411	13.1795	0	0	0	86375268	2	0	0	0	297.98375	20.177365	7.547069e-09	1.08192e-09	-1790.667	7.7091023e+08	5.5187674e+08	2.0118154	5.5000674	1.9011642	2756	354	1199	738	38	68	2	0	0	16.997457	0	5.7317593	0	0	0	0	0	0	297.846	-5.22782e-13	297.987	7.51532e-09	1.08083e-09	0	12	28350041	28350041
5.7325	20.174644	-36.2443	13.1794	0	0	0	86375271	2	0	0	0	297.95109	20.177365	7.578038e-09	1.080155e-09	-1790.667	7.7091023e+08	5.5097887e+08	2.0118026	5.1606496	1.9079805	2812	371	1168	794	51	73	0	0	0	16.997457	0	5.7317593	0	0	0	0	0	0	297.846	-5.22782e-13	297.956	7.55899e-09	1.08074e-09	0	14	28464402	28464402
5.733	20.172809	-36.2475	13.1792	0	0	0	86375275	2	0	0	0	297.92198	20.174865	7.602907e-09	1.082711e-09	-1790.667	7.7091023e+08	5.5228512e+08	2.0120688	5.0418952	1.9106224	2860	386	1199	809	44	64	3	0	0	16.997457	0	5.7324399	0	0	0	0	0	0	297.846	-5.22782e-13	297.93	7.64091e-09	1.0842e-09	0	13	28555837	28555837
5.7335	20.170974	-36.2506	13.179	0	0	0	86375279	2	0	0	0	297.89087	20.172365	7.537249e-09	1.083903e-09	-1790.667	7.7091023e+08	5.5289562e+08	2.0120592	5.3850821	1.9037082	2784	379	1172	767	35	51	0	0	0	16.997457	0	5.7331208	0	0	0	0	0	0	297.846	-5.22782e-13	297.904	7.49482e-09	1.0826e-09	0	20	28307271	28307271
5.734	20.169139	-36.2538	13.1789	0	0	0	86375283	2	0	0	0	297.87062	20.169865	7.597968e-09	1.08289e-09	-1790.667	7.7091023e+08	5.5238137e+08	2.0118218	5.6836208	1.8974774	2763	377	1157	732	36	57	1	0	0	16.997457	0	5.7338018	0	0	0	0	0	0	297.846	-5.22782e-13	297.874	7.58341e-09	1.08345e-09	0	22	28533334	28533334
5.7345	20.167304	-36.2569	13.1787	0	0	0	86375287	2	0	0	0	297.83339	20.169865	7.640192e-09	1.082855e-09	-1790.667	7.7091023e+08	5.52366e+08	2.0121958	5.1138084	1.909296	2811	365	1185	756	43	69	0	0	0	16.997457	0	5.7338018	0	0	0	0	0	0	297.846	-5.22782e-13	297.844	7.5789e-09	1.08381e-09	0	19	28689915	28689915
5.735	20.165469	-36.2601	13.1785	0	0	0	86375290	2	0	0	0	297.80932	20.167365	7.644449e-09	1.083848e-09	-1790.667	7.7091023e+08	5.5287502e+08	2.012017	5.7838558	1.8956448	2754	332	1189	762	27	46	1	0	0	16.997457	0	5.7344829	0	0	0	0	0	0	297.846	-5.22782e-13	297.813	7.66136e-09	1.08384e-09	0	16	28703913	28703913
5.7355	20.163634	-36.2633	13.1784	0	0	0	86375294	2	0	0	0	297.7812	20.164865	7.558878e-09	1.084858e-09	-1790.667	7.7091023e+08	5.5339273e+08	2.0119478	5.2997954	1.9053187	2756	360	1177	755	49	78	1	0	0	16.997457	0	5.7351643	0	0	0	0	0	0	297.846	-5.22782e-13	297.784	7.53959e-09	1.08459e-09	0	14	28380640	28380640
5.736	20.161799	-36.2664	13.1782	0	0	0	86375298	2	0	0	0	297.7497	20.162365	7.372243e-09	1.082167e-09	-1790.667	7.7091023e+08	5.5202255e+08	2.0122035	5.2560727	1.9064406	2808	353	1215	748	43	64	0	0	0	16.997457	0	5.7358458	0	0	0	0	0	0	297.846	-5.22782e-13	297.758	7.35043e-09	1.08337e-09	0	21	27677982	27677982
5.7365	20.159964	-36.2696	13.178	0	0	0	86375302	2	0	0	0	297.72077	20.162365	7.639475e-09	1.083205e-09	-1790.667	7.7091023e+08	5.5255456e+08	2.0122042	5.3528246	1.9044944	2863	384	1206	775	38	55	1	0	0	16.997457	0	5.7358458	0	0	0	0	0	0	297.846	-5.22782e-13	297.731	7.62362e-09	1.08236e-09	0	14	28679279	28679279
5.737	20.158134	-36.2727	13.1778	0	0	0	86375305	2	0	0	0	297.69703	20.159865	7.683656e-09	1.085665e-09	-1790.667	7.7091023e+08	5.5381197e+08	2.0118131	5.4579543	1.9020093	2699	397	1189	705	40	69	3	0	0	16.997457	0	5.7365275	0	0	0	0	0	0	297.846	-5.22782e-13	297.701	7.63526e-09	1.08562e-09	0	14	28843141	28843141
5.7375	20.156299	-36.2759	13.1777	0	0	0	86375309	2	0	0	0	297.66668	20.157365	7.649884e-09	1.081776e-09	-1790.667	7.7091023e+08	5.5183068e+08	2.0121027	5.2723511	1.9060176	2929	390	1269	746	41	52	0	0	0	16.997457	0	5.7372093	0	0	0	0	0	0	297.846	-5.22782e-13	297.672	7.63261e-09	1.08447e-09	0	19	28714379	28714379
5.738	20.154464	-36.2791	13.1775	0	0	0	86375313	2	0	0	0	297.63729	20.157365	7.708675e-09	1.081567e-09	-1790.667	7.7091023e+08	5.5172661e+08	2.0120883	5.4274993	1.9028822	2826	378	1210	771	41	64	0	0	0	16.997457	0	5.7372093	0	0	0	0	0	0	297.846	-5.22782e-13	297.649	7.62821e-09	1.08202e-09	0	14	28933053	28933053
5.7385	20.152634	-36.2822	13.1773	0	0	0	86375317	2	0	0	0	297.61481	20.154865	7.880519e-09	1.081547e-09	-1790.667	7.7091023e+08	5.5171896e+08	2.0119072	5.761554	1.8959901	2883	398	1243	783	31	55	2	0	0	16.997457	0	5.7378914	0	0	0	0	0	0	297.846	-5.22782e-13	297.619	7.67112e-09	1.07879e-09	0	20	29575989	29575989
5.739	20.150804	-36.2854	13.1772	0	0	0	86375320	2	0	0	0	297.58458	20.152365	7.837528e-09	1.082432e-09	-1790.667	7.7091023e+08	5.5217298e+08	2.0122848	5.3359763	1.9049098	2924	407	1301	725	27	54	0	0	0	16.997457	0	5.7385736	0	0	0	0	0	0	297.846	-5.22782e-13	297.589	7.82623e-09	1.08106e-09	0	20	29412606	29412606
5.7395	20.148969	-36.2886	13.177	0	0	0	86375324	2	0	0	0	297.55406	20.149865	7.789993e-09	1.081304e-09	-1790.667	7.7091023e+08	5.5160014e+08	2.0121302	5.8521699	1.894377	2864	394	1217	766	41	60	2	0	0	16.997457	0	5.739256	0	0	0	0	0	0	297.846	-5.22782e-13	297.562	7.80908e-09	1.08076e-09	0	27	29232194	29232194
5.74	20.147139	-36.2917	13.1768	0	0	0	86375328	2	0	0	0	297.52529	20.149865	7.910433e-09	1.083469e-09	-1790.667	7.7091023e+08	5.5270714e+08	2.0120858	5.7332586	1.8967277	2822	346	1216	802	30	60	0	0	0	16.997457	0	5.739256	0	0	0	0	0	0	297.846	-5.22782e-13	297.537	7.85654e-09	1.08131e-09	0	16	29682095	29682095
5.7405	20.145309	-36.2949	13.1767	0	0	0	86375332	2	0	0	0	297.49512	20.147365	8.007007e-09	1.081073e-09	-1790.667	7.7091023e+08	5.5148747e+08	2.0119168	5.3247848	1.9047866	2909	365	1272	772	43	64	1	0	0	16.997457	0	5.7399385	0	0	0	0	0	0	297.846	-5.22782e-13	297.507	8.0239e-09	1.08171e-09	0	20	30042388	30042388
5.741	20.143479	-36.298	13.1765	0	0	0	86375335	2	0	0	0	297.47391	20.144865	8.110167e-09	1.082418e-09	-1790.667	7.7091023e+08	5.521762e+08	2.0120429	5.5795709	1.8997795	2816	356	1155	796	50	67	1	0	0	16.997457	0	5.7406213	0	0	0	0	0	0	297.846	-5.22782e-13	297.477	8.12162e-09	1.08242e-09	0	25	30427340	30427340
5.7415	20.141649	-36.3012	13.1763	0	0	0	86375339	2	0	0	0	297.44176	20.142365	8.149765e-09	1.081597e-09	-1790.667	7.7091023e+08	5.5175999e+08	2.0121546	5.6170635	1.8991306	2834	354	1190	811	36	53	2	0	0	16.997457	0	5.7413042	0	0	0	0	0	0	297.846	-5.22782e-13	297.45	8.13671e-09	1.08306e-09	0	17	30573786	30573786
5.742	20.139819	-36.3044	13.1762	0	0	0	86375343	2	0	0	0	297.41161	20.142365	8.217597e-09	1.083565e-09	-1790.667	7.7091023e+08	5.5276656e+08	2.0120355	5.8222431	1.8948899	2898	349	1223	789	44	69	2	0	0	16.997457	0	5.7413042	0	0	0	0	0	0	297.846	-5.22782e-13	297.423	8.19388e-09	1.08431e-09	0	21	30826125	30826125
5.7425	20.137989	-36.3075	13.176	0	0	0	86375347	2	0	0	0	297.3819	20.139865	8.288826e-09	1.082698e-09	-1790.667	7.7091023e+08	5.523269e+08	2.0119885	5.220515	1.9069523	2878	320	1232	810	53	77	0	0	0	16.997457	0	5.7419872	0	0	0	0	0	0	297.846	-5.22782e-13	297.393	8.24435e-09	1.08311e-09	0	13	31091170	31091170
5.743	20.136159	-36.3107	13.1758	0	0	0	86375351	2	0	0	0	297.35289	20.137365	8.425474e-09	1.085704e-09	-1790.667	7.7091023e+08	5.5386303e+08	2.0119149	5.2067252	1.90716	2712	283	1215	735	38	55	0	0	0	16.997457	0	5.7426705	0	0	0	0	0	0	297.846	-5.22782e-13	297.365	8.39106e-09	1.08363e-09	0	11	31601547	31601547
5.7435	20.134329	-36.3138	13.1757	0	0	0	86375355	2	0	0	0	297.32372	20.134865	8.303054e-09	1.081931e-09	-1790.667	7.7091023e+08	5.5194091e+08	2.0119578	5.7852666	1.8955606	2709	275	1168	790	25	45	0	0	0	16.997457	0	5.7433539	0	0	0	0	0	0	297.846	-5.22782e-13	297.336	8.29159e-09	1.08248e-09	0	16	31140230	31140230
5.744	20.132499	-36.317	13.1755	0	0	0	86375358	2	0	0	0	297.29952	20.134865	8.32145e-09	1.081863e-09	-1790.667	7.7091023e+08	5.5190888e+08	2.0121053	5.9383294	1.8926198	2648	271	1082	798	42	60	1	0	0	16.997457	0	5.7433539	0	0	0	0	0	0	297.846	-5.22782e-13	297.303	8.29527e-09	1.08209e-09	0	22	31207065	31207065
5.7445	20.130674	-36.3202	13.1753	0	0	0	86375362	2	0	0	0	297.27078	20.132365	8.340276e-09	1.083436e-09	-1790.667	7.7091023e+08	5.5271401e+08	2.011953	6.0700584	1.8898262	2766	267	1147	818	44	72	3	0	0	16.997457	0	5.7440375	0	0	0	0	0	0	297.846	-5.22782e-13	297.278	8.29868e-09	1.08169e-09	0	15	31275503	31275503
5.745	20.128844	-36.3233	13.1752	0	0	0	86375366	2	0	0	0	297.24084	20.129865	8.37429e-09	1.081149e-09	-1790.667	7.7091023e+08	5.5154998e+08	2.0118675	6.0228538	1.8906957	2601	251	1113	776	37	70	2	0	0	16.997457	0	5.7447213	0	0	0	0	0	0	297.846	-5.22782e-13	297.252	8.36641e-09	1.08168e-09	0	17	31400881	31400881
5.7455	20.127019	-36.3265	13.175	0	0	0	86375370	2	0	0	0	297.22107	20.129865	8.413384e-09	1.082171e-09	-1790.667	7.7091023e+08	5.5207404e+08	2.0120125	5.1823615	1.9077427	2734	259	1199	828	38	53	1	0	0	16.997457	0	5.7447213	0	0	0	0	0	0	297.846	-5.22782e-13	297.224	8.36745e-09	1.08189e-09	0	25	31545289	31545289
5.746	20.125189	-36.3296	13.1748	0	0	0	86375373	2	0	0	0	297.18854	20.127365	8.403092e-09	1.082965e-09	-1790.667	7.7091023e+08	5.524818e+08	2.0120586	6.3216768	1.8848627	2613	228	1134	745	38	61	1	0	0	16.997457	0	5.7454052	0	0	0	0	0	0	297.846	-5.22782e-13	297.193	8.36153e-09	1.08168e-09	0	17	31504522	31504522
5.7465	20.123364	-36.3328	13.1747	0	0	0	86375377	2	0	0	0	297.1593	20.124865	8.311279e-09	1.081728e-09	-1790.667	7.7091023e+08	5.5185344e+08	2.0120077	6.3767391	1.8837072	2575	234	1092	758	33	59	2	0	0	16.997457	0	5.7460894	0	0	0	0	0	0	297.846	-5.22782e-13	297.171	8.33638e-09	1.08347e-09	0	18	31158145	31158145
5.747	20.121539	-36.336	13.1745	0	0	0	86375381	2	0	0	0	297.12961	20.122365	8.37996e-09	1.08386e-09	-1790.667	7.7091023e+08	5.5294381e+08	2.0121478	5.7974746	1.8954941	2633	233	1128	797	34	57	1	0	0	16.997457	0	5.7467736	0	0	0	0	0	0	297.846	-5.22782e-13	297.141	8.40581e-09	1.08254e-09	0	18	31413451	31413451
5.7475	20.119709	-36.3391	13.1743	0	0	0	86375384	2	0	0	0	297.10784	20.122365	8.27011e-09	1.082402e-09	-1790.667	7.7091023e+08	5.5220272e+08	2.0118918	5.4959615	1.901319	2678	245	1175	793	25	53	2	0	0	16.997457	0	5.7467736	0	0	0	0	0	0	297.846	-5.22782e-13	297.112	8.30578e-09	1.08358e-09	0	18	30999520	30999520
5.748	20.117884	-36.3423	13.1742	0	0	0	86375388	2	0	0	0	297.07502	20.119865	8.201408e-09	1.085704e-09	-1790.667	7.7091023e+08	5.5389003e+08	2.0121392	5.2626498	1.9062474	2605	223	1095	786	36	52	0	0	0	16.997457	0	5.7474581	0	0	0	0	0	0	297.846	-5.22782e-13	297.079	8.30764e-09	1.08311e-09	0	35	30739873	30739873
5.7485	20.116059	-36.3455	13.174	0	0	0	86375392	2	0	0	0	297.04578	20.117365	8.150145e-09	1.079949e-09	-1790.667	7.7091023e+08	5.5095675e+08	2.0121322	4.9153829	1.9132282	2692	239	1116	835	44	69	2	0	0	16.997457	0	5.7481428	0	0	0	0	0	0	297.846	-5.22782e-13	297.054	8.13975e-09	1.08205e-09	0	18	30545621	30545621
5.749	20.114234	-36.3486	13.1738	0	0	0	86375396	2	0	0	0	297.01706	20.114865	8.177089e-09	1.079574e-09	-1790.667	7.7091023e+08	5.5076818e+08	2.0120918	4.8450751	1.9146045	2632	233	1157	772	39	64	2	0	0	16.997457	0	5.7488276	0	0	0	0	0	0	297.846	-5.22782e-13	297.028	8.15052e-09	1.07928e-09	0	22	30644485	30644485
5.7495	20.112409	-36.3518	13.1737	0	0	0	86375399	2	0	0	0	296.99469	20.114865	8.387662e-09	1.079805e-09	-1790.667	7.7091023e+08	5.5088879e+08	2.0121126	4.8920522	1.913679	2655	225	1165	763	41	72	0	0	0	16.997457	0	5.7488276	0	0	0	0	0	0	297.846	-5.22782e-13	296.998	8.35972e-09	1.07923e-09	0	13	31431456	31431456
5.75	20.110584	-36.3549	13.1735	0	0	0	86375403	2	0	0	0	296.9641	20.112365	8.31756e-09	1.08008e-09	-1790.667	7.7091023e+08	5.5103185e+08	2.0122067	5.6704313	1.8981059	2635	201	1180	775	43	66	0	0	0	16.997457	0	5.7495126	0	0	0	0	0	0	297.846	-5.22782e-13	296.967	8.25094e-09	1.07925e-09	0	17	31166606	31166606
5.7505	20.108759	-36.3581	13.1733	0	0	0	86375407	2	0	0	0	296.93482	20.109865	8.265623e-09	1.081153e-09	-1790.667	7.7091023e+08	5.5158205e+08	2.012177	5.2422904	1.9066928	2729	237	1192	822	41	61	0	0	0	16.997457	0	5.7501977	0	0	0	0	0	0	297.846	-5.22782e-13	296.943	8.26526e-09	1.08191e-09	0	11	30969852	30969852
5.751	20.106939	-36.3613	13.1732	0	0	0	86375411	2	0	0	0	296.90535	20.107365	8.265911e-09	1.081689e-09	-1790.667	7.7091023e+08	5.5185829e+08	2.0120899	5.2267247	1.9069235	2658	226	1134	827	29	58	0	0	0	16.997457	0	5.7508831	0	0	0	0	0	0	297.846	-5.22782e-13	296.909	8.23751e-09	1.08071e-09	0	21	30968791	30968791
5.7515	20.105114	-36.3644	13.173	0	0	0	86375415	2	0	0	0	296.87421	20.107365	8.312512e-09	1.083787e-09	-1790.667	7.7091023e+08	5.5293145e+08	2.0119779	5.6076321	1.8991536	2682	225	1133	810	40	69	1	0	0	16.997457	0	5.7508831	0	0	0	0	0	0	297.846	-5.22782e-13	296.882	8.27874e-09	1.08303e-09	0	22	31141233	31141233
5.752	20.103289	-36.3676	13.1728	0	0	0	86375419	2	0	0	0	296.84497	20.104865	8.283831e-09	1.083475e-09	-1790.667	7.7091023e+08	5.5277509e+08	2.0118019	5.1499623	1.9081949	2699	234	1104	839	36	59	0	0	0	16.997457	0	5.7515686	0	0	0	0	0	0	297.846	-5.22782e-13	296.856	8.29227e-09	1.08282e-09	0	28	31031640	31031640
5.7525	20.101469	-36.3707	13.1727	0	0	0	86375422	2	0	0	0	296.82327	20.102365	8.236324e-09	1.082736e-09	-1790.667	7.7091023e+08	5.5240088e+08	2.0118378	6.0731418	1.889656	2541	200	1123	754	37	69	1	0	0	16.997457	0	5.7522543	0	0	0	0	0	0	297.846	-5.22782e-13	296.827	8.26187e-09	1.08235e-09	0	21	30851544	30851544
5.753	20.099644	-36.3739	13.1725	0	0	0	86375426	2	0	0	0	296.79286	20.102365	8.303108e-09	1.080942e-09	-1790.667	7.7091023e+08	5.5148842e+08	2.0119213	5.1677569	1.9079501	2653	237	1114	791	51	66	1	0	0	16.997457	0	5.7522543	0	0	0	0	0	0	297.846	-5.22782e-13	296.797	8.2578e-09	1.08251e-09	0	20	31099554	31099554
5.7535	20.097824	-36.3771	13.1723	0	0	0	86375430	2	0	0	0	296.76338	20.099865	8.268071e-09	1.079442e-09	-1790.667	7.7091023e+08	5.5072596e+08	2.0122096	5.4058305	1.903433	2609	205	1129	807	32	62	1	0	0	16.997457	0	5.7529401	0	0	0	0	0	0	297.846	-5.22782e-13	296.775	8.26282e-09	1.08265e-09	0	10	30966182	30966182
5.754	20.096004	-36.3802	13.1722	0	0	0	86375434	2	0	0	0	296.73381	20.097365	8.209366e-09	1.080537e-09	-1790.667	7.7091023e+08	5.5128746e+08	2.0121904	4.96489	1.9122874	2596	220	1162	745	38	59	0	0	0	16.997457	0	5.7536261	0	0	0	0	0	0	297.846	-5.22782e-13	296.746	8.21049e-09	1.08258e-09	0	19	30744192	30744192
5.7545	20.094179	-36.3834	13.172	0	0	0	86375437	2	0	0	0	296.71255	20.094865	8.367437e-09	1.083757e-09	-1790.667	7.7091023e+08	5.5293316e+08	2.0119299	5.4379628	1.9025219	2662	232	1118	803	31	55	4	0	0	16.997457	0	5.7543124	0	0	0	0	0	0	297.846	-5.22782e-13	296.717	8.40915e-09	1.0823e-09	0	16	31334005	31334005
5.755	20.092359	-36.3866	13.1718	0	0	0	86375441	2	0	0	0	296.68117	20.094865	8.463367e-09	1.08068e-09	-1790.667	7.7091023e+08	5.5136613e+08	2.0120707	5.5251338	1.9009011	2661	220	1160	790	49	61	0	0	0	16.997457	0	5.7543124	0	0	0	0	0	0	297.846	-5.22782e-13	296.685	8.4478e-09	1.08252e-09	0	15	31691050	31691050
5.7555	20.090539	-36.3897	13.1717	0	0	0	86375445	2	0	0	0	296.65318	20.092365	8.572133e-09	1.081419e-09	-1790.667	7.7091023e+08	5.5174604e+08	2.0122854	5.4844068	1.9019235	2817	240	1202	833	38	59	1	0	0	16.997457	0	5.7549987	0	0	0	0	0	0	297.846	-5.22782e-13	296.664	8.51971e-09	1.08246e-09	0	22	32096107	32096107
5.756	20.088719	-36.3929	13.1715	0	0	0	86375449	2	0	0	0	296.62973	20.089865	8.452769e-09	1.080839e-09	-1790.667	7.7091023e+08	5.51453e+08	2.0122064	5.4365795	1.9028112	2681	208	1125	845	41	62	0	0	0	16.997457	0	5.7556853	0	0	0	0	0	0	297.846	-5.22782e-13	296.633	8.45819e-09	1.08399e-09	0	24	31646993	31646993
5.7565	20.086899	-36.396	13.1713	0	0	0	86375452	2	0	0	0	296.60165	20.087365	8.414574e-09	1.08227e-09	-1790.667	7.7091023e+08	5.52186e+08	2.0120906	5.8647539	1.8940864	2646	226	1103	818	34	66	0	0	0	16.997457	0	5.756372	0	0	0	0	0	0	297.846	-5.22782e-13	296.605	8.46334e-09	1.08521e-09	0	13	31501816	31501816
5.757	20.085079	-36.3992	13.1712	0	0	0	86375456	2	0	0	0	296.57096	20.087365	8.665783e-09	1.08307e-09	-1790.667	7.7091023e+08	5.5259707e+08	2.0120451	5.9285032	1.892761	2642	217	1164	810	30	45	1	0	0	16.997457	0	5.756372	0	0	0	0	0	0	297.846	-5.22782e-13	296.579	8.58173e-09	1.08211e-09	0	17	32440032	32440032
5.7575	20.083259	-36.4024	13.171	0	0	0	86375460	2	0	0	0	296.54285	20.084865	8.6414e-09	1.08396e-09	-1790.667	7.7091023e+08	5.5305407e+08	2.0120013	5.8749545	1.8937971	2742	206	1236	809	41	68	1	0	0	16.997457	0	5.7570589	0	0	0	0	0	0	297.846	-5.22782e-13	296.553	8.62213e-09	1.08408e-09	0	13	32346521	32346521
5.758	20.081439	-36.4055	13.1708	0	0	0	86375463	2	0	0	0	296.5191	20.082365	8.644662e-09	1.083789e-09	-1790.667	7.7091023e+08	5.5296975e+08	2.0118627	5.292035	1.9053942	2661	246	1102	826	51	77	0	0	0	16.997457	0	5.757746	0	0	0	0	0	0	297.846	-5.22782e-13	296.524	8.6572e-09	1.08439e-09	0	20	32356497	32356497
5.7585	20.079624	-36.4087	13.1707	0	0	0	86375468	2	0	0	0	296.48175	20.082365	8.83178e-09	1.082547e-09	-1790.667	7.7091023e+08	5.5233898e+08	2.0118294	5.8487662	1.8941622	2707	220	1137	831	35	63	1	0	0	16.997457	0	5.757746	0	0	0	0	0	0	297.846	-5.22782e-13	296.495	8.79228e-09	1.08174e-09	0	13	33054587	33054587
5.759	20.077804	-36.4118	13.1705	0	0	0	86375472	2	0	0	0	296.81166	20.079865	8.891053e-09	1.084981e-09	-1790.667	7.7091023e+08	5.5358381e+08	2.0120237	5.8409173	1.894503	2765	255	1170	813	42	63	3	0	0	16.997457	0	5.7584333	0	0	0	0	0	0	297.846	-5.22782e-13	296.641	8.78246e-09	1.07351e-09	0	18	33274129	33274129
5.7595	20.075984	-36.415	13.1703	0	0	0	86375475	2	0	0	0	296.78094	20.077365	9.02574e-09	1.08245e-09	-1790.667	7.7091023e+08	5.5229538e+08	2.0119056	5.5584	1.9000758	2810	247	1131	920	36	61	3	0	0	16.997457	0	5.7591207	0	0	0	0	0	0	297.846	-5.22782e-13	296.785	8.98681e-09	1.0826e-09	0	19	33775853	33775853
5.76	20.074169	-36.4182	13.1702	0	0	0	86375479	2	0	0	0	296.75411	20.074865	9.042648e-09	1.083787e-09	-1790.667	7.7091023e+08	5.5298051e+08	2.0120608	5.4624035	1.9021539	2811	234	1194	862	33	56	1	0	0	16.997457	0	5.7598083	0	0	0	0	0	0	297.846	-5.22782e-13	296.76	9.01485e-09	1.08321e-09	0	11	33836790	33836790
5.7605	20.072349	-36.4213	13.17	0	0	0	86375483	2	0	0	0	296.72227	20.074865	8.89073e-09	1.084258e-09	-1790.667	7.7091023e+08	5.532238e+08	2.0122874	5.8309604	1.8949517	2793	246	1135	826	39	68	1	0	0	16.997457	0	5.7598083	0	0	0	0	0	0	297.846	-5.22782e-13	296.736	8.92873e-09	1.08435e-09	0	21	33266029	33266029
5.761	20.070534	-36.4245	13.1698	0	0	0	86375486	2	0	0	0	296.69904	20.072365	8.986859e-09	1.083196e-09	-1790.667	7.7091023e+08	5.5268491e+08	2.0122646	5.2813888	1.9059891	2773	243	1170	869	36	57	0	0	0	16.997457	0	5.7604961	0	0	0	0	0	0	297.846	-5.22782e-13	296.704	9.003e-09	1.0842e-09	0	15	33623389	33623389
5.7615	20.068714	-36.4276	13.1697	0	0	0	86375490	2	0	0	0	296.67017	20.069865	9.088286e-09	1.082178e-09	-1790.667	7.7091023e+08	5.5216847e+08	2.0122134	5.8646661	1.8942038	2787	236	1133	909	39	56	3	0	0	16.997457	0	5.7611841	0	0	0	0	0	0	297.846	-5.22782e-13	296.673	9.03354e-09	1.08288e-09	0	17	34000521	34000521
5.762	20.066899	-36.4308	13.1695	0	0	0	86375494	2	0	0	0	296.63839	20.067365	9.242232e-09	1.083938e-09	-1790.667	7.7091023e+08	5.5306949e+08	2.0119498	5.9557591	1.8921229	2710	253	1102	827	45	65	2	0	0	16.997457	0	5.7618722	0	0	0	0	0	0	297.846	-5.22782e-13	296.649	9.15832e-09	1.08347e-09	0	11	34574067	34574067
5.7625	20.065084	-36.434	13.1693	0	0	0	86375498	2	0	0	0	296.61007	20.067365	9.240267e-09	1.080695e-09	-1790.667	7.7091023e+08	5.5141778e+08	2.0117856	5.8288517	1.8945216	2730	248	1179	805	35	59	0	0	0	16.997457	0	5.7618722	0	0	0	0	0	0	297.846	-5.22782e-13	296.62	9.24207e-09	1.08314e-09	0	20	34564330	34564330
5.763	20.063269	-36.4371	13.1692	0	0	0	86375501	2	0	0	0	296.58741	20.064865	9.339118e-09	1.081849e-09	-1790.667	7.7091023e+08	5.5200961e+08	2.0118192	5.9320321	1.8924774	2772	248	1174	842	37	69	0	0	0	16.997457	0	5.7625605	0	0	0	0	0	0	297.846	-5.22782e-13	296.592	9.42498e-09	1.08255e-09	0	14	34931683	34931683
5.7635	20.061454	-36.4403	13.169	0	0	0	86375505	2	0	0	0	296.55752	20.062365	9.484328e-09	1.082505e-09	-1790.667	7.7091023e+08	5.5234735e+08	2.0122077	5.9259569	1.8929651	2887	241	1180	905	49	78	0	0	0	16.997457	0	5.763249	0	0	0	0	0	0	297.846	-5.22782e-13	296.561	9.37119e-09	1.08206e-09	0	16	35472373	35472373
5.764	20.059639	-36.4435	13.1688	0	0	0	86375509	2	0	0	0	296.52727	20.062365	9.33947e-09	1.080867e-09	-1790.667	7.7091023e+08	5.5151459e+08	2.0118115	6.3450556	1.884161	2749	254	1117	842	42	63	0	0	0	16.997457	0	5.763249	0	0	0	0	0	0	297.846	-5.22782e-13	296.539	9.27331e-09	1.08336e-09	0	21	34928178	34928178
5.7645	20.057824	-36.4466	13.1687	0	0	0	86375513	2	0	0	0	296.49765	20.059865	9.4164e-09	1.083642e-09	-1790.667	7.7091023e+08	5.5293358e+08	2.0118832	5.3460917	1.9043261	2851	241	1160	905	29	52	0	0	0	16.997457	0	5.7639377	0	0	0	0	0	0	297.846	-5.22782e-13	296.509	9.42151e-09	1.08246e-09	0	16	35213455	35213455
5.765	20.056009	-36.4498	13.1685	0	0	0	86375516	2	0	0	0	296.47531	20.057365	9.510867e-09	1.079293e-09	-1790.667	7.7091023e+08	5.5071753e+08	2.0120112	6.2062796	1.8871402	2897	261	1181	944	51	69	2	0	0	16.997457	0	5.7646265	0	0	0	0	0	0	297.846	-5.22782e-13	296.479	9.59634e-09	1.08175e-09	0	18	35564268	35564268
5.7655	20.054194	-36.4529	13.1683	0	0	0	86375520	2	0	0	0	296.44404	20.054865	9.31518e-09	1.044931e-09	-1790.667	7.7091023e+08	5.3318701e+08	2.0118	5.5441058	1.9002637	2872	249	1188	853	36	58	1	0	0	16.997457	0	5.7653155	0	0	0	0	0	0	297.846	-5.22782e-13	296.448	9.54406e-09	1.08172e-09	0	12	34830127	34830127
5.766	20.052379	-36.4561	13.1682	0	0	0	86375524	2	0	0	0	296.73737	20.054865	9.634956e-09	1.081414e-09	-1790.667	7.7091023e+08	5.518059e+08	2.0119478	5.6380468	1.8985133	2779	223	1143	878	33	59	1	0	0	16.997457	0	5.7653155	0	0	0	0	0	0	297.846	-5.22782e-13	296.744	9.61351e-09	1.08166e-09	0	17	36023307	36023307
5.7665	20.050569	-36.4593	13.168	0	0	0	86375528	2	0	0	0	296.7069	20.052365	9.628685e-09	1.084906e-09	-1790.667	7.7091023e+08	5.5359083e+08	2.0118634	5.5843952	1.899513	2899	265	1132	915	45	69	0	0	0	16.997457	0	5.7660047	0	0	0	0	0	0	297.846	-5.22782e-13	296.718	9.57755e-09	1.08338e-09	0	14	35997377	35997377
5.767	20.048754	-36.4624	13.1678	0	0	0	86375532	2	0	0	0	296.67594	20.049865	9.743637e-09	1.082977e-09	-1790.667	7.7091023e+08	5.5260961e+08	2.0122774	5.873703	1.8940822	2872	259	1124	921	49	73	0	0	0	16.997457	0	5.7666941	0	0	0	0	0	0	297.846	-5.22782e-13	296.687	9.66627e-09	1.08361e-09	0	19	36424618	36424618
5.7675	20.046944	-36.4656	13.1677	0	0	0	86375536	2	0	0	0	296.65428	20.047365	9.862639e-09	1.083684e-09	-1790.667	7.7091023e+08	5.5297347e+08	2.0122099	5.2925532	1.9057126	2902	253	1180	892	45	64	2	0	0	16.997457	0	5.7673836	0	0	0	0	0	0	297.846	-5.22782e-13	296.657	9.84077e-09	1.08273e-09	0	12	36866940	36866940
5.768	20.045129	-36.4687	13.1675	0	0	0	86375539	2	0	0	0	296.62349	20.047365	9.84048e-09	1.082849e-09	-1790.667	7.7091023e+08	5.525505e+08	2.0121235	5.6319564	1.8988016	2897	295	1153	887	39	63	0	0	0	16.997457	0	5.7673836	0	0	0	0	0	0	297.846	-5.22782e-13	296.628	9.81717e-09	1.08283e-09	0	12	36781572	36781572
5.7685	20.043319	-36.4719	13.1673	0	0	0	86375543	2	0	0	0	296.59278	20.044865	9.778592e-09	1.082762e-09	-1790.667	7.7091023e+08	5.5250922e+08	2.0119731	5.73385	1.8966096	2962	263	1194	908	63	90	1	0	0	16.997457	0	5.7680733	0	0	0	0	0	0	297.846	-5.22782e-13	296.596	9.72802e-09	1.08264e-09	0	16	36547727	36547727
5.769	20.041504	-36.4751	13.1672	0	0	0	86375547	2	0	0	0	296.56281	20.042365	9.897644e-09	1.085704e-09	-1790.667	7.7091023e+08	5.5401359e+08	2.0119158	6.0061995	1.8910762	2962	265	1205	942	39	65	1	0	0	16.997457	0	5.7687632	0	0	0	0	0	0	297.846	-5.22782e-13	296.575	9.91833e-09	1.08278e-09	0	23	36990135	36990135
5.7695	20.039694	-36.4782	13.167	0	0	0	86375550	2	0	0	0	296.5415	20.042365	1.000862e-08	1.0821e-09	-1790.667	7.7091023e+08	5.5217767e+08	2.0121091	5.9198221	1.8929958	2866	264	1145	936	42	58	0	0	0	16.997457	0	5.7687632	0	0	0	0	0	0	297.846	-5.22782e-13	296.545	9.98855e-09	1.08303e-09	0	16	37402302	37402302
5.77	20.037884	-36.4814	13.1668	0	0	0	86375554	2	0	0	0	296.51158	20.039865	1.032157e-08	1.081066e-09	-1790.667	7.7091023e+08	5.5165318e+08	2.011897	5.9787555	1.8916106	2942	229	1189	909	53	75	3	0	0	16.997457	0	5.7694533	0	0	0	0	0	0	297.846	-5.22782e-13	296.515	1.0265e-08	1.08225e-09	0	15	38569139	38569139
5.7705	20.036074	-36.4846	13.1667	0	0	0	86375558	2	0	0	0	296.48213	20.037365	1.036775e-08	1.080076e-09	-1790.667	7.7091023e+08	5.5115114e+08	2.0122211	6.0795227	1.8898877	3089	289	1212	980	48	76	2	0	0	16.997457	0	5.7701435	0	0	0	0	0	0	297.846	-5.22782e-13	296.491	1.03539e-08	1.08051e-09	0	19	38739031	38739031
5.771	20.034264	-36.4877	13.1665	0	0	0	86375562	2	0	0	0	298.43017	20.034865	1.036145e-08	1.087168e-09	-1790.667	7.7091023e+08	5.5477329e+08	2.012191	6.0104035	1.8912502	3023	290	1172	977	41	64	2	0	0	16.997457	0	5.7708339	0	0	0	0	0	0	297.846	-5.22782e-13	297.454	1.02717e-08	1.07648e-09	0	17	38712822	38712822
5.7715	20.032454	-36.4909	13.1663	0	0	0	86375565	2	0	0	0	298.40847	20.034865	1.023766e-08	1.085418e-09	-1790.667	7.7091023e+08	5.5388345e+08	2.0119261	6.0015247	1.8911798	3014	267	1149	987	48	88	1	0	0	16.997457	0	5.7708339	0	0	0	0	0	0	297.846	-5.22782e-13	298.413	1.02306e-08	1.08675e-09	0	16	38247676	38247676
5.772	20.030644	-36.494	13.1662	0	0	0	86375569	2	0	0	0	298.37965	20.032365	1.054574e-08	1.084747e-09	-1790.667	7.7091023e+08	5.5354423e+08	2.0122422	5.9402311	1.8927104	3123	310	1185	1033	49	73	2	0	0	16.997457	0	5.7715245	0	0	0	0	0	0	297.846	-5.22782e-13	298.383	1.04995e-08	1.08485e-09	0	11	39395939	39395939
5.7725	20.028834	-36.4972	13.166	0	0	0	86375573	2	0	0	0	298.35059	20.029865	1.069299e-08	1.085649e-09	-1790.667	7.7091023e+08	5.5400772e+08	2.0120346	5.9748477	1.8918186	3032	264	1224	965	63	84	1	0	0	16.997457	0	5.7722153	0	0	0	0	0	0	297.846	-5.22782e-13	298.358	1.06312e-08	1.08584e-09	0	20	39943270	39943270
5.773	20.027024	-36.5004	13.1658	0	0	0	86375577	2	0	0	0	298.3205	20.027365	1.064835e-08	1.087434e-09	-1790.667	7.7091023e+08	5.5492182e+08	2.0117859	6.1971127	1.8871133	3054	260	1208	981	55	86	0	0	0	16.997457	0	5.7729063	0	0	0	0	0	0	297.846	-5.22782e-13	298.331	1.06741e-08	1.08553e-09	0	20	39773777	39773777
5.7735	20.025214	-36.5035	13.1657	0	0	0	86375580	2	0	0	0	298.29741	20.027365	1.06447e-08	1.082297e-09	-1790.667	7.7091023e+08	5.523036e+08	2.0122813	6.2215239	1.8870867	3071	289	1182	1027	34	62	2	0	0	16.997457	0	5.7729063	0	0	0	0	0	0	297.846	-5.22782e-13	298.301	1.0659e-08	1.08399e-09	0	13	39757403	39757403
5.774	20.023409	-36.5067	13.1655	0	0	0	86375584	2	0	0	0	298.26701	20.024865	1.071131e-08	1.081435e-09	-1790.667	7.7091023e+08	5.5186693e+08	2.0122675	5.8619005	1.8943104	3045	266	1213	962	49	83	1	0	0	16.997457	0	5.7735974	0	0	0	0	0	0	297.846	-5.22782e-13	298.271	1.07419e-08	1.0831e-09	0	17	40003430	40003430
5.7745	20.021599	-36.5098	13.1653	0	0	0	86375588	2	0	0	0	298.23754	20.022365	1.06237e-08	1.08068e-09	-1790.667	7.7091023e+08	5.5148486e+08	2.0120989	5.8206285	1.8949821	3027	259	1148	1015	49	82	0	0	0	16.997457	0	5.7742887	0	0	0	0	0	0	297.846	-5.22782e-13	298.249	1.06807e-08	1.08181e-09	0	21	39673499	39673499
5.775	20.019794	-36.513	13.1652	0	0	0	86375592	2	0	0	0	298.20727	20.022365	1.078741e-08	1.08254e-09	-1790.667	7.7091023e+08	5.5243728e+08	2.0120419	5.5952234	1.8994637	3072	269	1209	997	48	81	0	0	0	16.997457	0	5.7742887	0	0	0	0	0	0	297.846	-5.22782e-13	298.211	1.07387e-08	1.08007e-09	0	15	40282087	40282087
5.7755	20.017984	-36.5162	13.165	0	0	0	86375596	2	0	0	0	298.17882	20.019865	1.080393e-08	1.08423e-09	-1790.667	7.7091023e+08	5.5330296e+08	2.0119936	5.7986666	1.8953248	2997	244	1178	1014	56	90	2	0	0	16.997457	0	5.7749802	0	0	0	0	0	0	297.846	-5.22782e-13	298.188	1.07696e-08	1.08258e-09	0	24	40340995	40340995
5.776	20.016179	-36.5193	13.1649	0	0	0	86375600	2	0	0	0	298.1468	20.017365	1.076997e-08	1.080743e-09	-1790.667	7.7091023e+08	5.5152673e+08	2.0119216	5.6736684	1.8977718	3025	271	1163	996	49	78	1	0	0	16.997457	0	5.7756718	0	0	0	0	0	0	297.846	-5.22782e-13	298.158	1.07714e-08	1.08304e-09	0	18	40211420	40211420
5.7765	20.014374	-36.5225	13.1647	0	0	0	86375603	2	0	0	0	298.12441	20.014865	1.086151e-08	1.079236e-09	-1790.667	7.7091023e+08	5.5076093e+08	2.0122698	6.2794444	1.8859104	3045	262	1157	1002	53	87	1	0	0	16.997457	0	5.7763636	0	0	0	0	0	0	297.846	-5.22782e-13	298.128	1.08753e-08	1.08073e-09	0	20	40550405	40550405
5.777	20.012564	-36.5256	13.1645	0	0	0	86375607	2	0	0	0	298.09437	20.014865	1.091269e-08	1.081661e-09	-1790.667	7.7091023e+08	5.5200174e+08	2.0117997	5.9429376	1.8922397	3132	268	1194	1051	62	84	1	0	0	16.997457	0	5.7763636	0	0	0	0	0	0	297.846	-5.22782e-13	298.098	1.09071e-08	1.08142e-09	0	18	40738673	40738673
5.7775	20.010759	-36.5288	13.1644	0	0	0	86375611	2	0	0	0	298.06469	20.012365	1.098986e-08	1.07973e-09	-1790.667	7.7091023e+08	5.5101957e+08	2.0120125	6.3939643	1.8833651	3100	241	1212	1066	54	83	0	0	0	16.997457	0	5.7770556	0	0	0	0	0	0	297.846	-5.22782e-13	298.073	1.09288e-08	1.07957e-09	0	21	41023933	41023933
5.778	20.008954	-36.532	13.1642	0	0	0	86375615	2	0	0	0	298.03692	20.009865	1.100554e-08	1.080982e-09	-1790.667	7.7091023e+08	5.5166179e+08	2.0118128	6.1775449	1.8875322	3097	255	1172	1034	56	87	1	0	0	16.997457	0	5.7777478	0	0	0	0	0	0	297.846	-5.22782e-13	298.047	1.10086e-08	1.07962e-09	0	19	41079635	41079635
5.7785	20.007149	-36.5351	13.164	0	0	0	86375618	2	0	0	0	298.01341	20.007893	1.10555e-08	1.079158e-09	-1790.667	7.7091023e+08	5.5073423e+08	2.012287	5.8071238	1.895431	3096	279	1188	1021	51	71	0	0	0	16.997457	0	5.7782941	0	0	0	0	0	0	297.846	-5.22782e-13	298.016	1.10946e-08	1.07969e-09	0	12	41263274	41263274
5.779	20.005344	-36.5383	13.1639	0	0	0	86375622	2	0	0	0	297.98167	20.007365	1.109598e-08	1.077437e-09	-1790.667	7.7091023e+08	5.4985923e+08	2.0121562	5.8427274	1.8945914	3113	238	1183	1056	46	78	2	0	0	16.997457	0	5.7784402	0	0	0	0	0	0	297.846	-5.22782e-13	297.986	1.10689e-08	1.07966e-09	0	17	41411508	41411508
5.7795	20.003539	-36.5415	13.1637	0	0	0	86375626	2	0	0	0	297.95158	20.004865	1.108849e-08	1.081009e-09	-1790.667	7.7091023e+08	5.5168548e+08	2.0118275	5.9706112	1.8917091	3136	266	1165	1054	62	98	1	0	0	16.997457	0	5.7791327	0	0	0	0	0	0	297.846	-5.22782e-13	297.959	1.1091e-08	1.07897e-09	0	13	41380703	41380703
5.78	20.001734	-36.5446	13.1635	0	0	0	86375630	2	0	0	0	297.92139	20.002365	1.115944e-08	1.080974e-09	-1790.667	7.7091023e+08	5.5167094e+08	2.0121901	6.2510198	1.8864077	3042	274	1145	1052	44	72	0	0	0	16.997457	0	5.7798254	0	0	0	0	0	0	297.846	-5.22782e-13	297.934	1.11902e-08	1.07962e-09	0	18	41642610	41642610
5.7805	19.999929	-36.5478	13.1634	0	0	0	86375633	2	0	0	0	297.89983	20.002365	1.12373e-08	1.078334e-09	-1790.667	7.7091023e+08	5.5032696e+08	2.0120051	6.3023617	1.8852013	3126	303	1143	1050	56	86	0	0	0	16.997457	0	5.7798254	0	0	0	0	0	0	297.846	-5.22782e-13	297.904	1.12313e-08	1.07992e-09	0	20	41930265	41930265
5.781	19.998129	-36.5509	13.1632	0	0	0	86375637	2	0	0	0	297.86888	19.999865	1.122772e-08	1.076417e-09	-1790.667	7.7091023e+08	5.4935194e+08	2.0119162	5.8504068	1.8942109	3090	262	1216	1022	67	84	1	0	0	16.997457	0	5.7805183	0	0	0	0	0	0	297.846	-5.22782e-13	297.877	1.12064e-08	1.07902e-09	0	19	41891633	41891633
5.7815	19.996324	-36.5541	13.163	0	0	0	86375641	2	0	0	0	297.84063	19.997365	1.132101e-08	1.078067e-09	-1790.667	7.7091023e+08	5.5019737e+08	2.0119066	6.1608269	1.8879565	2997	255	1168	1013	50	77	0	0	0	16.997457	0	5.7812114	0	0	0	0	0	0	297.846	-5.22782e-13	297.852	1.1341e-08	1.07735e-09	0	13	42236797	42236797
5.782	19.994519	-36.5573	13.1629	0	0	0	86375645	2	0	0	0	297.81153	19.994865	1.13788e-08	1.077087e-09	-1790.667	7.7091023e+08	5.4970057e+08	2.0119898	6.2619166	1.8860006	3189	257	1238	1052	60	94	1	0	0	16.997457	0	5.7819047	0	0	0	0	0	0	297.846	-5.22782e-13	297.821	1.14052e-08	1.07518e-09	0	28	42449479	42449479
5.7825	19.992719	-36.5604	13.1627	0	0	0	86375649	2	0	0	0	297.78117	19.994865	1.153546e-08	1.075508e-09	-1790.667	7.7091023e+08	5.4889807e+08	2.0118838	6.0577652	1.8900086	3172	252	1187	1087	66	100	1	0	0	16.997457	0	5.7819047	0	0	0	0	0	0	297.846	-5.22782e-13	297.791	1.15022e-08	1.0742e-09	0	23	43030947	43030947
5.783	19.990914	-36.5636	13.1626	0	0	0	86375653	2	0	0	0	297.74878	19.992365	1.152522e-08	1.073568e-09	-1790.667	7.7091023e+08	5.4791132e+08	2.0118342	5.772404	1.895703	3089	263	1162	1019	46	75	3	0	0	16.997457	0	5.7825981	0	0	0	0	0	0	297.846	-5.22782e-13	297.762	1.15333e-08	1.07213e-09	0	14	42989789	42989789
5.7835	19.989114	-36.5667	13.1624	0	0	0	86375656	2	0	0	0	297.72813	19.989865	1.155935e-08	1.0706e-09	-1790.667	7.7091023e+08	5.4639991e+08	2.011817	5.9410415	1.8922941	3032	241	1121	1083	53	71	1	0	0	16.997457	0	5.7832917	0	0	0	0	0	0	297.846	-5.22782e-13	297.732	1.15558e-08	1.07158e-09	0	15	43114127	43114127
5.784	19.987314	-36.5699	13.1622	0	0	0	86375660	2	0	0	0	297.69739	19.989865	1.167013e-08	1.072026e-09	-1790.667	7.7091023e+08	5.4713107e+08	2.0121859	6.6050358	1.8792803	3177	233	1198	1131	55	84	0	0	0	16.997457	0	5.7832917	0	0	0	0	0	0	297.846	-5.22782e-13	297.701	1.16589e-08	1.0716e-09	0	14	43524318	43524318
5.7845	19.985509	-36.5731	13.1621	0	0	0	86375664	2	0	0	0	297.66835	19.987365	1.163304e-08	1.069541e-09	-1790.667	7.7091023e+08	5.4586617e+08	2.0121709	6.6722127	1.8779146	3132	266	1175	1091	57	82	2	0	0	16.997457	0	5.7839855	0	0	0	0	0	0	297.846	-5.22782e-13	297.676	1.1634e-08	1.06936e-09	0	20	43383002	43383002
5.785	19.983709	-36.5762	13.1619	0	0	0	86375668	2	0	0	0	297.63969	19.984865	1.170165e-08	1.073523e-09	-1790.667	7.7091023e+08	5.4790187e+08	2.011793	5.9149148	1.8927971	3100	248	1115	1101	49	69	4	0	0	16.997457	0	5.7846794	0	0	0	0	0	0	297.846	-5.22782e-13	297.649	1.1707e-08	1.06871e-09	0	20	43635865	43635865
5.7855	19.981909	-36.5794	13.1617	0	0	0	86375671	2	0	0	0	297.61636	19.982365	1.181669e-08	1.066988e-09	-1790.667	7.7091023e+08	5.4456994e+08	2.0120531	6.1258979	1.8887968	3084	256	1173	1019	57	83	1	0	0	16.997457	0	5.7853736	0	0	0	0	0	0	297.846	-5.22782e-13	297.621	1.18085e-08	1.06753e-09	0	15	44061820	44061820
5.786	19.980109	-36.5826	13.1616	0	0	0	86375675	2	0	0	0	297.5836	19.982365	1.191261e-08	1.06421e-09	-1790.667	7.7091023e+08	5.4315548e+08	2.0121776	6.01038	1.8912381	3110	249	1114	1104	53	78	5	0	0	16.997457	0	5.7853736	0	0	0	0	0	0	297.846	-5.22782e-13	297.587	1.18912e-08	1.06612e-09	0	18	44416427	44416427
5.7865	19.978309	-36.5857	13.1614	0	0	0	86375679	2	0	0	0	297.55599	19.979865	1.197863e-08	1.066779e-09	-1790.667	7.7091023e+08	5.4447006e+08	2.012008	6.5071073	1.8810845	3204	238	1175	1133	46	67	2	0	0	16.997457	0	5.7860679	0	0	0	0	0	0	297.846	-5.22782e-13	297.563	1.1953e-08	1.06641e-09	0	20	44659510	44659510
5.787	19.976509	-36.5889	13.1612	0	0	0	86375683	2	0	0	0	297.52641	19.977365	1.189937e-08	1.067052e-09	-1790.667	7.7091023e+08	5.446128e+08	2.0122342	6.2875225	1.8857146	3058	245	1143	1033	74	99	0	0	0	16.997457	0	5.7867624	0	0	0	0	0	0	297.846	-5.22782e-13	297.537	1.19307e-08	1.06717e-09	0	14	44360954	44360954
5.7875	19.974709	-36.592	13.1611	0	0	0	86375686	2	0	0	0	297.5019	19.977365	1.187611e-08	1.063395e-09	-1790.667	7.7091023e+08	5.4274971e+08	2.0122758	6.1332983	1.888857	3196	237	1163	1147	72	109	1	0	0	16.997457	0	5.7867624	0	0	0	0	0	0	297.846	-5.22782e-13	297.506	1.19475e-08	1.0656e-09	0	10	44271194	44271194
5.788	19.972909	-36.5952	13.1609	0	0	0	86375690	2	0	0	0	297.47352	19.974865	1.193713e-08	1.063045e-09	-1790.667	7.7091023e+08	5.4257449e+08	2.0118272	6.0045714	1.8910256	3146	245	1238	1028	57	86	0	0	0	16.997457	0	5.787457	0	0	0	0	0	0	297.846	-5.22782e-13	297.477	1.19404e-08	1.06481e-09	0	20	44495599	44495599
5.7885	19.971114	-36.5984	13.1607	0	0	0	86375694	2	0	0	0	297.4428	19.972365	1.19526e-08	1.06456e-09	-1790.667	7.7091023e+08	5.4335117e+08	2.0122342	6.1976403	1.8875232	3178	246	1176	1106	47	85	1	0	0	16.997457	0	5.7881519	0	0	0	0	0	0	297.846	-5.22782e-13	297.45	1.194e-08	1.06517e-09	0	17	44550197	44550197
5.789	19.969314	-36.6015	13.1606	0	0	0	86375698	2	0	0	0	297.41363	19.969865	1.190637e-08	1.063009e-09	-1790.667	7.7091023e+08	5.4256297e+08	2.0119434	6.2373764	1.8864509	3091	270	1137	1057	56	87	1	0	0	16.997457	0	5.7888469	0	0	0	0	0	0	297.846	-5.22782e-13	297.425	1.1934e-08	1.05998e-09	0	15	44374834	44374834
5.7895	19.967514	-36.6047	13.1604	0	0	0	86375701	2	0	0	0	297.39174	19.969865	1.193344e-08	1.059922e-09	-1790.667	7.7091023e+08	5.4099079e+08	2.0121427	6.0990982	1.8894202	3156	237	1166	1094	47	70	1	0	0	16.997457	0	5.7888469	0	0	0	0	0	0	297.846	-5.22782e-13	297.396	1.1979e-08	1.05941e-09	0	16	44472663	44472663
5.79	19.965719	-36.6078	13.1603	0	0	0	86375705	2	0	0	0	297.36143	19.967365	1.194793e-08	1.055851e-09	-1790.667	7.7091023e+08	5.3891635e+08	2.0118813	5.4996963	1.9012339	3214	217	1234	1126	64	94	0	0	0	16.997457	0	5.7895421	0	0	0	0	0	0	297.846	-5.22782e-13	297.369	1.19488e-08	1.05939e-09	0	16	44523600	44523600
5.7905	19.963919	-36.611	13.1601	0	0	0	86375709	2	0	0	0	297.33139	19.964865	1.196343e-08	1.054589e-09	-1790.667	7.7091023e+08	5.3827565e+08	2.0121242	6.2412689	1.8865421	3006	237	1130	1045	37	65	2	0	0	16.997457	0	5.7902375	0	0	0	0	0	0	297.846	-5.22782e-13	297.342	1.19435e-08	1.05759e-09	0	17	44578293	44578293
5.791	19.962124	-36.6142	13.1599	0	0	0	86375713	2	0	0	0	297.30035	19.964865	1.200178e-08	1.058835e-09	-1790.667	7.7091023e+08	5.4044632e+08	2.0120874	6.2135036	1.8870662	3098	234	1172	1045	53	76	0	0	0	16.997457	0	5.7902375	0	0	0	0	0	0	297.846	-5.22782e-13	297.313	1.19626e-08	1.05776e-09	0	15	44718117	44718117
5.7915	19.960329	-36.6173	13.1598	0	0	0	86375717	2	0	0	0	297.2729	19.962365	1.190897e-08	1.060918e-09	-1790.667	7.7091023e+08	5.4151298e+08	2.0120957	6.0972051	1.8894141	3154	240	1166	1100	54	83	1	0	0	16.997457	0	5.790933	0	0	0	0	0	0	297.846	-5.22782e-13	297.282	1.19186e-08	1.05596e-09	0	13	44369258	44369258
5.792	19.958529	-36.6205	13.1596	0	0	0	86375720	2	0	0	0	297.25055	19.959865	1.206511e-08	1.057433e-09	-1790.667	7.7091023e+08	5.3973764e+08	2.012063	5.8499956	1.8943574	3060	236	1148	1058	46	71	3	0	0	16.997457	0	5.7916288	0	0	0	0	0	0	297.846	-5.22782e-13	297.254	1.20428e-08	1.05572e-09	0	22	44947897	44947897
5.7925	19.956734	-36.6236	13.1594	0	0	0	86375724	2	0	0	0	297.22014	19.957365	1.218437e-08	1.058533e-09	-1790.667	7.7091023e+08	5.4030259e+08	2.0120272	5.9587107	1.8921363	3131	244	1134	1157	43	67	0	0	0	16.997457	0	5.7923247	0	0	0	0	0	0	297.846	-5.22782e-13	297.223	1.21434e-08	1.05622e-09	0	18	45389072	45389072
