# Scan number: 55
# Command: ascan monoE 8.959 9.059 200 1
# Date: Wed Jul 24 10:39:32 2024
# date: Wed Jul 24 10:39:32 2024
# C Wed Jul 24 10: 58:34 2024.  do ./2023-07_EXAFS.mac.
monoE	monobr	cr2latr	cr2vetr	H	K	L	Epoch	sec	no1	no2	izero	RCur	enc_det	K1_1	K1_2	"Counter 8"	"Counter 9"	ionch1	mcaRt	mcaDt	mcaLt	mca	roi1	roi2	roi3	roi4	roi5	roi6	ctm	ctran	LST1	LST2	E_det	mcaLt1	mcaLt2	mcaLt3	mcaLt4	mcaLt5	mcaLt6	mcaLt7	mcaLt8	AS_RC	AS_DM	AS_IC	AS_IC1	cyber	diode1	diode1
8.959	12.748769	-56.644	12.6007	0	0	0	86380255	1	0	0	0	296.51745	12.748537	9.448435e-09	1.949978e-10	-1790.667	7.7091023e+08	1.3717801e+08	1.0121037	6.8578271	0.94269536	1663	124	136	256	22	22	1	0	0	16.997457	0	8.9591619	0	0	0	0	0	0	297.846	-5.22782e-13	296.517	9.42128e-09	1.95273e-10	0	10	25422394	25422394
8.9595	12.748049	-56.6472	12.6007	0	0	0	86380257	1	0	0	0	296.50104	12.748537	9.457725e-09	1.952962e-10	-1790.667	7.7091023e+08	1.3739919e+08	1.012257	7.4034324	0.9373152	1523	81	129	256	23	23	0	0	0	16.997457	0	8.9591619	0	0	0	0	0	0	297.846	-5.22782e-13	296.501	9.44607e-09	1.95305e-10	0	14	25446627	25446627
8.96	12.747324	-56.6503	12.6006	0	0	0	86380259	1	0	0	0	296.4837	12.748537	9.439013e-09	1.94845e-10	-1790.667	7.7091023e+08	1.3709299e+08	1.0119424	6.6660237	0.94448608	1628	121	134	243	21	21	0	0	0	16.997457	0	8.9591619	0	0	0	0	0	0	297.846	-5.22782e-13	296.484	9.44064e-09	1.95412e-10	0	9	25395520	25395520
8.9605	12.746599	-56.6535	12.6006	0	0	0	86380262	1	0	0	0	296.47001	12.748537	9.450304e-09	1.951292e-10	-1790.667	7.7091023e+08	1.3730422e+08	1.0122061	6.0134474	0.9513376	1622	98	139	259	23	23	1	0	0	16.997457	0	8.9591619	0	0	0	0	0	0	297.846	-5.22782e-13	296.47	9.43422e-09	1.95012e-10	0	15	25425137	25425137
8.961	12.745879	-56.6566	12.6005	0	0	0	86380264	1	0	0	0	296.44753	12.746037	9.522758e-09	1.956266e-10	-1790.667	7.7091023e+08	1.376655e+08	1.0122605	6.9772397	0.94163264	1594	117	114	258	33	33	2	0	0	16.997457	0	8.96089	0	0	0	0	0	0	297.846	-5.22782e-13	296.456	9.48059e-09	1.9554e-10	0	12	25619300	25619300
8.9615	12.745154	-56.6598	12.6005	0	0	0	86380266	1	0	0	0	296.42978	12.746037	9.544369e-09	1.959251e-10	-1790.667	7.7091023e+08	1.3788687e+08	1.0122438	6.8133465	0.94327616	1593	124	128	263	19	19	0	0	0	16.997457	0	8.96089	0	0	0	0	0	0	297.846	-5.22782e-13	296.434	9.53304e-09	1.95724e-10	0	5	25676672	25676672
8.962	12.744429	-56.663	12.6004	0	0	0	86380268	1	0	0	0	296.41661	12.746037	9.52431e-09	1.955485e-10	-1790.667	7.7091023e+08	1.3763312e+08	1.0121261	6.8380414	0.94291648	1678	105	122	277	35	35	0	0	0	16.997457	0	8.96089	0	0	0	0	0	0	297.846	-5.22782e-13	296.417	9.52392e-09	1.95895e-10	0	13	25621941	25621941
8.9625	12.743709	-56.6661	12.6004	0	0	0	86380270	1	0	0	0	296.39792	12.743537	9.607973e-09	1.970761e-10	-1790.667	7.7091023e+08	1.3871967e+08	1.0121261	6.5418569	0.94591424	1620	99	134	244	27	27	0	0	0	16.997457	0	8.9626188	0	0	0	0	0	0	297.846	-5.22782e-13	296.398	9.34341e-09	1.9612e-10	0	20	25846235	25846235
8.963	12.742984	-56.6693	12.6003	0	0	0	86380273	1	0	0	0	298.23709	12.743537	9.612585e-09	1.97165e-10	-1790.667	7.7091023e+08	1.3879363e+08	1.0122342	7.4442216	0.93688128	1576	95	138	261	37	37	1	0	0	16.997457	0	8.9626188	0	0	0	0	0	0	297.846	-5.22782e-13	298.245	9.59081e-09	1.97275e-10	0	9	25857868	25857868
8.9635	12.742264	-56.6724	12.6003	0	0	0	86380275	1	0	0	0	298.22185	12.743537	9.627328e-09	1.977263e-10	-1790.667	7.7091023e+08	1.3920017e+08	1.0119645	6.4545507	0.94664672	1651	111	118	257	17	17	0	0	0	16.997457	0	8.9626188	0	0	0	0	0	0	297.846	-5.22782e-13	298.228	9.5893e-09	1.97588e-10	0	13	25896752	25896752
8.964	12.741539	-56.6756	12.6002	0	0	0	86380277	1	0	0	0	298.20644	12.741037	9.630696e-09	1.974918e-10	-1790.667	7.7091023e+08	1.3904649e+08	1.011969	7.2144822	0.93896064	1639	115	131	264	27	27	0	0	0	16.997457	0	8.9643484	0	0	0	0	0	0	297.846	-5.22782e-13	298.206	9.62818e-09	1.98101e-10	0	13	25905037	25905037
8.9645	12.740819	-56.6788	12.6002	0	0	0	86380279	1	0	0	0	298.19131	12.741037	9.643188e-09	1.979075e-10	-1790.667	7.7091023e+08	1.393506e+08	1.0121776	7.845959	0.93276256	1628	112	130	294	14	14	1	0	0	16.997457	0	8.9643484	0	0	0	0	0	0	297.846	-5.22782e-13	298.191	9.63688e-09	1.98137e-10	0	20	25937863	25937863
8.965	12.740094	-56.6819	12.6001	0	0	0	86380282	1	0	0	0	298.17396	12.741037	9.701068e-09	1.983267e-10	-1790.667	7.7091023e+08	1.3965722e+08	1.0122746	7.1071943	0.94033024	1696	112	133	273	26	26	0	0	0	16.997457	0	8.9643484	0	0	0	0	0	0	297.846	-5.22782e-13	298.174	9.69487e-09	1.9833e-10	0	9	26092766	26092766
8.9655	12.739374	-56.6851	12.6001	0	0	0	86380284	1	0	0	0	298.14802	12.741037	9.730414e-09	1.989306e-10	-1790.667	7.7091023e+08	1.4009397e+08	1.0119514	7.0193413	0.94091904	1675	93	120	317	26	26	0	0	0	16.997457	0	8.9643484	0	0	0	0	0	0	297.846	-5.22782e-13	298.158	9.71378e-09	1.98522e-10	0	13	26170916	26170916
8.966	12.738649	-56.6883	12.6	0	0	0	86380286	1	0	0	0	298.13316	12.738537	9.805156e-09	1.995168e-10	-1790.667	7.7091023e+08	1.4051832e+08	1.0119629	7.431071	0.9367632	1629	80	122	277	29	29	0	0	0	16.997457	0	8.9660786	0	0	0	0	0	0	297.846	-5.22782e-13	298.141	9.7831e-09	1.9945e-10	0	10	26371154	26371154
8.9665	12.737929	-56.6914	12.6	0	0	0	86380288	1	0	0	0	298.11723	12.738537	9.821871e-09	1.994387e-10	-1790.667	7.7091023e+08	1.4047485e+08	1.0121571	6.8483913	0.94284064	1660	89	135	302	28	28	0	0	0	16.997457	0	8.9660786	0	0	0	0	0	0	297.846	-5.22782e-13	298.122	9.84039e-09	1.99397e-10	0	11	26415320	26415320
8.967	12.737204	-56.6946	12.5999	0	0	0	86380290	1	0	0	0	298.1008	12.738537	9.835375e-09	1.993428e-10	-1790.667	7.7091023e+08	1.4041882e+08	1.0121866	6.3725486	0.94768448	1657	111	133	282	25	25	0	0	0	16.997457	0	8.9660786	0	0	0	0	0	0	297.846	-5.22782e-13	298.101	9.84512e-09	1.99753e-10	0	10	26450849	26450849
8.9675	12.736484	-56.6977	12.5999	0	0	0	86380292	1	0	0	0	298.08668	12.736037	9.900155e-09	2.005685e-10	-1790.667	7.7091023e+08	1.4129381e+08	1.0120794	6.4713344	0.94658432	1700	105	137	328	29	29	1	0	0	16.997457	0	8.9678095	0	0	0	0	0	0	297.846	-5.22782e-13	298.087	9.90345e-09	2.00403e-10	0	14	26624270	26624270
8.968	12.735759	-56.7009	12.5998	0	0	0	86380296	1	0	0	0	298.05267	12.736037	9.929149e-09	2.007745e-10	-1790.667	7.7091023e+08	1.4145054e+08	1.0120909	6.3114648	0.94821312	1737	115	128	322	25	25	0	0	0	16.997457	0	8.9678095	0	0	0	0	0	0	297.846	-5.22782e-13	298.071	9.89733e-09	2.00483e-10	0	11	26701446	26701446
8.9685	12.735039	-56.7041	12.5998	0	0	0	86380307	1	0	0	0	297.96285	12.736037	9.952277e-09	2.011262e-10	-1790.667	7.7091023e+08	1.4170996e+08	1.0122662	6.9135329	0.94228288	1730	105	129	305	25	25	0	0	0	16.997457	0	8.9678095	0	0	0	0	0	0	297.846	-5.22782e-13	298.045	9.93142e-09	2.00879e-10	0	13	26762844	26762844
8.969	12.734319	-56.7072	12.5997	0	0	0	86380309	1	0	0	0	297.9476	12.736037	9.911638e-09	2.011689e-10	-1790.667	7.7091023e+08	1.4175168e+08	1.0122586	6.7212235	0.9442224	1770	98	139	343	29	29	0	0	0	16.997457	0	8.9678095	0	0	0	0	0	0	297.846	-5.22782e-13	297.956	9.88667e-09	2.01217e-10	0	11	26652766	26652766
8.9695	12.733594	-56.7104	12.5997	0	0	0	86380311	1	0	0	0	297.93296	12.733537	9.975338e-09	2.020499e-10	-1790.667	7.7091023e+08	1.4238416e+08	1.0122714	6.924499	0.94217664	1794	109	144	320	31	31	0	0	0	16.997457	0	8.969541	0	0	0	0	0	0	297.846	-5.22782e-13	297.937	9.96892e-09	2.01863e-10	0	8	26823257	26823257
8.97	12.732874	-56.7135	12.5996	0	0	0	86380313	1	0	0	0	297.91609	12.733537	9.958345e-09	2.015312e-10	-1790.667	7.7091023e+08	1.4203029e+08	1.0120467	6.6014027	0.94523744	1808	120	129	323	25	25	0	0	0	16.997457	0	8.969541	0	0	0	0	0	0	297.846	-5.22782e-13	297.916	9.97144e-09	2.01753e-10	0	13	26776766	26776766
8.9705	12.732154	-56.7167	12.5996	0	0	0	86380315	1	0	0	0	297.90228	12.733537	9.984749e-09	2.016591e-10	-1790.667	7.7091023e+08	1.421321e+08	1.0118666	6.9810944	0.9412272	1808	110	137	414	24	24	0	0	0	16.997457	0	8.969541	0	0	0	0	0	0	297.846	-5.22782e-13	297.902	9.97313e-09	2.01871e-10	0	9	26846963	26846963
8.971	12.731429	-56.7199	12.5995	0	0	0	86380318	1	0	0	0	297.88611	12.731037	9.998857e-09	2.021139e-10	-1790.667	7.7091023e+08	1.4246434e+08	1.0122054	7.2335671	0.93898688	1783	102	125	382	27	27	0	0	0	16.997457	0	8.9712733	0	0	0	0	0	0	297.846	-5.22782e-13	297.886	9.9813e-09	2.02121e-10	0	15	26884095	26884095
8.9715	12.730709	-56.723	12.5995	0	0	0	86380320	1	0	0	0	297.86137	12.731037	1.002049e-08	2.021849e-10	-1790.667	7.7091023e+08	1.4252609e+08	1.0119059	7.9076126	0.93188832	1702	106	131	342	38	38	0	0	0	16.997457	0	8.9712733	0	0	0	0	0	0	297.846	-5.22782e-13	297.87	9.99995e-09	2.0194e-10	0	13	26941458	26941458
8.972	12.729989	-56.7262	12.5994	0	0	0	86380322	1	0	0	0	297.84364	12.731037	1.000263e-08	2.026219e-10	-1790.667	7.7091023e+08	1.4284588e+08	1.0118909	7.2396107	0.93863392	1798	119	131	376	30	30	2	0	0	16.997457	0	8.9712733	0	0	0	0	0	0	297.846	-5.22782e-13	297.853	9.99491e-09	2.02585e-10	0	6	26892638	26892638
8.9725	12.729264	-56.7294	12.5994	0	0	0	86380324	1	0	0	0	297.8276	12.731037	1.000606e-08	2.028813e-10	-1790.667	7.7091023e+08	1.430405e+08	1.0122294	6.6549339	0.94486624	1799	107	140	396	28	28	1	0	0	16.997457	0	8.9712733	0	0	0	0	0	0	297.846	-5.22782e-13	297.831	1.00051e-08	2.02808e-10	0	9	26901058	26901058
8.973	12.728544	-56.7325	12.5993	0	0	0	86380326	1	0	0	0	297.81223	12.728537	1.004121e-08	2.026574e-10	-1790.667	7.7091023e+08	1.4289438e+08	1.0120278	8.2158372	0.92888128	1810	126	125	394	36	36	1	0	0	16.997457	0	8.9730062	0	0	0	0	0	0	297.846	-5.22782e-13	297.812	1.00292e-08	2.02927e-10	0	16	26994755	26994755
8.9735	12.727824	-56.7357	12.5993	0	0	0	86380328	1	0	0	0	297.79552	12.728537	1.004598e-08	2.033964e-10	-1790.667	7.7091023e+08	1.4342723e+08	1.012049	7.0232808	0.94096992	1825	105	128	410	37	37	1	0	0	16.997457	0	8.9730062	0	0	0	0	0	0	297.846	-5.22782e-13	297.796	1.00457e-08	2.03175e-10	0	9	27006775	27006775
8.974	12.727104	-56.7388	12.5992	0	0	0	86380331	1	0	0	0	297.77986	12.728537	1.005465e-08	2.031477e-10	-1790.667	7.7091023e+08	1.4326362e+08	1.0122221	7.1165095	0.9401872	1825	118	160	401	27	27	0	0	0	16.997457	0	8.9730062	0	0	0	0	0	0	297.846	-5.22782e-13	297.78	1.0035e-08	2.03579e-10	0	11	27029278	27029278
8.9745	12.726384	-56.742	12.5992	0	0	0	86380333	1	0	0	0	297.75435	12.726037	1.0058e-08	2.041389e-10	-1790.667	7.7091023e+08	1.4397446e+08	1.0122342	6.8099969	0.94330112	1872	88	149	429	19	19	0	0	0	16.997457	0	8.9747399	0	0	0	0	0	0	297.846	-5.22782e-13	297.764	1.00434e-08	2.03615e-10	0	15	27037480	27037480
8.975	12.725659	-56.7452	12.5992	0	0	0	86380335	1	0	0	0	297.741	12.726037	1.004908e-08	2.039116e-10	-1790.667	7.7091023e+08	1.4382597e+08	1.0119011	7.9033493	0.93192704	1914	107	150	465	17	17	0	0	0	16.997457	0	8.9747399	0	0	0	0	0	0	297.846	-5.22782e-13	297.749	1.00513e-08	2.03896e-10	0	9	27012698	27012698
8.9755	12.724939	-56.7483	12.5991	0	0	0	86380337	1	0	0	0	297.72261	12.726037	1.004452e-08	2.040466e-10	-1790.667	7.7091023e+08	1.4393302e+08	1.0117994	7.328789	0.93764672	1956	124	134	482	25	25	0	0	0	16.997457	0	8.9747399	0	0	0	0	0	0	297.846	-5.22782e-13	297.723	1.00497e-08	2.04617e-10	0	15	26999638	26999638
8.976	12.724219	-56.7515	12.5991	0	0	0	86380339	1	0	0	0	297.70855	12.726037	1.004791e-08	2.045191e-10	-1790.667	7.7091023e+08	1.4427817e+08	1.0122269	7.9347587	0.93190912	1960	107	146	521	25	25	0	0	0	16.997457	0	8.9747399	0	0	0	0	0	0	297.846	-5.22782e-13	297.709	1.0057e-08	2.04524e-10	0	5	27007947	27007947
8.9765	12.723499	-56.7546	12.599	0	0	0	86380342	1	0	0	0	297.68488	12.723537	1.004257e-08	2.051337e-10	-1790.667	7.7091023e+08	1.4472363e+08	1.0119344	8.2271894	0.92868064	2042	103	153	512	30	30	0	0	0	16.997457	0	8.9764742	0	0	0	0	0	0	297.846	-5.22782e-13	297.694	1.00469e-08	2.0527e-10	0	5	26992792	26992792
8.977	12.722779	-56.7578	12.599	0	0	0	86380344	1	0	0	0	297.66855	12.723537	1.002661e-08	2.05528e-10	-1790.667	7.7091023e+08	1.4501373e+08	1.0121523	7.7291133	0.93392192	2065	110	138	589	30	30	0	0	0	16.997457	0	8.9764742	0	0	0	0	0	0	297.846	-5.22782e-13	297.678	9.98976e-09	2.05581e-10	0	11	26949093	26949093
8.9775	12.722059	-56.761	12.5989	0	0	0	86380346	1	0	0	0	297.65367	12.723537	9.990579e-09	2.058194e-10	-1790.667	7.7091023e+08	1.4523127e+08	1.0119693	7.5912186	0.93514848	1997	110	135	555	30	30	0	0	0	16.997457	0	8.9764742	0	0	0	0	0	0	297.846	-5.22782e-13	297.661	9.99536e-09	2.05549e-10	0	14	26851453	26851453
8.978	12.721339	-56.7641	12.5989	0	0	0	86380348	1	0	0	0	297.63684	12.721037	9.89796e-09	2.063985e-10	-1790.667	7.7091023e+08	1.4565186e+08	1.0120282	7.8173319	0.93291456	2106	91	156	599	31	31	0	0	0	16.997457	0	8.9782092	0	0	0	0	0	0	297.846	-5.22782e-13	297.64	1.00025e-08	2.0635e-10	0	10	26601734	26601734
8.9785	12.720619	-56.7673	12.5988	0	0	0	86380350	1	0	0	0	297.62082	12.721037	8.207447e-09	2.038227e-10	-1790.667	7.7091023e+08	1.4384599e+08	1.0120154	7.8636593	0.93243392	2033	92	127	630	18	18	0	0	0	16.997457	0	8.9782092	0	0	0	0	0	0	297.846	-5.22782e-13	297.621	8.02551e-09	1.97955e-10	0	10	22057660	22057660
8.979	12.719899	-56.7704	12.5988	0	0	0	86380352	1	0	0	0	297.60465	12.721037	9.948138e-09	2.078018e-10	-1790.667	7.7091023e+08	1.4666626e+08	1.0120307	7.8931675	0.93214944	2284	114	152	727	32	32	1	0	0	16.997457	0	8.9782092	0	0	0	0	0	0	297.846	-5.22782e-13	297.605	9.93327e-09	2.07831e-10	0	12	26735005	26735005
8.9795	12.719179	-56.7736	12.5987	0	0	0	86380355	1	0	0	0	297.58139	12.721037	9.91653e-09	2.079936e-10	-1790.667	7.7091023e+08	1.468137e+08	1.011975	7.9687341	0.93133344	2435	124	147	796	32	33	0	0	0	16.997457	0	8.9782092	0	0	0	0	0	0	297.846	-5.22782e-13	297.59	9.8921e-09	2.0805e-10	0	16	26649270	26649270
8.98	12.718459	-56.7768	12.5987	0	0	0	86380357	1	0	0	0	297.5639	12.718537	9.851544e-09	2.083738e-10	-1790.667	7.7091023e+08	1.4709416e+08	1.0053773	7.7863228	0.92709536	2342	110	142	804	23	23	0	0	0	16.997457	0	8.9799449	0	0	0	0	0	0	297.846	-5.22782e-13	297.573	9.82314e-09	2.07759e-10	0	10	26473844	26473844
8.9805	12.717739	-56.7799	12.5986	0	0	0	86380359	1	0	0	0	297.54748	12.718537	9.769508e-09	2.084377e-10	-1790.667	7.7091023e+08	1.4715136e+08	1.0121914	8.0799583	0.93040672	2402	118	145	872	22	22	0	0	0	16.997457	0	8.9799449	0	0	0	0	0	0	297.846	-5.22782e-13	297.552	9.76563e-09	2.08032e-10	0	6	26252612	26252612
8.981	12.717019	-56.7831	12.5986	0	0	0	86380361	1	0	0	0	297.5324	12.718537	9.701655e-09	2.083063e-10	-1790.667	7.7091023e+08	1.4707069e+08	1.0120272	9.3499147	0.91740352	2558	93	130	990	28	28	0	0	0	16.997457	0	8.9799449	0	0	0	0	0	0	297.846	-5.22782e-13	297.532	9.68818e-09	2.0802e-10	0	8	26069505	26069505
8.9815	12.716299	-56.7863	12.5985	0	0	0	86380363	1	0	0	0	297.5154	12.716037	9.576976e-09	2.0869e-10	-1790.667	7.7091023e+08	1.4735371e+08	1.0117853	8.8822324	0.92191616	2714	111	143	1145	27	28	0	0	0	16.997457	0	8.9816813	0	0	0	0	0	0	297.846	-5.22782e-13	297.515	9.57026e-09	2.08036e-10	0	8	25733715	25733715
8.982	12.715579	-56.7894	12.5985	0	0	0	86380366	1	0	0	0	297.50033	12.716037	9.435382e-09	2.086153e-10	-1790.667	7.7091023e+08	1.4731308e+08	1.0122397	9.3140312	0.91795936	2972	124	138	1308	23	25	0	0	0	16.997457	0	8.9816813	0	0	0	0	0	0	297.846	-5.22782e-13	297.5	9.41917e-09	2.08637e-10	0	15	25352495	25352495
8.9825	12.714859	-56.7926	12.5984	0	0	0	86380368	1	0	0	0	297.47659	12.716037	9.290282e-09	2.097735e-10	-1790.667	7.7091023e+08	1.4814312e+08	1.012095	10.230533	0.90855232	3125	111	143	1460	31	31	1	0	0	16.997457	0	8.9816813	0	0	0	0	0	0	297.846	-5.22782e-13	297.484	9.29186e-09	2.09374e-10	0	11	24961877	24961877
8.983	12.714139	-56.7957	12.5984	0	0	0	86380370	1	0	0	0	297.45979	12.716037	9.079248e-09	2.096741e-10	-1790.667	7.7091023e+08	1.480851e+08	1.0119322	11.214728	0.89844672	3414	104	126	1710	43	44	0	0	0	16.997457	0	8.9816813	0	0	0	0	0	0	297.846	-5.22782e-13	297.468	9.06965e-09	2.09766e-10	0	11	24394132	24394132
8.9835	12.713419	-56.7989	12.5983	0	0	0	86380372	1	0	0	0	297.44331	12.713537	8.803337e-09	2.100826e-10	-1790.667	7.7091023e+08	1.4838582e+08	1.012033	11.458156	0.89607264	3882	106	141	2054	35	35	2	0	0	16.997457	0	8.9834184	0	0	0	0	0	0	297.846	-5.22782e-13	297.443	8.8054e-09	2.10344e-10	0	11	23652114	23652114
8.984	12.712699	-56.8021	12.5983	0	0	0	86380374	1	0	0	0	297.42807	12.713537	8.509762e-09	2.113794e-10	-1790.667	7.7091023e+08	1.4931405e+08	1.0119987	12.800743	0.88245536	4352	99	123	2549	31	31	0	0	0	16.997457	0	8.9834184	0	0	0	0	0	0	297.846	-5.22782e-13	297.428	8.46719e-09	2.11022e-10	0	12	22862683	22862683
8.9845	12.711979	-56.8052	12.5982	0	0	0	86380377	1	0	0	0	297.41268	12.713537	8.15005e-09	2.121112e-10	-1790.667	7.7091023e+08	1.4984331e+08	1.0121168	15.429903	0.85594816	5007	112	144	3017	29	29	0	0	0	16.997457	0	8.9834184	0	0	0	0	0	0	297.846	-5.22782e-13	297.413	8.15511e-09	2.11926e-10	0	5	21895618	21895618
8.985	12.711259	-56.8084	12.5982	0	0	0	86380379	1	0	0	0	297.38862	12.711037	7.785868e-09	2.122533e-10	-1790.667	7.7091023e+08	1.4995603e+08	1.0121203	15.841532	0.85178496	5648	91	125	3555	31	31	0	0	0	16.997457	0	8.9851561	0	0	0	0	0	0	297.846	-5.22782e-13	297.397	7.7837e-09	2.12109e-10	0	16	20916601	20916601
8.9855	12.710544	-56.8115	12.5981	0	0	0	86380381	1	0	0	0	297.37203	12.711037	7.45716e-09	2.123457e-10	-1790.667	7.7091023e+08	1.5003365e+08	1.0119242	18.180683	0.82794944	6009	107	110	3875	33	33	1	0	0	16.997457	0	8.9851561	0	0	0	0	0	0	297.846	-5.22782e-13	297.379	7.43531e-09	2.12488e-10	0	6	20032940	20032940
8.986	12.709824	-56.8147	12.5981	0	0	0	86380383	1	0	0	0	297.35664	12.711037	7.146152e-09	2.124487e-10	-1790.667	7.7091023e+08	1.5011878e+08	1.012265	19.296355	0.81693472	6728	109	139	4543	30	30	1	0	0	16.997457	0	8.9851561	0	0	0	0	0	0	297.846	-5.22782e-13	297.36	7.1257e-09	2.12571e-10	0	7	19196880	19196880
8.9865	12.709104	-56.8179	12.598	0	0	0	86380385	1	0	0	0	297.34128	12.711037	6.827513e-09	2.126406e-10	-1790.667	7.7091023e+08	1.5026674e+08	1.0120534	19.929003	0.81036128	7114	100	118	4862	33	34	0	0	0	16.997457	0	8.9851561	0	0	0	0	0	0	297.846	-5.22782e-13	297.341	6.86754e-09	2.13246e-10	0	12	18340370	18340370
8.987	12.708384	-56.821	12.598	0	0	0	86380387	1	0	0	0	297.32487	12.708537	6.703189e-09	2.130491e-10	-1790.667	7.7091023e+08	1.505678e+08	1.0119869	20.929252	0.8001856	7356	101	120	5058	37	39	1	0	0	16.997457	0	8.9868946	0	0	0	0	0	0	297.846	-5.22782e-13	297.325	6.6883e-09	2.13179e-10	0	5	18005873	18005873
8.9875	12.707664	-56.8242	12.5979	0	0	0	86380389	1	0	0	0	297.30809	12.708537	6.562011e-09	2.139444e-10	-1790.667	7.7091023e+08	1.5121298e+08	1.0118224	21.548319	0.79379168	7738	85	122	5342	39	42	1	0	0	16.997457	0	8.9868946	0	0	0	0	0	0	297.846	-5.22782e-13	297.308	6.55884e-09	2.13568e-10	0	11	17626125	17626125
8.988	12.706949	-56.8274	12.5979	0	0	0	86380392	1	0	0	0	297.28419	12.708537	6.45878e-09	2.138414e-10	-1790.667	7.7091023e+08	1.5115262e+08	1.0121677	21.90758	0.79042624	7793	92	145	5382	36	37	1	0	0	16.997457	0	8.9868946	0	0	0	0	0	0	297.846	-5.22782e-13	297.291	6.46431e-09	2.13635e-10	0	6	17348325	17348325
8.9885	12.706229	-56.8305	12.5978	0	0	0	86380394	1	0	0	0	297.26895	12.706037	6.344735e-09	2.137099e-10	-1790.667	7.7091023e+08	1.510721e+08	1.0120944	21.970125	0.789736	8082	100	131	5625	36	38	0	0	0	16.997457	0	8.9886337	0	0	0	0	0	0	297.846	-5.22782e-13	297.272	6.33703e-09	2.13839e-10	0	11	17041497	17041497
8.989	12.705509	-56.8337	12.5978	0	0	0	86380396	1	0	0	0	297.25486	12.706037	6.269119e-09	2.145093e-10	-1790.667	7.7091023e+08	1.5164968e+08	1.0118528	23.576615	0.77329216	8204	106	104	5747	38	39	0	0	0	16.997457	0	8.9886337	0	0	0	0	0	0	297.846	-5.22782e-13	297.255	6.25409e-09	2.14243e-10	0	16	16837900	16837900
8.9895	12.704789	-56.8368	12.5977	0	0	0	86380398	1	0	0	0	297.23667	12.706037	6.137338e-09	2.14726e-10	-1790.667	7.7091023e+08	1.5181538e+08	1.0119808	23.043694	0.77878304	8437	100	112	5911	39	40	0	0	0	16.997457	0	8.9886337	0	0	0	0	0	0	297.846	-5.22782e-13	297.237	6.13383e-09	2.14561e-10	0	7	16483470	16483470
8.99	12.704074	-56.84	12.5977	0	0	0	86380401	1	0	0	0	297.22134	12.706037	5.961127e-09	2.152269e-10	-1790.667	7.7091023e+08	1.5218205e+08	1.0119974	25.032822	0.75866592	8695	85	109	6172	32	32	0	0	0	16.997457	0	8.9886337	0	0	0	0	0	0	297.846	-5.22782e-13	297.221	5.95355e-09	2.1479e-10	0	4	16009736	16009736
8.9905	12.703354	-56.8432	12.5977	0	0	0	86380403	1	0	0	0	297.19518	12.703537	5.767316e-09	2.155609e-10	-1790.667	7.7091023e+08	1.5243076e+08	1.0121046	25.893734	0.75003296	9029	92	120	6518	28	29	0	0	0	16.997457	0	8.9903736	0	0	0	0	0	0	297.846	-5.22782e-13	297.203	5.79998e-09	2.15474e-10	0	9	15488763	15488763
8.991	12.702634	-56.8463	12.5976	0	0	0	86380405	1	0	0	0	297.17973	12.703537	5.577853e-09	2.161222e-10	-1790.667	7.7091023e+08	1.5284026e+08	1.0119181	26.73924	0.74133888	9578	92	137	6867	34	36	2	0	0	16.997457	0	8.9903736	0	0	0	0	0	0	297.846	-5.22782e-13	297.189	5.57442e-09	2.15895e-10	0	5	14979497	14979497
8.9915	12.701919	-56.8495	12.5976	0	0	0	86380407	1	0	0	0	297.16412	12.703537	5.423214e-09	2.16005e-10	-1790.667	7.7091023e+08	1.5276996e+08	1.0121453	28.961913	0.71900864	9836	82	107	7149	31	33	1	0	0	16.997457	0	8.9903736	0	0	0	0	0	0	297.846	-5.22782e-13	297.168	5.43717e-09	2.15914e-10	0	12	14563780	14563780
8.992	12.701199	-56.8526	12.5975	0	0	0	86380409	1	0	0	0	297.14775	12.701037	5.273005e-09	2.15838e-10	-1790.667	7.7091023e+08	1.5266441e+08	1.011929	29.01965	0.71827072	10340	95	98	7626	37	38	0	0	0	16.997457	0	8.9921141	0	0	0	0	0	0	297.846	-5.22782e-13	297.148	5.28366e-09	2.16039e-10	0	12	14159984	14159984
8.9925	12.700484	-56.8558	12.5975	0	0	0	86380411	1	0	0	0	297.1333	12.701037	5.115403e-09	2.163745e-10	-1790.667	7.7091023e+08	1.5305649e+08	1.0121222	30.065554	0.70782208	10676	108	95	7890	41	45	0	0	0	16.997457	0	8.9921141	0	0	0	0	0	0	297.846	-5.22782e-13	297.133	5.12748e-09	2.16422e-10	0	15	13736359	13736359
8.993	12.699764	-56.859	12.5974	0	0	0	86380414	1	0	0	0	297.11101	12.701037	4.989204e-09	2.163318e-10	-1790.667	7.7091023e+08	1.5303889e+08	1.0119709	32.187487	0.68624288	10966	82	107	8152	43	45	2	0	0	16.997457	0	8.9921141	0	0	0	0	0	0	297.846	-5.22782e-13	297.118	5.01073e-09	2.16666e-10	0	14	13397083	13397083
8.9935	12.699044	-56.8621	12.5974	0	0	0	86380417	1	0	0	0	297.09318	12.701037	4.86834e-09	2.170673e-10	-1790.667	7.7091023e+08	1.5357185e+08	1.0118726	31.646196	0.69165344	11670	108	111	8690	38	42	1	0	0	16.997457	0	8.9921141	0	0	0	0	0	0	297.846	-5.22782e-13	297.101	4.86623e-09	2.16636e-10	0	12	13072152	13072152
8.994	12.698329	-56.8653	12.5973	0	0	0	86380427	1	0	0	0	297.00397	12.698537	4.765795e-09	2.174936e-10	-1790.667	7.7091023e+08	1.5388612e+08	1.0121824	33.705451	0.67102176	11652	94	105	8712	38	40	1	0	0	16.997457	0	8.9938553	0	0	0	0	0	0	297.846	-5.22782e-13	297.078	4.77275e-09	2.16941e-10	0	9	12796428	12796428
8.9945	12.697609	-56.8684	12.5973	0	0	0	86380429	1	0	0	0	296.9884	12.698537	4.665836e-09	2.171738e-10	-1790.667	7.7091023e+08	1.5367251e+08	1.0122461	34.822868	0.65975296	11950	89	108	8970	44	45	2	0	0	16.997457	0	8.9938553	0	0	0	0	0	0	297.846	-5.22782e-13	296.988	4.65741e-09	2.17369e-10	0	11	12527664	12527664
8.995	12.696894	-56.8716	12.5972	0	0	0	86380431	1	0	0	0	296.97255	12.698537	4.577913e-09	2.172129e-10	-1790.667	7.7091023e+08	1.5371283e+08	1.0121622	34.699038	0.66095168	12066	81	100	9110	39	42	1	0	0	16.997457	0	8.9938553	0	0	0	0	0	0	297.846	-5.22782e-13	296.973	4.57694e-09	2.17542e-10	0	8	12291231	12291231
8.9955	12.696174	-56.8748	12.5972	0	0	0	86380434	1	0	0	0	296.94902	12.696037	4.495817e-09	2.177885e-10	-1790.667	7.7091023e+08	1.5413286e+08	1.0120854	35.570815	0.6520784	12302	94	104	9209	45	48	0	0	0	16.997457	0	8.9955972	0	0	0	0	0	0	297.846	-5.22782e-13	296.957	4.50985e-09	2.17661e-10	0	16	12070456	12070456
8.996	12.695459	-56.8779	12.5971	0	0	0	86380436	1	0	0	0	296.93065	12.696037	4.393986e-09	2.179839e-10	-1790.667	7.7091023e+08	1.5428386e+08	1.0121344	35.566502	0.6521536	12409	89	102	9359	51	57	0	0	0	16.997457	0	8.9955972	0	0	0	0	0	0	297.846	-5.22782e-13	296.94	4.4109e-09	2.18314e-10	0	13	11796711	11796711
8.9965	12.694739	-56.8811	12.5971	0	0	0	86380438	1	0	0	0	296.91533	12.696037	4.366889e-09	2.1803e-10	-1790.667	7.7091023e+08	1.543292e+08	1.0121296	36.576312	0.64192992	12415	70	85	9398	49	57	0	0	0	16.997457	0	8.9955972	0	0	0	0	0	0	297.846	-5.22782e-13	296.922	4.35694e-09	2.17801e-10	0	6	11723618	11723618
8.997	12.694024	-56.8843	12.597	0	0	0	86380440	1	0	0	0	296.90139	12.696037	4.30952e-09	2.182077e-10	-1790.667	7.7091023e+08	1.5446771e+08	1.0119632	37.3883	0.63360736	12669	57	97	9620	37	46	1	0	0	16.997457	0	8.9955972	0	0	0	0	0	0	297.846	-5.22782e-13	296.905	4.31431e-09	2.18005e-10	0	7	11569262	11569262
8.9975	12.693304	-56.8874	12.597	0	0	0	86380442	1	0	0	0	296.88438	12.693537	4.237553e-09	2.181899e-10	-1790.667	7.7091023e+08	1.5446784e+08	1.0120362	36.790717	0.6397008	12745	112	103	9653	40	49	2	0	0	16.997457	0	8.9973398	0	0	0	0	0	0	297.846	-5.22782e-13	296.884	4.24162e-09	2.1844e-10	0	6	11375726	11375726
8.998	12.692589	-56.8906	12.5969	0	0	0	86380444	1	0	0	0	296.86928	12.693537	4.221047e-09	2.18499e-10	-1790.667	7.7091023e+08	1.5469941e+08	1.0118013	37.379039	0.63359968	12801	79	102	9683	34	39	0	0	0	16.997457	0	8.9973398	0	0	0	0	0	0	297.846	-5.22782e-13	296.869	4.22802e-09	2.18344e-10	0	16	11331083	11331083
8.9985	12.691874	-56.8937	12.5969	0	0	0	86380447	1	0	0	0	296.85261	12.693537	4.156547e-09	2.189218e-10	-1790.667	7.7091023e+08	1.5501153e+08	1.0118086	38.40761	0.62319712	12880	69	95	9796	52	56	0	0	0	16.997457	0	8.9973398	0	0	0	0	0	0	297.846	-5.22782e-13	296.853	4.16216e-09	2.18646e-10	0	7	11157610	11157610
8.999	12.691154	-56.8969	12.5968	0	0	0	86380449	1	0	0	0	296.83035	12.691037	4.146795e-09	2.180585e-10	-1790.667	7.7091023e+08	1.5441298e+08	1.0119664	38.085786	0.62655104	12834	75	96	9788	41	49	0	0	0	16.997457	0	8.9990831	0	0	0	0	0	0	297.846	-5.22782e-13	296.837	4.14179e-09	2.18835e-10	0	14	11131105	11131105
8.9995	12.690439	-56.9001	12.5968	0	0	0	86380451	1	0	0	0	296.81466	12.691037	4.083748e-09	2.192877e-10	-1790.667	7.7091023e+08	1.5529621e+08	1.0118762	38.477594	0.62253056	12703	83	103	9730	50	54	2	0	0	16.997457	0	8.9990831	0	0	0	0	0	0	297.846	-5.22782e-13	296.819	4.08275e-09	2.18936e-10	0	7	10961548	10961548
9	12.689724	-56.9032	12.5967	0	0	0	86380453	1	0	0	0	296.79948	12.691037	4.033559e-09	2.184031e-10	-1790.667	7.7091023e+08	1.546825e+08	1.0122368	37.773359	0.62988096	12841	77	106	9759	40	42	0	0	0	16.997457	0	8.9990831	0	0	0	0	0	0	297.846	-5.22782e-13	296.803	4.03482e-09	2.18735e-10	0	10	10826514	10826514
9.0005	12.689004	-56.9064	12.5967	0	0	0	86380455	1	0	0	0	296.78192	12.691037	4.01355e-09	2.189786e-10	-1790.667	7.7091023e+08	1.5510288e+08	1.0118314	38.692614	0.62032736	12689	82	89	9647	36	40	0	0	0	16.997457	0	8.9990831	0	0	0	0	0	0	297.846	-5.22782e-13	296.782	4.03411e-09	2.18762e-10	0	17	10772491	10772491
9.001	12.688289	-56.9095	12.5966	0	0	0	86380457	1	0	0	0	296.76671	12.688537	4.023345e-09	2.192877e-10	-1790.667	7.7091023e+08	1.5533462e+08	1.012224	37.98707	0.62770976	12829	84	102	9694	43	45	0	0	0	16.997457	0	9.0008271	0	0	0	0	0	0	297.846	-5.22782e-13	296.767	4.03205e-09	2.1886e-10	0	7	10798465	10798465
9.0015	12.687574	-56.9127	12.5966	0	0	0	86380460	1	0	0	0	296.74245	12.688537	4.002008e-09	2.189005e-10	-1790.667	7.7091023e+08	1.5507313e+08	1.0120794	37.498245	0.63256736	12721	87	99	9668	41	46	0	0	0	16.997457	0	9.0008271	0	0	0	0	0	0	297.846	-5.22782e-13	296.751	4.02697e-09	2.1872e-10	0	12	10740882	10740882
9.002	12.686854	-56.9159	12.5965	0	0	0	86380462	1	0	0	0	296.72644	12.688537	4.017924e-09	2.182929e-10	-1790.667	7.7091023e+08	1.5465544e+08	1.0121917	37.351502	0.63412288	12695	77	115	9644	48	51	2	0	0	16.997457	0	9.0008271	0	0	0	0	0	0	297.846	-5.22782e-13	296.735	4.02976e-09	2.18508e-10	0	6	10783282	10783282
9.0025	12.686139	-56.919	12.5965	0	0	0	86380464	1	0	0	0	296.71119	12.686037	4.006647e-09	2.183498e-10	-1790.667	7.7091023e+08	1.5470851e+08	1.0119581	36.618434	0.64139488	12482	73	88	9517	48	56	1	0	0	16.997457	0	9.0025718	0	0	0	0	0	0	297.846	-5.22782e-13	296.715	4.01421e-09	2.18184e-10	0	14	10752702	10752702
9.003	12.685424	-56.9222	12.5964	0	0	0	86380466	1	0	0	0	296.69393	12.686037	4.046274e-09	2.175931e-10	-1790.667	7.7091023e+08	1.5418508e+08	1.0120691	35.822692	0.64951872	12270	90	101	9251	30	36	1	0	0	16.997457	0	9.0025718	0	0	0	0	0	0	297.846	-5.22782e-13	296.694	4.06713e-09	2.17341e-10	0	12	10858731	10858731
9.0035	12.684704	-56.9254	12.5964	0	0	0	86380468	1	0	0	0	296.68052	12.686037	4.125788e-09	2.180762e-10	-1790.667	7.7091023e+08	1.5454014e+08	1.0120989	35.994238	0.6478016	12184	71	102	9185	38	43	1	0	0	16.997457	0	9.0025718	0	0	0	0	0	0	297.846	-5.22782e-13	296.681	4.12518e-09	2.17684e-10	0	14	11071794	11071794
9.004	12.683989	-56.9285	12.5964	0	0	0	86380471	1	0	0	0	296.66343	12.686037	4.121929e-09	2.179483e-10	-1790.667	7.7091023e+08	1.5446224e+08	1.0119261	34.417249	0.66364896	12140	95	96	9159	43	46	0	0	0	16.997457	0	9.0025718	0	0	0	0	0	0	297.846	-5.22782e-13	296.663	4.1384e-09	2.18392e-10	0	11	11061114	11061114
9.0045	12.683274	-56.9317	12.5963	0	0	0	86380473	1	0	0	0	296.63979	12.683537	4.158679e-09	2.182539e-10	-1790.667	7.7091023e+08	1.5469158e+08	1.0122611	34.581844	0.66220256	12043	81	100	9074	37	42	1	0	0	16.997457	0	9.0043171	0	0	0	0	0	0	297.846	-5.22782e-13	296.647	4.18525e-09	2.18558e-10	0	12	11159405	11159405
9.005	12.682559	-56.9348	12.5963	0	0	0	86380475	1	0	0	0	296.62493	12.683537	4.185996e-09	2.194511e-10	-1790.667	7.7091023e+08	1.5555295e+08	1.012007	34.489341	0.66297248	12045	89	93	9072	41	44	1	0	0	16.997457	0	9.0043171	0	0	0	0	0	0	297.846	-5.22782e-13	296.631	4.19006e-09	2.19009e-10	0	12	11232379	11232379
9.0055	12.681844	-56.938	12.5962	0	0	0	86380477	1	0	0	0	296.60909	12.683537	4.205699e-09	2.195684e-10	-1790.667	7.7091023e+08	1.5564893e+08	1.0119901	34.319356	0.6646816	11886	74	100	8993	47	49	1	0	0	16.997457	0	9.0043171	0	0	0	0	0	0	297.846	-5.22782e-13	296.612	4.20389e-09	2.19682e-10	0	11	11284918	11284918
9.006	12.681129	-56.9412	12.5962	0	0	0	86380488	1	0	0	0	296.52187	12.681037	4.226216e-09	2.201439e-10	-1790.667	7.7091023e+08	1.5606977e+08	1.0121296	33.657065	0.67147648	12001	73	105	8990	38	46	3	0	0	16.997457	0	9.0060632	0	0	0	0	0	0	297.846	-5.22782e-13	296.592	4.24588e-09	2.20094e-10	0	13	11339638	11339638
9.0065	12.680409	-56.9443	12.5961	0	0	0	86380490	1	0	0	0	296.50486	12.681037	4.233033e-09	2.206946e-10	-1790.667	7.7091023e+08	1.5647309e+08	1.0117955	34.754311	0.66015296	11571	87	90	8642	30	34	0	0	0	16.997457	0	9.0060632	0	0	0	0	0	0	297.846	-5.22782e-13	296.505	4.2441e-09	2.20277e-10	0	10	11357597	11357597
9.007	12.679694	-56.9475	12.5961	0	0	0	86380492	1	0	0	0	296.48865	12.681037	4.194167e-09	2.203748e-10	-1790.667	7.7091023e+08	1.5625924e+08	1.0119437	33.735474	0.67055968	11632	74	101	8772	32	34	1	0	0	16.997457	0	9.0060632	0	0	0	0	0	0	297.846	-5.22782e-13	296.489	4.21476e-09	2.20645e-10	0	11	11252987	11252987
9.0075	12.678979	-56.9506	12.596	0	0	0	86380495	1	0	0	0	296.46532	12.681037	4.164377e-09	2.203855e-10	-1790.667	7.7091023e+08	1.5627973e+08	1.0121997	33.323923	0.67489504	11808	84	95	8844	33	35	1	0	0	16.997457	0	9.0060632	0	0	0	0	0	0	297.846	-5.22782e-13	296.473	4.17188e-09	2.20927e-10	0	11	11172734	11172734
9.008	12.678264	-56.9538	12.596	0	0	0	86380497	1	0	0	0	296.4494	12.678537	4.145573e-09	2.212381e-10	-1790.667	7.7091023e+08	1.5689727e+08	1.0118144	33.317383	0.67470432	11472	87	115	8540	40	44	0	0	0	16.997457	0	9.00781	0	0	0	0	0	0	297.846	-5.22782e-13	296.457	4.15283e-09	2.2056e-10	0	15	11121959	11121959
9.0085	12.677549	-56.957	12.5959	0	0	0	86380499	1	0	0	0	296.43336	12.678537	4.120949e-09	2.211387e-10	-1790.667	7.7091023e+08	1.5683971e+08	1.0121158	34.117486	0.66680736	11503	79	93	8552	27	34	1	0	0	16.997457	0	9.00781	0	0	0	0	0	0	297.846	-5.22782e-13	296.437	4.12785e-09	2.21062e-10	0	11	11055573	11055573
9.009	12.676834	-56.9601	12.5959	0	0	0	86380501	1	0	0	0	296.72929	12.678537	4.074913e-09	2.207017e-10	-1790.667	7.7091023e+08	1.565427e+08	1.0122419	33.173414	0.67644672	11658	82	107	8737	41	44	0	0	0	16.997457	0	9.00781	0	0	0	0	0	0	297.846	-5.22782e-13	296.729	4.02796e-09	2.20867e-10	0	8	10931750	10931750
9.0095	12.676119	-56.9633	12.5958	0	0	0	86380503	1	0	0	0	296.71492	12.676037	4.064727e-09	2.2062e-10	-1790.667	7.7091023e+08	1.5649766e+08	1.0122304	33.090332	0.67728	11479	103	89	8539	35	37	2	0	0	16.997457	0	9.0095574	0	0	0	0	0	0	297.846	-5.22782e-13	296.715	4.07655e-09	2.20059e-10	0	13	10904105	10904105
9.01	12.675404	-56.9664	12.5958	0	0	0	86380505	1	0	0	0	296.69869	12.676037	4.032501e-09	2.200231e-10	-1790.667	7.7091023e+08	1.5608713e+08	1.0122182	32.987858	0.67830912	11495	92	97	8591	39	43	1	0	0	16.997457	0	9.0095574	0	0	0	0	0	0	297.846	-5.22782e-13	296.699	4.03304e-09	2.19983e-10	0	8	10817339	10817339
9.0105	12.674689	-56.9696	12.5957	0	0	0	86380508	1	0	0	0	296.68239	12.676037	3.998814e-09	2.201297e-10	-1790.667	7.7091023e+08	1.5617564e+08	1.0120758	32.281597	0.6853616	11405	112	109	8484	38	44	0	0	0	16.997457	0	9.0095574	0	0	0	0	0	0	297.846	-5.22782e-13	296.682	4.01567e-09	2.20139e-10	0	9	10726660	10726660
9.011	12.673974	-56.9728	12.5957	0	0	0	86380510	1	0	0	0	296.65835	12.676037	3.988234e-09	2.205667e-10	-1790.667	7.7091023e+08	1.564986e+08	1.0119984	33.203025	0.67598432	11473	73	97	8597	27	32	1	0	0	16.997457	0	9.0095574	0	0	0	0	0	0	297.846	-5.22782e-13	296.667	4.00188e-09	2.20636e-10	0	13	10697967	10697967
9.0115	12.673259	-56.9759	12.5956	0	0	0	86380512	1	0	0	0	296.64442	12.673537	3.968296e-09	2.208829e-10	-1790.667	7.7091023e+08	1.5673589e+08	1.011945	32.904873	0.67896576	11321	85	100	8449	43	48	0	0	0	16.997457	0	9.0113056	0	0	0	0	0	0	297.846	-5.22782e-13	296.648	3.9799e-09	2.21023e-10	0	7	10644175	10644175
9.012	12.672544	-56.9791	12.5956	0	0	0	86380514	1	0	0	0	296.62758	12.673537	3.986848e-09	2.217355e-10	-1790.667	7.7091023e+08	1.5735387e+08	1.012225	32.996713	0.678224	11558	86	124	8608	37	42	1	0	0	16.997457	0	9.0113056	0	0	0	0	0	0	297.846	-5.22782e-13	296.628	4.00201e-09	2.21485e-10	0	7	10693625	10693625
9.0125	12.671829	-56.9823	12.5955	0	0	0	86380516	1	0	0	0	296.61201	12.673537	3.955794e-09	2.219842e-10	-1790.667	7.7091023e+08	1.5754337e+08	1.012032	33.653102	0.67145184	11581	85	102	8652	35	39	0	0	0	16.997457	0	9.0113056	0	0	0	0	0	0	297.846	-5.22782e-13	296.612	3.95874e-09	2.21737e-10	0	10	10610022	10610022
9.013	12.671114	-56.9854	12.5955	0	0	0	86380518	1	0	0	0	296.59612	12.671037	3.932055e-09	2.226628e-10	-1790.667	7.7091023e+08	1.5803802e+08	1.0122656	33.465178	0.67350912	11686	76	102	8755	45	47	1	0	0	16.997457	0	9.0130544	0	0	0	0	0	0	297.846	-5.22782e-13	296.596	3.93835e-09	2.22533e-10	0	17	10546043	10546043
9.0135	12.670399	-56.9886	12.5954	0	0	0	86380520	1	0	0	0	296.57837	12.671037	3.895568e-09	2.225704e-10	-1790.667	7.7091023e+08	1.5798549e+08	1.0121718	32.268228	0.68556192	11629	88	107	8617	33	35	2	0	0	16.997457	0	9.0130544	0	0	0	0	0	0	297.846	-5.22782e-13	296.578	3.92277e-09	2.2286e-10	0	13	10447878	10447878
9.014	12.669684	-56.9917	12.5954	0	0	0	86380523	1	0	0	0	296.56218	12.671037	3.869751e-09	2.228155e-10	-1790.667	7.7091023e+08	1.5817252e+08	1.0121526	33.302234	0.6750832	11520	80	110	8499	41	49	2	0	0	16.997457	0	9.0130544	0	0	0	0	0	0	297.846	-5.22782e-13	296.562	3.87959e-09	2.22695e-10	0	10	10378335	10378335
9.0145	12.668969	-56.9949	12.5953	0	0	0	86380525	1	0	0	0	296.53899	12.671037	3.858379e-09	2.232063e-10	-1790.667	7.7091023e+08	1.5846303e+08	1.0122592	34.365396	0.66439232	11589	86	103	8748	44	49	1	0	0	16.997457	0	9.0130544	0	0	0	0	0	0	297.846	-5.22782e-13	296.546	3.85632e-09	2.22927e-10	0	11	10347535	10347535
9.015	12.668254	-56.9981	12.5953	0	0	0	86380527	1	0	0	0	296.52281	12.668537	3.822564e-09	2.229754e-10	-1790.667	7.7091023e+08	1.5831218e+08	1.011791	33.710929	0.67070688	11597	81	99	8653	30	33	0	0	0	16.997457	0	9.0148039	0	0	0	0	0	0	297.846	-5.22782e-13	296.53	3.83863e-09	2.23466e-10	0	6	10251186	10251186
9.0155	12.667544	-57.0012	12.5952	0	0	0	86380529	1	0	0	0	296.50746	12.668537	3.813771e-09	2.227765e-10	-1790.667	7.7091023e+08	1.5818402e+08	1.0121462	33.558091	0.67248928	11576	89	97	8675	34	36	0	0	0	16.997457	0	9.0148039	0	0	0	0	0	0	297.846	-5.22782e-13	296.511	3.80868e-09	2.23204e-10	0	5	10227308	10227308
9.016	12.666829	-57.0044	12.5952	0	0	0	86380531	1	0	0	0	296.48953	12.668537	3.79562e-09	2.237783e-10	-1790.667	7.7091023e+08	1.5890848e+08	1.0117965	33.578231	0.67205312	11547	92	108	8595	38	41	0	0	0	16.997457	0	9.0148039	0	0	0	0	0	0	297.846	-5.22782e-13	296.49	3.81263e-09	2.23459e-10	0	14	10178336	10178336
9.0165	12.666114	-57.0075	12.5952	0	0	0	86380533	1	0	0	0	296.47591	12.666037	3.783786e-09	2.23924e-10	-1790.667	7.7091023e+08	1.5902508e+08	1.0120778	32.90808	0.6790224	11609	88	103	8659	43	44	2	0	0	16.997457	0	9.0165542	0	0	0	0	0	0	297.846	-5.22782e-13	296.476	3.79147e-09	2.23359e-10	0	8	10146307	10146307
9.017	12.665399	-57.0107	12.5951	0	0	0	86380535	1	0	0	0	296.45979	12.666037	3.80296e-09	2.235794e-10	-1790.667	7.7091023e+08	1.5879347e+08	1.0122822	33.601949	0.67213568	11617	95	124	8619	28	34	2	0	0	16.997457	0	9.0165542	0	0	0	0	0	0	297.846	-5.22782e-13	296.46	3.80365e-09	2.23356e-10	0	10	10197426	10197426
9.0175	12.664684	-57.0139	12.5951	0	0	0	86380538	1	0	0	0	296.43743	12.666037	3.79854e-09	2.235012e-10	-1790.667	7.7091023e+08	1.5875105e+08	1.0055862	33.124176	0.67249408	11504	82	118	8618	41	44	1	0	0	16.997457	0	9.0165542	0	0	0	0	0	0	297.846	-5.22782e-13	296.443	3.81025e-09	2.23253e-10	0	9	10185278	10185278
9.018	12.663974	-57.017	12.595	0	0	0	86380540	1	0	0	0	296.42006	12.666037	3.793279e-09	2.235865e-10	-1790.667	7.7091023e+08	1.5882476e+08	1.0118976	32.632994	0.68168512	11530	74	100	8627	35	37	1	0	0	16.997457	0	9.0165542	0	0	0	0	0	0	297.846	-5.22782e-13	296.429	3.80778e-09	2.23544e-10	0	14	10170875	10170875
9.0185	12.663259	-57.0202	12.595	0	0	0	86380542	1	0	0	0	296.71501	12.663537	3.757208e-09	2.237606e-10	-1790.667	7.7091023e+08	1.5896156e+08	1.0122125	33.451285	0.6736144	11491	96	127	8525	22	24	0	0	0	16.997457	0	9.0183051	0	0	0	0	0	0	297.846	-5.22782e-13	296.719	3.76375e-09	2.23508e-10	0	12	10073866	10073866
9.019	12.662544	-57.0234	12.5949	0	0	0	86380544	1	0	0	0	296.69845	12.663537	3.689028e-09	2.23892e-10	-1790.667	7.7091023e+08	1.5906805e+08	1.0118592	33.316888	0.6747392	11557	105	99	8589	40	43	1	0	0	16.997457	0	9.0183051	0	0	0	0	0	0	297.846	-5.22782e-13	296.698	3.70174e-09	2.23981e-10	0	16	9890773.5	9890773.5
9.0195	12.661829	-57.0265	12.5949	0	0	0	86380546	1	0	0	0	296.68379	12.663537	3.633648e-09	2.242295e-10	-1790.667	7.7091023e+08	1.59321e+08	1.0119683	32.617685	0.68188768	11674	87	103	8701	28	33	1	0	0	16.997457	0	9.0183051	0	0	0	0	0	0	297.846	-5.22782e-13	296.684	3.64224e-09	2.2426e-10	0	18	9742009.3	9742009.3
9.02	12.661119	-57.0297	12.5948	0	0	0	86380548	1	0	0	0	296.66632	12.661037	3.616545e-09	2.243787e-10	-1790.667	7.7091023e+08	1.5944019e+08	1.0120342	33.189675	0.67614336	11454	91	110	8535	40	47	1	0	0	16.997457	0	9.0200568	0	0	0	0	0	0	297.846	-5.22782e-13	296.666	3.63059e-09	2.24212e-10	0	8	9695873.6	9695873.6
9.0205	12.660404	-57.0328	12.5948	0	0	0	86380551	1	0	0	0	296.64145	12.661037	3.6008e-09	2.245173e-10	-1790.667	7.7091023e+08	1.5955186e+08	1.0117968	31.674059	0.69131968	11549	86	121	8551	37	42	1	0	0	16.997457	0	9.0200568	0	0	0	0	0	0	297.846	-5.22782e-13	296.651	3.61692e-09	2.24482e-10	0	8	9653381.4	9653381.4
9.021	12.659689	-57.036	12.5947	0	0	0	86380553	1	0	0	0	296.62497	12.661037	3.636536e-09	2.240981e-10	-1790.667	7.7091023e+08	1.5926712e+08	1.0119062	33.015454	0.6778208	11397	96	113	8476	34	42	1	0	0	16.997457	0	9.0200568	0	0	0	0	0	0	297.846	-5.22782e-13	296.633	3.64876e-09	2.24505e-10	0	8	9748903	9748903
9.0215	12.658979	-57.0392	12.5947	0	0	0	86380555	1	0	0	0	296.60886	12.661037	3.674646e-09	2.242579e-10	-1790.667	7.7091023e+08	1.5939386e+08	1.0121539	32.378317	0.68443552	11394	89	115	8423	33	36	0	0	0	16.997457	0	9.0200568	0	0	0	0	0	0	297.846	-5.22782e-13	296.617	3.67192e-09	2.24315e-10	0	11	9850783.2	9850783.2
9.022	12.658264	-57.0423	12.5946	0	0	0	86380557	1	0	0	0	296.59452	12.658537	3.689344e-09	2.249152e-10	-1790.667	7.7091023e+08	1.5987426e+08	1.01224	32.224168	0.68605408	11299	90	101	8502	28	32	0	0	0	16.997457	0	9.0218091	0	0	0	0	0	0	297.846	-5.22782e-13	296.603	3.69834e-09	2.24546e-10	0	6	9889897.8	9889897.8
9.0225	12.657549	-57.0455	12.5946	0	0	0	86380559	1	0	0	0	296.57719	12.658537	3.72092e-09	2.24528e-10	-1790.667	7.7091023e+08	1.5961223e+08	1.0121443	32.152537	0.68671424	11213	92	114	8277	29	34	1	0	0	16.997457	0	9.0218091	0	0	0	0	0	0	297.846	-5.22782e-13	296.582	3.73128e-09	2.24672e-10	0	10	9974253.2	9974253.2
9.023	12.656839	-57.0486	12.5945	0	0	0	86380561	1	0	0	0	296.56219	12.658537	3.736719e-09	2.246132e-10	-1790.667	7.7091023e+08	1.5968599e+08	1.0119619	32.23198	0.68578656	10934	84	108	8021	46	49	0	0	0	16.997457	0	9.0218091	0	0	0	0	0	0	297.846	-5.22782e-13	296.562	3.74661e-09	2.24503e-10	0	14	10016313	10016313
9.0235	12.656124	-57.0518	12.5945	0	0	0	86380563	1	0	0	0	296.5463	12.656037	3.748458e-09	2.248157e-10	-1790.667	7.7091023e+08	1.5984317e+08	1.0120022	31.594649	0.69226368	11356	82	116	8466	32	37	0	0	0	16.997457	0	9.0235621	0	0	0	0	0	0	297.846	-5.22782e-13	296.546	3.74314e-09	2.24711e-10	0	15	10047489	10047489
9.024	12.655414	-57.055	12.5944	0	0	0	86380565	1	0	0	0	296.53003	12.656037	3.730481e-09	2.248406e-10	-1790.667	7.7091023e+08	1.5987409e+08	1.0121955	31.257265	0.69581088	10956	85	104	8035	30	37	0	0	0	16.997457	0	9.0235621	0	0	0	0	0	0	297.846	-5.22782e-13	296.53	3.73286e-09	2.24873e-10	0	12	9999012.7	9999012.7
9.0245	12.654699	-57.0581	12.5944	0	0	0	86380568	1	0	0	0	296.5052	12.656037	3.722572e-09	2.251035e-10	-1790.667	7.7091023e+08	1.6007427e+08	1.0121523	31.117751	0.69719328	10993	103	124	8028	32	34	0	0	0	16.997457	0	9.0235621	0	0	0	0	0	0	297.846	-5.22782e-13	296.515	3.73115e-09	2.25104e-10	0	9	9977524.7	9977524.7
9.025	12.653984	-57.0613	12.5943	0	0	0	86380570	1	0	0	0	296.49015	12.656037	3.754192e-09	2.251959e-10	-1790.667	7.7091023e+08	1.6015321e+08	1.0121888	30.973162	0.69868192	11184	105	99	8341	36	38	2	0	0	16.997457	0	9.0235621	0	0	0	0	0	0	297.846	-5.22782e-13	296.498	3.7542e-09	2.254e-10	0	10	10061984	10061984
9.0255	12.653274	-57.0644	12.5943	0	0	0	86380572	1	0	0	0	296.47502	12.653537	3.754309e-09	2.25036e-10	-1790.667	7.7091023e+08	1.6005273e+08	1.0119363	31.432776	0.69385664	10908	78	126	8098	25	27	1	0	0	16.997457	0	9.0253158	0	0	0	0	0	0	297.846	-5.22782e-13	296.482	3.75534e-09	2.25323e-10	0	12	10062006	10062006
9.026	12.652559	-57.0676	12.5942	0	0	0	86380574	1	0	0	0	296.45889	12.653537	3.745502e-09	2.257998e-10	-1790.667	7.7091023e+08	1.6060925e+08	1.0122595	31.526081	0.69313376	10947	79	116	8137	27	28	1	0	0	16.997457	0	9.0253158	0	0	0	0	0	0	297.846	-5.22782e-13	296.463	3.75062e-09	2.25414e-10	0	14	10038111	10038111
9.0265	12.651849	-57.0708	12.5942	0	0	0	86380576	1	0	0	0	296.44382	12.653537	3.727045e-09	2.258851e-10	-1790.667	7.7091023e+08	1.6068322e+08	1.0119834	31.405354	0.6941664	10933	91	94	8105	38	39	0	0	0	16.997457	0	9.0253158	0	0	0	0	0	0	297.846	-5.22782e-13	296.444	3.74059e-09	2.25496e-10	0	10	9988356.7	9988356.7
9.027	12.651134	-57.0739	12.5941	0	0	0	86380578	1	0	0	0	296.42552	12.651037	3.727564e-09	2.25981e-10	-1790.667	7.7091023e+08	1.6076473e+08	1.0118186	31.23915	0.69573504	10977	96	133	7991	33	40	1	0	0	16.997457	0	9.0270703	0	0	0	0	0	0	297.846	-5.22782e-13	296.426	3.74406e-09	2.25974e-10	0	10	9989458.5	9989458.5
9.0275	12.650424	-57.0771	12.5941	0	0	0	86380581	1	0	0	0	296.4099	12.651037	3.725191e-09	2.269545e-10	-1790.667	7.7091023e+08	1.6147064e+08	1.0122701	31.435595	0.69405696	10739	89	121	7901	46	48	1	0	0	16.997457	0	9.0270703	0	0	0	0	0	0	297.846	-5.22782e-13	296.41	3.67865e-09	2.26476e-10	0	14	9982810.3	9982810.3
9.028	12.649714	-57.0803	12.5941	0	0	0	86380583	1	0	0	0	298.25223	12.651037	3.71546e-09	2.273275e-10	-1790.667	7.7091023e+08	1.617494e+08	1.0121939	31.235849	0.69602656	10976	83	112	8131	31	32	0	0	0	16.997457	0	9.0270703	0	0	0	0	0	0	297.846	-5.22782e-13	298.259	3.70945e-09	2.27375e-10	0	8	9956445.1	9956445.1
9.0285	12.648999	-57.0834	12.594	0	0	0	86380585	1	0	0	0	298.23553	12.651037	3.691603e-09	2.274163e-10	-1790.667	7.7091023e+08	1.6182597e+08	1.012239	30.922309	0.69923136	11020	99	99	8137	26	28	1	0	0	16.997457	0	9.0270703	0	0	0	0	0	0	297.846	-5.22782e-13	298.244	3.70669e-09	2.27528e-10	0	11	9892228.7	9892228.7
9.029	12.648289	-57.0866	12.594	0	0	0	86380587	1	0	0	0	298.21881	12.648537	3.700432e-09	2.276117e-10	-1790.667	7.7091023e+08	1.6197841e+08	1.0118602	30.742714	0.70078688	10974	95	106	8139	45	46	1	0	0	16.997457	0	9.0288254	0	0	0	0	0	0	297.846	-5.22782e-13	298.224	3.69967e-09	2.27306e-10	0	9	9915600.8	9915600.8
9.0295	12.647574	-57.0897	12.5939	0	0	0	86380589	1	0	0	0	298.20194	12.648537	3.703367e-09	2.273417e-10	-1790.667	7.7091023e+08	1.6179966e+08	1.012183	30.915515	0.69926144	11141	96	104	8242	27	33	2	0	0	16.997457	0	9.0288254	0	0	0	0	0	0	297.846	-5.22782e-13	298.202	3.69814e-09	2.2761e-10	0	11	9923178.6	9923178.6
9.03	12.646864	-57.0929	12.5939	0	0	0	86380591	1	0	0	0	298.18703	12.648537	3.685233e-09	2.279243e-10	-1790.667	7.7091023e+08	1.6222772e+08	1.0122618	31.128929	0.69715552	10767	114	131	7890	24	27	2	0	0	16.997457	0	9.0288254	0	0	0	0	0	0	297.846	-5.22782e-13	298.187	3.69439e-09	2.28114e-10	0	16	9874303.3	9874303.3
9.0305	12.646154	-57.0961	12.5938	0	0	0	86380593	1	0	0	0	298.17199	12.646037	3.659363e-09	2.281233e-10	-1790.667	7.7091023e+08	1.6238279e+08	1.0122848	31.163246	0.696824	10974	86	94	8143	33	34	0	0	0	16.997457	0	9.0305812	0	0	0	0	0	0	297.846	-5.22782e-13	298.172	3.65796e-09	2.27942e-10	0	13	9804703.4	9804703.4
9.031	12.645439	-57.0992	12.5938	0	0	0	86380596	1	0	0	0	298.1568	12.646037	3.632614e-09	2.277005e-10	-1790.667	7.7091023e+08	1.6209525e+08	1.0119043	31.596284	0.69218016	10966	75	132	8092	27	29	2	0	0	16.997457	0	9.0305812	0	0	0	0	0	0	297.846	-5.22782e-13	298.157	3.64389e-09	2.27958e-10	0	16	9732752.5	9732752.5
9.0315	12.644729	-57.1024	12.5937	0	0	0	86380598	1	0	0	0	298.12996	12.646037	3.615007e-09	2.27935e-10	-1790.667	7.7091023e+08	1.6227561e+08	1.0119827	31.015328	0.69811296	11149	98	104	8176	30	33	0	0	0	16.997457	0	9.0305812	0	0	0	0	0	0	297.846	-5.22782e-13	298.139	3.62667e-09	2.27718e-10	0	15	9685299	9685299
9.032	12.644019	-57.1055	12.5937	0	0	0	86380609	1	0	0	0	298.03955	12.646037	3.597293e-09	2.279066e-10	-1790.667	7.7091023e+08	1.6226882e+08	1.0119578	31.469899	0.69349568	11127	88	129	8175	28	31	0	0	0	16.997457	0	9.0305812	0	0	0	0	0	0	297.846	-5.22782e-13	298.119	3.60748e-09	2.27946e-10	0	13	9637561.7	9637561.7
9.0325	12.643304	-57.1087	12.5936	0	0	0	86380611	1	0	0	0	298.02529	12.643537	3.600739e-09	2.279741e-10	-1790.667	7.7091023e+08	1.6233032e+08	1.0122275	31.390065	0.69448864	11181	100	127	8231	35	37	0	0	0	16.997457	0	9.0323377	0	0	0	0	0	0	297.846	-5.22782e-13	298.033	3.6123e-09	2.28006e-10	0	9	9646515.6	9646515.6
9.033	12.642594	-57.1119	12.5936	0	0	0	86380613	1	0	0	0	298.00885	12.643537	3.584827e-09	2.286313e-10	-1790.667	7.7091023e+08	1.6281176e+08	1.0121376	31.94968	0.68876288	11156	91	117	8231	33	37	0	0	0	16.997457	0	9.0323377	0	0	0	0	0	0	297.846	-5.22782e-13	298.016	3.59478e-09	2.28359e-10	0	13	9603609.7	9603609.7
9.0335	12.641884	-57.115	12.5935	0	0	0	86380615	1	0	0	0	297.99283	12.643537	3.586216e-09	2.27967e-10	-1790.667	7.7091023e+08	1.6235214e+08	1.0122877	31.732703	0.69106144	11209	97	119	8160	38	43	0	0	0	16.997457	0	9.0323377	0	0	0	0	0	0	297.846	-5.22782e-13	297.997	3.59432e-09	2.28017e-10	0	12	9607053.8	9607053.8
9.034	12.641169	-57.1182	12.5935	0	0	0	86380617	1	0	0	0	297.97729	12.641037	3.562345e-09	2.283898e-10	-1790.667	7.7091023e+08	1.6266671e+08	1.0121024	31.650458	0.69176736	11353	84	117	8380	35	40	2	0	0	16.997457	0	9.034095	0	0	0	0	0	0	297.846	-5.22782e-13	297.977	3.56888e-09	2.28333e-10	0	10	9542831.1	9542831.1
9.0345	12.640459	-57.1214	12.5934	0	0	0	86380619	1	0	0	0	297.96165	12.641037	3.527344e-09	2.282121e-10	-1790.667	7.7091023e+08	1.6255361e+08	1.0121958	32.324401	0.6850096	11296	98	114	8430	24	28	0	0	0	16.997457	0	9.034095	0	0	0	0	0	0	297.846	-5.22782e-13	297.962	3.53518e-09	2.28314e-10	0	13	9448797.9	9448797.9
9.035	12.639749	-57.1245	12.5934	0	0	0	86380622	1	0	0	0	297.94563	12.641037	3.497135e-09	2.286704e-10	-1790.667	7.7091023e+08	1.6289353e+08	1.0120931	32.015773	0.68806368	11554	93	114	8560	31	35	0	0	0	16.997457	0	9.034095	0	0	0	0	0	0	297.846	-5.22782e-13	297.946	3.50464e-09	2.28564e-10	0	6	9367606.2	9367606.2
9.0355	12.639039	-57.1277	12.5933	0	0	0	86380624	1	0	0	0	297.92114	12.641037	3.473641e-09	2.289084e-10	-1790.667	7.7091023e+08	1.6307658e+08	1.0121722	32.48807	0.68333696	11342	75	127	8393	36	39	0	0	0	16.997457	0	9.034095	0	0	0	0	0	0	297.846	-5.22782e-13	297.929	3.49027e-09	2.28589e-10	0	15	9304406	9304406
9.036	12.638329	-57.1308	12.5933	0	0	0	86380626	1	0	0	0	297.90571	12.638537	3.460162e-09	2.292282e-10	-1790.667	7.7091023e+08	1.6331793e+08	1.011855	33.774292	0.67010816	11366	89	119	8410	35	38	0	0	0	16.997457	0	9.0358529	0	0	0	0	0	0	297.846	-5.22782e-13	297.913	3.47154e-09	2.28624e-10	0	8	9268034.6	9268034.6
9.0365	12.637614	-57.134	12.5932	0	0	0	86380628	1	0	0	0	297.88864	12.638537	3.422926e-09	2.281659e-10	-1790.667	7.7091023e+08	1.6257453e+08	1.0119968	32.807187	0.67998912	11334	84	109	8483	23	32	2	0	0	16.997457	0	9.0358529	0	0	0	0	0	0	297.846	-5.22782e-13	297.893	3.43268e-09	2.28832e-10	0	16	9168034.1	9168034.1
9.037	12.636904	-57.1372	12.5932	0	0	0	86380630	1	0	0	0	297.87127	12.638537	3.398487e-09	2.291003e-10	-1790.667	7.7091023e+08	1.6325384e+08	1.0118675	33.353584	0.67437344	11361	89	107	8444	37	38	1	0	0	16.997457	0	9.0358529	0	0	0	0	0	0	297.846	-5.22782e-13	297.871	3.40641e-09	2.28763e-10	0	7	9102314.2	9102314.2
9.0375	12.636194	-57.1403	12.5931	0	0	0	86380632	1	0	0	0	297.85557	12.636037	3.370239e-09	2.285496e-10	-1790.667	7.7091023e+08	1.6287491e+08	1.0119453	32.459336	0.68347456	11654	86	108	8719	35	39	0	0	0	16.997457	0	9.0376115	0	0	0	0	0	0	297.846	-5.22782e-13	297.856	3.38241e-09	2.28855e-10	0	7	9026396.7	9026396.7
9.038	12.635484	-57.1435	12.5931	0	0	0	86380635	1	0	0	0	297.83274	12.636037	3.357574e-09	2.291465e-10	-1790.667	7.7091023e+08	1.6331381e+08	1.0118698	33.093682	0.6770048	11745	99	117	8685	29	30	0	0	0	16.997457	0	9.0376115	0	0	0	0	0	0	297.846	-5.22782e-13	297.839	3.36198e-09	2.29335e-10	0	11	8992217.8	8992217.8
9.0385	12.634774	-57.1466	12.5931	0	0	0	86380637	1	0	0	0	297.81604	12.636037	3.332801e-09	2.294627e-10	-1790.667	7.7091023e+08	1.6355272e+08	1.0120131	33.418571	0.6738128	11648	87	111	8632	31	35	3	0	0	16.997457	0	9.0376115	0	0	0	0	0	0	297.846	-5.22782e-13	297.825	3.34427e-09	2.29194e-10	0	8	8925614.3	8925614.3
9.039	12.634064	-57.1498	12.593	0	0	0	86380639	1	0	0	0	297.79768	12.636037	3.312458e-09	2.290612e-10	-1790.667	7.7091023e+08	1.6328007e+08	1.0120698	33.684318	0.67116096	11640	74	104	8652	32	38	0	0	0	16.997457	0	9.0376115	0	0	0	0	0	0	297.846	-5.22782e-13	297.807	3.31595e-09	2.29128e-10	0	6	8870878.4	8870878.4
9.0395	12.633354	-57.153	12.593	0	0	0	86380641	1	0	0	0	297.78347	12.633537	3.305193e-09	2.296581e-10	-1790.667	7.7091023e+08	1.6371911e+08	1.0122544	34.401629	0.6640224	11646	86	115	8669	26	27	0	0	0	16.997457	0	9.0393708	0	0	0	0	0	0	297.846	-5.22782e-13	297.788	3.30502e-09	2.29248e-10	0	13	8851168.1	8851168.1
9.04	12.632644	-57.1561	12.5929	0	0	0	86380643	1	0	0	0	297.76841	12.633537	3.29041e-09	2.293845e-10	-1790.667	7.7091023e+08	1.6353762e+08	1.011897	33.201104	0.675936	12014	71	98	8922	30	35	1	0	0	16.997457	0	9.0393708	0	0	0	0	0	0	297.846	-5.22782e-13	297.768	3.29007e-09	2.29301e-10	0	13	8811326.6	8811326.6
9.0405	12.631934	-57.1593	12.5929	0	0	0	86380645	1	0	0	0	297.75188	12.633537	3.277442e-09	2.295586e-10	-1790.667	7.7091023e+08	1.636753e+08	1.0121094	34.198547	0.66598272	11865	74	119	8806	36	47	0	0	0	16.997457	0	9.0393708	0	0	0	0	0	0	297.846	-5.22782e-13	297.752	3.26931e-09	2.29434e-10	0	7	8776347.7	8776347.7
9.041	12.631224	-57.1624	12.5928	0	0	0	86380648	1	0	0	0	297.72764	12.631037	3.249912e-09	2.296474e-10	-1790.667	7.7091023e+08	1.6375218e+08	1.0120477	34.512587	0.66276384	11781	82	96	8736	35	38	1	0	0	16.997457	0	9.0411309	0	0	0	0	0	0	297.846	-5.22782e-13	297.736	3.26858e-09	2.2974e-10	0	9	8702377.9	8702377.9
9.0415	12.630514	-57.1656	12.5928	0	0	0	86380650	1	0	0	0	297.71028	12.631037	3.242434e-09	2.297504e-10	-1790.667	7.7091023e+08	1.638392e+08	1.0117936	33.884634	0.66895104	11856	93	99	8837	39	43	1	0	0	16.997457	0	9.0411309	0	0	0	0	0	0	297.846	-5.22782e-13	297.718	3.23751e-09	2.29669e-10	0	12	8682104.5	8682104.5
9.042	12.629804	-57.1688	12.5927	0	0	0	86380652	1	0	0	0	297.69333	12.631037	3.233247e-09	2.294875e-10	-1790.667	7.7091023e+08	1.6366528e+08	1.0119427	34.446503	0.66336384	11819	80	107	8836	35	42	1	0	0	16.997457	0	9.0411309	0	0	0	0	0	0	297.846	-5.22782e-13	297.697	3.23863e-09	2.29325e-10	0	13	8657256.5	8657256.5
9.0425	12.629094	-57.1719	12.5927	0	0	0	86380654	1	0	0	0	297.67938	12.631037	3.215582e-09	2.299636e-10	-1790.667	7.7091023e+08	1.6401842e+08	1.0120179	34.51882	0.66268128	11987	98	106	9003	37	43	1	0	0	16.997457	0	9.0411309	0	0	0	0	0	0	297.846	-5.22782e-13	297.679	3.22789e-09	2.29731e-10	0	7	8609710	8609710
9.043	12.628384	-57.1751	12.5926	0	0	0	86380656	1	0	0	0	297.66319	12.628537	3.240263e-09	2.29857e-10	-1790.667	7.7091023e+08	1.6395598e+08	1.0118909	34.94663	0.65826912	11973	78	105	8943	40	45	0	0	0	16.997457	0	9.0428916	0	0	0	0	0	0	297.846	-5.22782e-13	297.663	3.25071e-09	2.30111e-10	0	19	8675544.4	8675544.4
9.0435	12.627674	-57.1783	12.5926	0	0	0	86380658	1	0	0	0	297.64512	12.628537	3.239354e-09	2.294414e-10	-1790.667	7.7091023e+08	1.636731e+08	1.0053728	35.237524	0.65110432	11906	76	107	8891	33	38	0	0	0	16.997457	0	9.0428916	0	0	0	0	0	0	297.846	-5.22782e-13	297.645	3.23456e-09	2.29797e-10	0	6	8672861.9	8672861.9
9.044	12.626964	-57.1814	12.5925	0	0	0	86380660	1	0	0	0	297.62989	12.628537	3.22526e-09	2.30024e-10	-1790.667	7.7091023e+08	1.641023e+08	1.0120179	34.86724	0.6591552	12089	76	137	9051	40	47	0	0	0	16.997457	0	9.0428916	0	0	0	0	0	0	297.846	-5.22782e-13	297.63	3.22976e-09	2.29895e-10	0	13	8634879.9	8634879.9
9.0445	12.626254	-57.1846	12.5925	0	0	0	86380663	1	0	0	0	297.61423	12.628537	3.221249e-09	2.300951e-10	-1790.667	7.7091023e+08	1.6416663e+08	1.0120646	34.957672	0.6582704	12298	84	104	9222	48	53	0	0	0	16.997457	0	9.0428916	0	0	0	0	0	0	297.846	-5.22782e-13	297.614	3.22803e-09	2.29841e-10	0	5	8623894.1	8623894.1
9.045	12.625544	-57.1877	12.5924	0	0	0	86380665	1	0	0	0	297.59877	12.626037	3.211703e-09	2.302514e-10	-1790.667	7.7091023e+08	1.6429176e+08	1.012273	35.76512	0.65023232	12126	95	99	8978	38	43	1	0	0	16.997457	0	9.0446531	0	0	0	0	0	0	297.846	-5.22782e-13	297.599	3.21205e-09	2.29965e-10	0	12	8598091.3	8598091.3
9.0455	12.624834	-57.1909	12.5924	0	0	0	86380667	1	0	0	0	297.57372	12.626037	3.203866e-09	2.298179e-10	-1790.667	7.7091023e+08	1.6399604e+08	1.0122691	34.731444	0.66069344	12107	89	110	9072	31	41	0	0	0	16.997457	0	9.0446531	0	0	0	0	0	0	297.846	-5.22782e-13	297.583	3.22041e-09	2.30074e-10	0	7	8576865	8576865
9.046	12.624124	-57.1941	12.5923	0	0	0	86380669	1	0	0	0	297.56025	12.626037	3.194863e-09	2.305569e-10	-1790.667	7.7091023e+08	1.6453703e+08	1.0117997	35.466372	0.65295104	12167	95	102	9139	29	34	2	0	0	16.997457	0	9.0446531	0	0	0	0	0	0	297.846	-5.22782e-13	297.564	3.19019e-09	2.30263e-10	0	12	8552518.7	8552518.7
9.0465	12.623414	-57.1972	12.5923	0	0	0	86380671	1	0	0	0	297.54189	12.623537	3.167745e-09	2.300204e-10	-1790.667	7.7091023e+08	1.6416777e+08	1.0122659	35.465685	0.65325888	12255	83	91	9172	33	38	1	0	0	16.997457	0	9.0464152	0	0	0	0	0	0	297.846	-5.22782e-13	297.542	3.17216e-09	2.30207e-10	0	12	8479682.1	8479682.1
9.047	12.622709	-57.2004	12.5922	0	0	0	86380673	1	0	0	0	297.52663	12.623537	3.153424e-09	2.299494e-10	-1790.667	7.7091023e+08	1.641307e+08	1.0122259	35.799281	0.64985632	12263	90	102	9236	40	45	2	0	0	16.997457	0	9.0464152	0	0	0	0	0	0	297.846	-5.22782e-13	297.527	3.1618e-09	2.29917e-10	0	12	8441104.8	8441104.8
9.0475	12.621999	-57.2035	12.5922	0	0	0	86380675	1	0	0	0	297.50916	12.623537	3.144883e-09	2.304752e-10	-1790.667	7.7091023e+08	1.6451964e+08	1.0121664	35.43626	0.65349248	12247	72	118	9209	39	43	0	0	0	16.997457	0	9.0464152	0	0	0	0	0	0	297.846	-5.22782e-13	297.509	3.1588e-09	2.30302e-10	0	6	8418001.3	8418001.3
9.048	12.621289	-57.2067	12.5921	0	0	0	86380678	1	0	0	0	297.48691	12.623537	3.155709e-09	2.308767e-10	-1790.667	7.7091023e+08	1.6481991e+08	1.0119245	35.437332	0.65332544	12350	91	128	9264	35	38	0	0	0	16.997457	0	9.0464152	0	0	0	0	0	0	297.846	-5.22782e-13	297.495	3.16558e-09	2.30481e-10	0	6	8446737.9	8446737.9
9.0485	12.620579	-57.2099	12.5921	0	0	0	86380680	1	0	0	0	297.47122	12.621037	3.181942e-09	2.304184e-10	-1790.667	7.7091023e+08	1.6450638e+08	1.012135	35.733477	0.650464	12306	98	106	9150	34	41	0	0	0	16.997457	0	9.048178	0	0	0	0	0	0	297.846	-5.22782e-13	297.479	3.18296e-09	2.30399e-10	0	6	8516710.9	8516710.9
9.049	12.619869	-57.213	12.5921	0	0	0	86380682	1	0	0	0	297.4535	12.621037	3.176105e-09	2.301945e-10	-1790.667	7.7091023e+08	1.6436016e+08	1.0120294	35.879557	0.64891776	12332	86	92	9211	37	41	1	0	0	16.997457	0	9.048178	0	0	0	0	0	0	297.846	-5.22782e-13	297.461	3.17282e-09	2.30217e-10	0	21	8500844.6	8500844.6
9.0495	12.619164	-57.2162	12.592	0	0	0	86380684	1	0	0	0	297.43575	12.621037	3.157123e-09	2.306209e-10	-1790.667	7.7091023e+08	1.6467827e+08	1.0120525	36.14358	0.64626048	12427	83	108	9303	30	33	0	0	0	16.997457	0	9.048178	0	0	0	0	0	0	297.846	-5.22782e-13	297.441	3.15653e-09	2.30338e-10	0	11	8449797.7	8449797.7
9.05	12.618454	-57.2194	12.592	0	0	0	86380686	1	0	0	0	297.42068	12.618537	3.151062e-09	2.306635e-10	-1790.667	7.7091023e+08	1.6472235e+08	1.0118851	36.202465	0.64555776	12187	68	90	9174	32	32	1	0	0	16.997457	0	9.0499416	0	0	0	0	0	0	297.846	-5.22782e-13	297.421	3.14973e-09	2.30937e-10	0	8	8433334.9	8433334.9
9.0505	12.617744	-57.2225	12.5919	0	0	0	86380688	1	0	0	0	297.40469	12.618537	3.148919e-09	2.305285e-10	-1790.667	7.7091023e+08	1.646396e+08	1.0118342	35.671993	0.6508928	12437	87	101	9311	34	39	1	0	0	16.997457	0	9.0499416	0	0	0	0	0	0	297.846	-5.22782e-13	297.405	3.15738e-09	2.30736e-10	0	7	8427358.7	8427358.7
9.051	12.617034	-57.2257	12.5919	0	0	0	86380691	1	0	0	0	297.38136	12.618537	3.156156e-09	2.304894e-10	-1790.667	7.7091023e+08	1.6462534e+08	1.0119008	35.744152	0.65020544	12501	95	119	9413	34	42	2	0	0	16.997457	0	9.0499416	0	0	0	0	0	0	297.846	-5.22782e-13	297.389	3.15212e-09	2.30651e-10	0	9	8446485.6	8446485.6
9.0515	12.616329	-57.2288	12.5918	0	0	0	86380693	1	0	0	0	297.36684	12.618537	3.144837e-09	2.304468e-10	-1790.667	7.7091023e+08	1.6460857e+08	1.0122662	35.992586	0.64792544	12409	74	100	9282	41	48	0	0	0	16.997457	0	9.0499416	0	0	0	0	0	0	297.846	-5.22782e-13	297.373	3.15258e-09	2.30209e-10	0	10	8415953.4	8415953.4
9.052	12.615619	-57.232	12.5918	0	0	0	86380695	1	0	0	0	297.34879	12.616037	3.143843e-09	2.307097e-10	-1790.667	7.7091023e+08	1.6481003e+08	1.0120893	36.068818	0.64704064	12331	86	91	9226	40	42	0	0	0	16.997457	0	9.0517058	0	0	0	0	0	0	297.846	-5.22782e-13	297.356	3.14578e-09	2.31012e-10	0	5	8413053.1	8413053.1
9.0525	12.614909	-57.2352	12.5917	0	0	0	86380697	1	0	0	0	297.3329	12.616037	3.144681e-09	2.305036e-10	-1790.667	7.7091023e+08	1.6467646e+08	1.0118035	36.686807	0.64060512	12263	89	123	9128	29	37	1	0	0	16.997457	0	9.0517058	0	0	0	0	0	0	297.846	-5.22782e-13	297.343	3.14817e-09	2.30659e-10	0	9	8415055.5	8415055.5
9.053	12.614204	-57.2383	12.5917	0	0	0	86380699	1	0	0	0	297.31599	12.616037	3.130783e-09	2.306102e-10	-1790.667	7.7091023e+08	1.6476629e+08	1.012144	36.083877	0.6469232	12354	76	107	9259	25	28	3	0	0	16.997457	0	9.0517058	0	0	0	0	0	0	297.846	-5.22782e-13	297.316	3.13082e-09	2.31063e-10	0	8	8377625.8	8377625.8
9.0535	12.613494	-57.2415	12.5916	0	0	0	86380701	1	0	0	0	297.30005	12.613537	3.131994e-09	2.311218e-10	-1790.667	7.7091023e+08	1.6514552e+08	1.0119408	36.102507	0.6466048	12437	89	115	9310	30	33	0	0	0	16.997457	0	9.0534708	0	0	0	0	0	0	297.846	-5.22782e-13	297.3	3.13461e-09	2.3071e-10	0	8	8380627.3	8380627.3
9.054	12.612789	-57.2446	12.5916	0	0	0	86380704	1	0	0	0	297.28532	12.613537	3.128822e-09	2.308056e-10	-1790.667	7.7091023e+08	1.6493327e+08	1.0122224	35.997307	0.6478496	12279	89	103	9262	29	34	2	0	0	16.997457	0	9.0534708	0	0	0	0	0	0	297.846	-5.22782e-13	297.285	3.11936e-09	2.30929e-10	0	7	8371900.8	8371900.8
9.0545	12.612079	-57.2478	12.5915	0	0	0	86380706	1	0	0	0	297.26071	12.613537	3.128395e-09	2.308447e-10	-1790.667	7.7091023e+08	1.6497491e+08	1.0121434	35.454993	0.653288	12405	86	103	9256	33	35	1	0	0	16.997457	0	9.0534708	0	0	0	0	0	0	297.846	-5.22782e-13	297.27	3.12631e-09	2.30481e-10	0	8	8370519.6	8370519.6
9.055	12.611369	-57.251	12.5915	0	0	0	86380708	1	0	0	0	297.24366	12.613537	3.115019e-09	2.310152e-10	-1790.667	7.7091023e+08	1.6511046e+08	1.0122435	35.250901	0.65541856	12295	80	100	9189	28	31	0	0	0	16.997457	0	9.0534708	0	0	0	0	0	0	297.846	-5.22782e-13	297.254	3.12436e-09	2.30919e-10	0	14	8334492.4	8334492.4
9.0555	12.610664	-57.2541	12.5914	0	0	0	86380710	1	0	0	0	297.22874	12.611037	3.113552e-09	2.309513e-10	-1790.667	7.7091023e+08	1.6507849e+08	1.0120666	35.65258	0.65123872	12287	78	119	9234	30	35	0	0	0	16.997457	0	9.0552365	0	0	0	0	0	0	297.846	-5.22782e-13	297.233	3.11661e-09	2.30975e-10	0	10	8330330	8330330
9.056	12.609954	-57.2573	12.5914	0	0	0	86380712	1	0	0	0	297.21287	12.611037	3.117904e-09	2.31303e-10	-1790.667	7.7091023e+08	1.653436e+08	1.0122557	35.771516	0.65015648	12222	95	102	9125	38	45	2	0	0	16.997457	0	9.0552365	0	0	0	0	0	0	297.846	-5.22782e-13	297.213	3.12555e-09	2.30733e-10	0	15	8341736.1	8341736.1
9.0565	12.609249	-57.2604	12.5913	0	0	0	86380714	1	0	0	0	297.19714	12.611037	3.13614e-09	2.307061e-10	-1790.667	7.7091023e+08	1.6493061e+08	1.0122787	36.010825	0.6477488	12348	78	122	9255	34	39	0	0	0	16.997457	0	9.0552365	0	0	0	0	0	0	297.846	-5.22782e-13	297.197	3.13247e-09	2.31022e-10	0	13	8390286.3	8390286.3
9.057	12.608539	-57.2636	12.5913	0	0	0	86380717	1	0	0	0	297.17969	12.608537	3.127049e-09	2.311999e-10	-1790.667	7.7091023e+08	1.6529735e+08	1.0121549	35.377353	0.65408128	12309	90	112	9165	30	31	2	0	0	16.997457	0	9.0570028	0	0	0	0	0	0	297.846	-5.22782e-13	297.18	3.13318e-09	2.31173e-10	0	9	8365726.5	8365726.5
9.0575	12.607834	-57.2668	12.5912	0	0	0	86380719	1	0	0	0	297.15776	12.608537	3.132364e-09	2.310578e-10	-1790.667	7.7091023e+08	1.6520947e+08	1.0053133	35.25664	0.6508736	12270	75	107	9183	32	36	2	0	0	16.997457	0	9.0570028	0	0	0	0	0	0	297.846	-5.22782e-13	297.165	3.12776e-09	2.30875e-10	0	6	8379707.1	8379707.1
9.058	12.607124	-57.2699	12.5912	0	0	0	86380721	1	0	0	0	297.13953	12.608537	3.115311e-09	2.31168e-10	-1790.667	7.7091023e+08	1.6530199e+08	1.012072	35.704748	0.65071424	12280	104	97	9182	34	38	2	0	0	16.997457	0	9.0570028	0	0	0	0	0	0	297.846	-5.22782e-13	297.144	3.11639e-09	2.31234e-10	0	16	8333849.7	8333849.7
9.0585	12.606419	-57.2731	12.5912	0	0	0	86380723	1	0	0	0	297.12568	12.608537	3.152401e-09	2.312071e-10	-1790.667	7.7091023e+08	1.6534368e+08	1.0120413	35.638388	0.65136608	12304	84	104	9251	29	32	0	0	0	16.997457	0	9.0570028	0	0	0	0	0	0	297.846	-5.22782e-13	297.126	3.15223e-09	2.31315e-10	0	15	8432830.2	8432830.2
9.059	12.605709	-57.2763	12.5911	0	0	0	86380725	1	0	0	0	297.10997	12.606037	3.161173e-09	2.30898e-10	-1790.667	7.7091023e+08	1.6513634e+08	1.0118403	35.946035	0.64812384	12238	89	102	9103	43	47	0	0	0	16.997457	0	9.0587699	0	0	0	0	0	0	297.846	-5.22782e-13	297.11	3.17124e-09	2.31147e-10	0	11	8456055.2	8456055.2
