# Scan number: 47
# Command: ascan monoE 8.959 9.059 200 2
# Date: Wed Jul 24 09:59:02 2024
# date: Wed Jul 24 09:59:02 2024
# C Wed Jul 24 10: 11:24 2024.  do ./2023-07_EXAFS.mac.
monoE	monobr	cr2latr	cr2vetr	H	K	L	Epoch	sec	no1	no2	izero	RCur	enc_det	K1_1	K1_2	"Counter 8"	"Counter 9"	ionch1	mcaRt	mcaDt	mcaLt	mca	roi1	roi2	roi3	roi4	roi5	roi6	ctm	ctran	LST1	LST2	E_det	mcaLt1	mcaLt2	mcaLt3	mcaLt4	mcaLt5	mcaLt6	mcaLt7	mcaLt8	AS_RC	AS_DM	AS_IC	AS_IC1	cyber	diode1	diode1
8.959	12.748769	-56.644	12.6007	0	0	0	86377826	2	0	0	0	296.7225	12.748537	3.818286e-08	1.3674e-09	-1790.667	7.7091023e+08	9.6194525e+08	2.0119126	19.618283	1.6172099	17349	1248	1561	1732	49	49	20	0	0	16.997457	0	8.9591619	0	0	0	0	0	0	297.846	-5.22782e-13	296.726	3.80917e-08	1.36585e-09	0	12	1.0273656e+08	1.0273656e+08
8.9595	12.748049	-56.6472	12.6007	0	0	0	86377829	2	0	0	0	296.70062	12.748537	3.812033e-08	1.365969e-09	-1790.667	7.7091023e+08	9.6101735e+08	2.0121174	19.804681	1.613624	17647	1279	1596	1725	41	42	26	0	0	16.997457	0	8.9591619	0	0	0	0	0	0	297.846	-5.22782e-13	296.704	3.81295e-08	1.36495e-09	0	25	1.0256524e+08	1.0256524e+08
8.96	12.747324	-56.6503	12.6006	0	0	0	86377833	2	0	0	0	296.67742	12.748537	3.823516e-08	1.369443e-09	-1790.667	7.7091023e+08	9.6354046e+08	2.0118518	20.045802	1.60856	17351	1281	1523	1788	44	47	18	0	0	16.997457	0	8.9591619	0	0	0	0	0	0	297.846	-5.22782e-13	296.681	3.82622e-08	1.36806e-09	0	20	1.0287111e+08	1.0287111e+08
8.9605	12.746599	-56.6535	12.6006	0	0	0	86377836	2	0	0	0	296.64666	12.748537	3.836385e-08	1.366471e-09	-1790.667	7.7091023e+08	9.615282e+08	2.0122813	19.902331	1.6117904	17544	1289	1561	1778	38	39	21	0	0	16.997457	0	8.9591619	0	0	0	0	0	0	297.846	-5.22782e-13	296.658	3.83338e-08	1.36929e-09	0	22	1.0321426e+08	1.0321426e+08
8.961	12.745879	-56.6566	12.6005	0	0	0	86377839	2	0	0	0	296.62668	12.746037	3.863101e-08	1.372875e-09	-1790.667	7.7091023e+08	9.6611365e+08	2.0122294	19.921673	1.6113597	17584	1250	1536	1777	36	39	17	0	0	16.997457	0	8.96089	0	0	0	0	0	0	297.846	-5.22782e-13	296.637	3.85529e-08	1.37166e-09	0	14	1.0392992e+08	1.0392992e+08
8.9615	12.745154	-56.6598	12.6005	0	0	0	86377842	2	0	0	0	296.60341	12.746037	3.879541e-08	1.377083e-09	-1790.667	7.7091023e+08	9.6915436e+08	2.0120058	20.3956	1.6016451	17509	1286	1538	1792	46	46	18	0	0	16.997457	0	8.96089	0	0	0	0	0	0	297.846	-5.22782e-13	296.608	3.86813e-08	1.37434e-09	0	23	1.0436908e+08	1.0436908e+08
8.962	12.744429	-56.663	12.6004	0	0	0	86377845	2	0	0	0	296.58264	12.746037	3.871514e-08	1.376902e-09	-1790.667	7.7091023e+08	9.6910645e+08	2.012167	20.182658	1.6060582	17741	1292	1616	1833	44	44	19	0	0	16.997457	0	8.96089	0	0	0	0	0	0	297.846	-5.22782e-13	296.586	3.86081e-08	1.37287e-09	0	26	1.0415002e+08	1.0415002e+08
8.9625	12.743709	-56.6661	12.6004	0	0	0	86377849	2	0	0	0	296.56116	12.743537	3.869832e-08	1.374827e-09	-1790.667	7.7091023e+08	9.6772538e+08	2.0119181	19.89778	1.611591	17873	1317	1600	1837	50	52	19	0	0	16.997457	0	8.9626188	0	0	0	0	0	0	297.846	-5.22782e-13	296.565	3.87789e-08	1.37594e-09	0	19	1.0410165e+08	1.0410165e+08
8.963	12.742984	-56.6693	12.6003	0	0	0	86377852	2	0	0	0	296.53182	12.743537	3.876448e-08	1.375104e-09	-1790.667	7.7091023e+08	9.6799975e+08	2.0117994	20.31358	1.6031309	17739	1201	1574	1980	43	43	19	0	0	16.997457	0	8.9626188	0	0	0	0	0	0	297.846	-5.22782e-13	296.542	3.87572e-08	1.37633e-09	0	21	1.0427651e+08	1.0427651e+08
8.9635	12.742264	-56.6724	12.6003	0	0	0	86377855	2	0	0	0	296.5106	12.743537	3.893047e-08	1.379373e-09	-1790.667	7.7091023e+08	9.7108456e+08	2.0118662	20.728456	1.5948374	17828	1280	1586	1957	50	53	17	0	0	16.997457	0	8.9626188	0	0	0	0	0	0	297.846	-5.22782e-13	296.52	3.88659e-08	1.37866e-09	0	13	1.0471989e+08	1.0471989e+08
8.964	12.741539	-56.6756	12.6002	0	0	0	86377858	2	0	0	0	296.4877	12.741037	3.912578e-08	1.383759e-09	-1790.667	7.7091023e+08	9.7425224e+08	2.0120611	20.326047	1.6030886	17918	1349	1518	2010	43	43	23	0	0	16.997457	0	8.9643484	0	0	0	0	0	0	297.846	-5.22782e-13	296.491	3.90302e-08	1.38185e-09	0	8	1.0524211e+08	1.0524211e+08
8.9645	12.740819	-56.6788	12.6002	0	0	0	86377862	2	0	0	0	298.41681	12.741037	3.934656e-08	1.393765e-09	-1790.667	7.7091023e+08	9.813776e+08	2.0119322	20.432721	1.6008397	18091	1291	1644	2014	40	41	25	0	0	16.997457	0	8.9643484	0	0	0	0	0	0	297.846	-5.22782e-13	297.445	3.88205e-08	1.38915e-09	0	16	1.0583281e+08	1.0583281e+08
8.965	12.740094	-56.6819	12.6001	0	0	0	86377865	2	0	0	0	298.38724	12.741037	3.944206e-08	1.393785e-09	-1790.667	7.7091023e+08	9.814722e+08	2.0118518	21.066681	1.5880214	18183	1275	1596	2126	50	51	20	0	0	16.997457	0	8.9643484	0	0	0	0	0	0	297.846	-5.22782e-13	298.398	3.95253e-08	1.39575e-09	0	20	1.0608651e+08	1.0608651e+08
8.9655	12.739374	-56.6851	12.6001	0	0	0	86377868	2	0	0	0	298.36404	12.741037	3.961441e-08	1.395561e-09	-1790.667	7.7091023e+08	9.8280346e+08	2.0122474	20.893018	1.5918282	18319	1269	1554	2183	42	42	19	0	0	16.997457	0	8.9643484	0	0	0	0	0	0	297.846	-5.22782e-13	298.376	3.94928e-08	1.39545e-09	0	20	1.0654689e+08	1.0654689e+08
8.966	12.738649	-56.6883	12.6	0	0	0	86377871	2	0	0	0	298.34188	12.738537	3.962077e-08	1.399414e-09	-1790.667	7.7091023e+08	9.8559776e+08	2.0119139	20.980397	1.5898064	18047	1249	1569	2210	44	47	17	0	0	16.997457	0	8.9660786	0	0	0	0	0	0	297.846	-5.22782e-13	298.345	3.95787e-08	1.39693e-09	0	19	1.0656082e+08	1.0656082e+08
8.9665	12.737929	-56.6914	12.6	0	0	0	86377874	2	0	0	0	298.32037	12.738537	3.975242e-08	1.397927e-09	-1790.667	7.7091023e+08	9.8463127e+08	2.0121654	21.049434	1.588616	18431	1251	1495	2306	58	58	24	0	0	16.997457	0	8.9660786	0	0	0	0	0	0	297.846	-5.22782e-13	298.324	3.96942e-08	1.39777e-09	0	19	1.069117e+08	1.069117e+08
8.967	12.737204	-56.6946	12.5999	0	0	0	86377878	2	0	0	0	298.29065	12.738537	3.97979e-08	1.400988e-09	-1790.667	7.7091023e+08	9.8686828e+08	2.0121466	20.792346	1.5937741	18656	1312	1582	2392	38	39	26	0	0	16.997457	0	8.9660786	0	0	0	0	0	0	297.846	-5.22782e-13	298.301	3.98568e-08	1.40247e-09	0	10	1.0703082e+08	1.0703082e+08
8.9675	12.736484	-56.6977	12.5999	0	0	0	86377882	2	0	0	0	298.26108	12.736037	3.998775e-08	1.407487e-09	-1790.667	7.7091023e+08	9.9152761e+08	2.012216	20.0517	1.6087325	18802	1292	1571	2435	43	45	19	0	0	16.997457	0	8.9678095	0	0	0	0	0	0	297.846	-5.22782e-13	298.28	3.98965e-08	1.40504e-09	0	14	1.0753818e+08	1.0753818e+08
8.968	12.735759	-56.7009	12.5998	0	0	0	86377885	2	0	0	0	298.23874	12.736037	3.992227e-08	1.40777e-09	-1790.667	7.7091023e+08	9.9180838e+08	2.0121222	21.579285	1.5779206	18448	1279	1592	2456	43	43	18	0	0	16.997457	0	8.9678095	0	0	0	0	0	0	297.846	-5.22782e-13	298.243	3.98978e-08	1.40479e-09	0	14	1.0735888e+08	1.0735888e+08
8.9685	12.735039	-56.7041	12.5998	0	0	0	86377889	2	0	0	0	298.21655	12.736037	4.001595e-08	1.409672e-09	-1790.667	7.7091023e+08	9.9322991e+08	2.0120771	21.450168	1.5804832	18661	1283	1560	2483	44	45	24	0	0	16.997457	0	8.9678095	0	0	0	0	0	0	297.846	-5.22782e-13	298.221	3.99779e-08	1.40775e-09	0	25	1.076076e+08	1.076076e+08
8.969	12.734319	-56.7072	12.5997	0	0	0	86377892	2	0	0	0	298.18733	12.736037	3.993887e-08	1.405221e-09	-1790.667	7.7091023e+08	9.901751e+08	2.0119248	21.135088	1.5867027	18673	1309	1625	2614	54	55	22	0	0	16.997457	0	8.9678095	0	0	0	0	0	0	297.846	-5.22782e-13	298.198	3.99299e-08	1.40549e-09	0	18	1.0739712e+08	1.0739712e+08
8.9695	12.733594	-56.7104	12.5997	0	0	0	86377895	2	0	0	0	298.1642	12.733537	4.00355e-08	1.409338e-09	-1790.667	7.7091023e+08	9.9315763e+08	2.0119373	21.476614	1.5798413	18848	1293	1521	2593	70	71	27	0	0	16.997457	0	8.969541	0	0	0	0	0	0	297.846	-5.22782e-13	298.176	4.0039e-08	1.41034e-09	0	22	1.0765375e+08	1.0765375e+08
8.97	12.732874	-56.7135	12.5996	0	0	0	86377898	2	0	0	0	298.14495	12.733537	4.025514e-08	1.411546e-09	-1790.667	7.7091023e+08	9.9479528e+08	2.0122416	21.673199	1.5761245	18721	1240	1585	2714	41	43	27	0	0	16.997457	0	8.969541	0	0	0	0	0	0	297.846	-5.22782e-13	298.151	4.01325e-08	1.40964e-09	0	16	1.0824112e+08	1.0824112e+08
8.9705	12.732154	-56.7167	12.5996	0	0	0	86377901	2	0	0	0	298.12289	12.733537	4.034814e-08	1.417128e-09	-1790.667	7.7091023e+08	9.9881123e+08	2.0121834	21.917446	1.5711642	19091	1325	1564	2803	51	52	23	0	0	16.997457	0	8.969541	0	0	0	0	0	0	297.846	-5.22782e-13	298.125	4.02778e-08	1.4151e-09	0	16	1.0848796e+08	1.0848796e+08
8.971	12.731429	-56.7199	12.5995	0	0	0	86377905	2	0	0	0	298.09905	12.731037	4.034996e-08	1.419647e-09	-1790.667	7.7091023e+08	1.0006688e+09	2.0118403	22.160502	1.5660064	19057	1285	1577	2820	43	44	21	0	0	16.997457	0	8.9712733	0	0	0	0	0	0	297.846	-5.22782e-13	298.103	4.035e-08	1.4186e-09	0	19	1.0848962e+08	1.0848962e+08
8.9715	12.730709	-56.723	12.5995	0	0	0	86377908	2	0	0	0	298.07148	12.731037	4.048457e-08	1.420796e-09	-1790.667	7.7091023e+08	1.001561e+09	2.0120515	21.962889	1.5701469	19256	1285	1594	2974	43	44	23	0	0	16.997457	0	8.9712733	0	0	0	0	0	0	297.846	-5.22782e-13	298.082	4.04773e-08	1.41993e-09	0	21	1.088483e+08	1.088483e+08
8.972	12.729989	-56.7262	12.5994	0	0	0	86377911	2	0	0	0	298.04724	12.731037	4.067124e-08	1.421451e-09	-1790.667	7.7091023e+08	1.002105e+09	2.0119885	22.191904	1.5654899	19368	1286	1557	3086	57	57	22	0	0	16.997457	0	8.9712733	0	0	0	0	0	0	297.846	-5.22782e-13	298.055	4.06166e-08	1.4237e-09	0	14	1.0934693e+08	1.0934693e+08
8.9725	12.729264	-56.7294	12.5994	0	0	0	86377914	2	0	0	0	298.02494	12.731037	4.069602e-08	1.428157e-09	-1790.667	7.7091023e+08	1.0069153e+09	2.0120099	22.719904	1.5548832	19543	1324	1609	3143	53	55	14	0	0	16.997457	0	8.9712733	0	0	0	0	0	0	297.846	-5.22782e-13	298.029	4.06063e-08	1.42535e-09	0	17	1.094103e+08	1.094103e+08
8.973	12.728544	-56.7325	12.5993	0	0	0	86377917	2	0	0	0	298.00376	12.728537	4.074604e-08	1.432245e-09	-1790.667	7.7091023e+08	1.0098805e+09	2.0121693	22.317772	1.5630979	19499	1241	1531	3312	51	52	16	0	0	16.997457	0	8.9730062	0	0	0	0	0	0	297.846	-5.22782e-13	298.007	4.07155e-08	1.42755e-09	0	22	1.0954152e+08	1.0954152e+08
8.9735	12.727824	-56.7357	12.5993	0	0	0	86377920	2	0	0	0	297.98067	12.728537	4.083131e-08	1.433445e-09	-1790.667	7.7091023e+08	1.0108096e+09	2.0121693	22.633404	1.5567469	19875	1325	1536	3501	49	50	20	0	0	16.997457	0	8.9730062	0	0	0	0	0	0	297.846	-5.22782e-13	297.985	4.08809e-08	1.43132e-09	0	17	1.0976749e+08	1.0976749e+08
8.974	12.727104	-56.7388	12.5992	0	0	0	86377924	2	0	0	0	297.95262	12.728537	4.083608e-08	1.431866e-09	-1790.667	7.7091023e+08	1.0097791e+09	2.0121114	22.907026	1.5511965	20020	1192	1606	3656	68	68	21	0	0	16.997457	0	8.9730062	0	0	0	0	0	0	297.846	-5.22782e-13	297.965	4.08506e-08	1.43465e-09	0	29	1.0977705e+08	1.0977705e+08
8.9745	12.726384	-56.742	12.5992	0	0	0	86377927	2	0	0	0	297.93137	12.726037	4.106664e-08	1.43798e-09	-1790.667	7.7091023e+08	1.0141742e+09	2.0122893	23.15842	1.5462749	19987	1285	1604	3640	52	52	24	0	0	16.997457	0	8.9747399	0	0	0	0	0	0	297.846	-5.22782e-13	297.939	4.10224e-08	1.43892e-09	0	19	1.1039356e+08	1.1039356e+08
8.975	12.725659	-56.7452	12.5992	0	0	0	86377930	2	0	0	0	297.9095	12.726037	4.115509e-08	1.442883e-09	-1790.667	7.7091023e+08	1.0177157e+09	2.0122022	24.041878	1.528431	20225	1330	1591	3831	67	70	22	0	0	16.997457	0	8.9747399	0	0	0	0	0	0	297.846	-5.22782e-13	297.913	4.10199e-08	1.44036e-09	0	12	1.1062804e+08	1.1062804e+08
8.9755	12.724939	-56.7483	12.5991	0	0	0	86377933	2	0	0	0	297.887	12.726037	4.115145e-08	1.445247e-09	-1790.667	7.7091023e+08	1.0194669e+09	2.0120448	23.916239	1.5308394	20618	1283	1559	4205	53	54	16	0	0	16.997457	0	8.9747399	0	0	0	0	0	0	297.846	-5.22782e-13	297.891	4.1087e-08	1.443e-09	0	24	1.1061497e+08	1.1061497e+08
8.976	12.724219	-56.7515	12.5991	0	0	0	86377937	2	0	0	0	297.86511	12.726037	4.110302e-08	1.447052e-09	-1790.667	7.7091023e+08	1.020824e+09	2.0122026	24.751337	1.5141555	20980	1331	1533	4315	54	55	21	0	0	16.997457	0	8.9747399	0	0	0	0	0	0	297.846	-5.22782e-13	297.868	4.11121e-08	1.44769e-09	0	27	1.104815e+08	1.104815e+08
8.9765	12.723499	-56.7546	12.599	0	0	0	86377940	2	0	0	0	297.83528	12.723537	4.099161e-08	1.448063e-09	-1790.667	7.7091023e+08	1.0216212e+09	2.0119555	24.61955	1.5166211	20961	1336	1578	4585	38	39	23	0	0	16.997457	0	8.9764742	0	0	0	0	0	0	297.846	-5.22782e-13	297.848	4.1053e-08	1.4483e-09	0	23	1.1017877e+08	1.1017877e+08
8.977	12.722779	-56.7578	12.599	0	0	0	86377943	2	0	0	0	297.81384	12.723537	4.098251e-08	1.452827e-09	-1790.667	7.7091023e+08	1.0250665e+09	2.0048365	25.227554	1.4990653	21273	1243	1573	4961	44	45	23	0	0	16.997457	0	8.9764742	0	0	0	0	0	0	297.846	-5.22782e-13	297.825	4.1072e-08	1.4512e-09	0	18	1.1015104e+08	1.1015104e+08
8.9775	12.722059	-56.761	12.5989	0	0	0	86377946	2	0	0	0	297.79371	12.723537	4.092067e-08	1.449489e-09	-1790.667	7.7091023e+08	1.0227953e+09	2.0119546	25.680739	1.4952698	21854	1203	1552	5280	55	56	19	0	0	16.997457	0	8.9764742	0	0	0	0	0	0	297.846	-5.22782e-13	297.8	4.08916e-08	1.45193e-09	0	20	1.0998156e+08	1.0998156e+08
8.978	12.721339	-56.7641	12.5989	0	0	0	86377949	2	0	0	0	297.77018	12.721037	4.069534e-08	1.457948e-09	-1790.667	7.7091023e+08	1.0288488e+09	2.0119872	26.476749	1.4792784	22330	1264	1578	5882	46	47	19	0	0	16.997457	0	8.9782092	0	0	0	0	0	0	297.846	-5.22782e-13	297.774	4.06515e-08	1.45453e-09	0	25	1.093727e+08	1.093727e+08
8.9785	12.720619	-56.7673	12.5988	0	0	0	86377952	2	0	0	0	297.74951	12.721037	4.053572e-08	1.459249e-09	-1790.667	7.7091023e+08	1.0298515e+09	2.0120416	27.163589	1.4654989	22820	1213	1505	6249	65	69	28	0	0	16.997457	0	8.9782092	0	0	0	0	0	0	297.846	-5.22782e-13	297.753	4.04608e-08	1.45553e-09	0	23	1.0894047e+08	1.0894047e+08
8.979	12.719899	-56.7704	12.5988	0	0	0	86377955	2	0	0	0	297.72538	12.721037	4.020421e-08	1.457332e-09	-1790.667	7.7091023e+08	1.0285832e+09	2.0118752	28.210259	1.44432	23361	1253	1489	6693	51	51	22	0	0	16.997457	0	8.9782092	0	0	0	0	0	0	297.846	-5.22782e-13	297.73	4.02039e-08	1.45645e-09	0	12	1.0804633e+08	1.0804633e+08
8.9795	12.719179	-56.7736	12.5987	0	0	0	86377959	2	0	0	0	297.69724	12.721037	3.999367e-08	1.456597e-09	-1790.667	7.7091023e+08	1.0281489e+09	2.0120483	28.40234	1.4405795	23979	1198	1576	7200	65	67	21	0	0	16.997457	0	8.9782092	0	0	0	0	0	0	297.846	-5.22782e-13	297.708	4.00307e-08	1.45855e-09	0	16	1.0747732e+08	1.0747732e+08
8.98	12.718459	-56.7768	12.5987	0	0	0	86377962	2	0	0	0	297.67255	12.718537	3.981245e-08	1.457908e-09	-1790.667	7.7091023e+08	1.0291589e+09	2.0122416	29.211697	1.4244317	24299	1169	1564	7876	60	62	21	0	0	16.997457	0	8.9799449	0	0	0	0	0	0	297.846	-5.22782e-13	297.685	3.97629e-08	1.45765e-09	0	14	1.0698715e+08	1.0698715e+08
8.9805	12.717739	-56.7799	12.5986	0	0	0	86377965	2	0	0	0	297.65104	12.718537	3.949049e-08	1.463839e-09	-1790.667	7.7091023e+08	1.0334306e+09	2.0118144	30.46312	1.398953	24995	1152	1499	8418	71	72	22	0	0	16.997457	0	8.9799449	0	0	0	0	0	0	297.846	-5.22782e-13	297.655	3.94734e-08	1.46023e-09	0	9	1.061188e+08	1.061188e+08
8.981	12.717019	-56.7831	12.5986	0	0	0	86377968	2	0	0	0	297.63026	12.718537	3.902892e-08	1.464198e-09	-1790.667	7.7091023e+08	1.0337691e+09	2.0119962	31.472887	1.3787629	25432	1125	1436	9140	58	64	17	0	0	16.997457	0	8.9799449	0	0	0	0	0	0	297.846	-5.22782e-13	297.633	3.8961e-08	1.45967e-09	0	16	1.0487537e+08	1.0487537e+08
8.9815	12.716299	-56.7863	12.5985	0	0	0	86377972	2	0	0	0	297.59974	12.716037	3.82272e-08	1.458476e-09	-1790.667	7.7091023e+08	1.0298138e+09	2.0120173	33.697047	1.3340269	26551	1139	1461	10176	57	60	19	0	0	16.997457	0	8.9816813	0	0	0	0	0	0	297.846	-5.22782e-13	297.609	3.83205e-08	1.45963e-09	0	20	1.02718e+08	1.02718e+08
8.982	12.715579	-56.7894	12.5985	0	0	0	86377975	2	0	0	0	297.57723	12.716037	3.746777e-08	1.459968e-09	-1790.667	7.7091023e+08	1.0309521e+09	2.0118819	35.638593	1.2948755	27797	1076	1363	11695	65	69	21	0	0	16.997457	0	8.9816813	0	0	0	0	0	0	297.846	-5.22782e-13	297.587	3.74715e-08	1.46236e-09	0	17	1.006744e+08	1.006744e+08
8.9825	12.714859	-56.7926	12.5984	0	0	0	86377978	2	0	0	0	297.55517	12.716037	3.661216e-08	1.473675e-09	-1790.667	7.7091023e+08	1.0407168e+09	2.0121398	38.085051	1.2458154	29334	1087	1369	13042	64	70	20	0	0	16.997457	0	8.9816813	0	0	0	0	0	0	297.846	-5.22782e-13	297.559	3.64784e-08	1.47057e-09	0	17	98372499	98372499
8.983	12.714139	-56.7957	12.5984	0	0	0	86377981	2	0	0	0	297.53284	12.716037	3.503555e-08	1.473778e-09	-1790.667	7.7091023e+08	1.0408752e+09	2.0121978	41.575778	1.1756109	31110	1011	1292	15005	83	94	21	0	0	16.997457	0	8.9816813	0	0	0	0	0	0	297.846	-5.22782e-13	297.537	3.50287e-08	1.47336e-09	0	20	94133548	94133548
8.9835	12.713419	-56.7989	12.5983	0	0	0	86377984	2	0	0	0	297.51181	12.713537	3.314244e-08	1.47565e-09	-1790.667	7.7091023e+08	1.042283e+09	2.0122541	45.700201	1.0926499	32873	949	1215	16998	82	93	22	0	0	16.997457	0	8.9834184	0	0	0	0	0	0	297.846	-5.22782e-13	297.515	3.32003e-08	1.47383e-09	0	16	89044502	89044502
8.984	12.712699	-56.8021	12.5983	0	0	0	86377988	2	0	0	0	297.48933	12.713537	3.119203e-08	1.480453e-09	-1790.667	7.7091023e+08	1.0457615e+09	2.0118691	50.460984	0.99666016	34553	853	1103	19087	126	144	16	0	0	16.997457	0	8.9834184	0	0	0	0	0	0	297.846	-5.22782e-13	297.493	3.12698e-08	1.48197e-09	0	14	83801814	83801814
8.9845	12.711979	-56.8052	12.5982	0	0	0	86377991	2	0	0	0	297.46247	12.713537	2.901197e-08	1.485544e-09	-1790.667	7.7091023e+08	1.049444e+09	2.0122035	55.917747	0.88702464	35707	774	1016	20854	122	134	24	0	0	16.997457	0	8.9834184	0	0	0	0	0	0	297.846	-5.22782e-13	297.471	2.90361e-08	1.4881e-09	0	19	77942467	77942467
8.985	12.711259	-56.8084	12.5982	0	0	0	86377994	2	0	0	0	297.43972	12.711037	2.666502e-08	1.493788e-09	-1790.667	7.7091023e+08	1.0553547e+09	2.0121126	61.261111	0.77947008	36436	721	918	22239	162	185	10	0	0	16.997457	0	8.9851561	0	0	0	0	0	0	297.846	-5.22782e-13	297.447	2.66692e-08	1.49205e-09	0	20	71635120	71635120
8.9855	12.710544	-56.8115	12.5981	0	0	0	86377997	2	0	0	0	297.4182	12.711037	2.447814e-08	1.496058e-09	-1790.667	7.7091023e+08	1.0570454e+09	2.0119504	65.479308	0.6945392	36463	679	794	22721	190	217	15	0	0	16.997457	0	8.9851561	0	0	0	0	0	0	297.846	-5.22782e-13	297.421	2.44548e-08	1.49358e-09	0	26	65758160	65758160
8.986	12.709824	-56.8147	12.5981	0	0	0	86378000	2	0	0	0	297.39572	12.711037	2.262777e-08	1.503434e-09	-1790.667	7.7091023e+08	1.0623443e+09	2.0120957	69.517792	0.6133312	35636	593	693	22928	209	232	18	0	0	16.997457	0	8.9851561	0	0	0	0	0	0	297.846	-5.22782e-13	297.399	2.25739e-08	1.49947e-09	0	14	60785522	60785522
8.9865	12.709104	-56.8179	12.598	0	0	0	86378003	2	0	0	0	297.37375	12.711037	2.106594e-08	1.503405e-09	-1790.667	7.7091023e+08	1.0624113e+09	2.0053917	72.046367	0.56057984	35137	490	675	22800	220	254	19	0	0	16.997457	0	8.9851561	0	0	0	0	0	0	297.846	-5.22782e-13	297.377	2.10545e-08	1.50156e-09	0	14	56588268	56588268
8.987	12.708384	-56.821	12.598	0	0	0	86378007	2	0	0	0	297.34332	12.708537	1.999526e-08	1.503238e-09	-1790.667	7.7091023e+08	1.0623807e+09	2.0119594	73.930336	0.52451104	34562	519	573	22837	221	248	18	0	0	16.997457	0	8.9868946	0	0	0	0	0	0	297.846	-5.22782e-13	297.354	2.00202e-08	1.5056e-09	0	21	53710572	53710572
8.9875	12.707664	-56.8242	12.5979	0	0	0	86378010	2	0	0	0	297.32076	12.708537	1.934412e-08	1.507615e-09	-1790.667	7.7091023e+08	1.0655617e+09	2.0121338	75.294048	0.4971168	34025	465	567	22499	246	281	19	0	0	16.997457	0	8.9868946	0	0	0	0	0	0	297.846	-5.22782e-13	297.333	1.93212e-08	1.50771e-09	0	11	51959968	51959968
8.988	12.706949	-56.8274	12.5979	0	0	0	86378013	2	0	0	0	297.29891	12.708537	1.88463e-08	1.509253e-09	-1790.667	7.7091023e+08	1.0668072e+09	2.0121782	76.036461	0.48218912	33792	447	570	22558	261	299	14	0	0	16.997457	0	8.9868946	0	0	0	0	0	0	297.846	-5.22782e-13	297.303	1.88303e-08	1.50936e-09	0	26	50621285	50621285
8.9885	12.706229	-56.8305	12.5978	0	0	0	86378016	2	0	0	0	297.27727	12.706037	1.841883e-08	1.514126e-09	-1790.667	7.7091023e+08	1.0703398e+09	2.0120349	77.088493	0.46098752	33135	422	547	21975	233	266	14	0	0	16.997457	0	8.9886337	0	0	0	0	0	0	297.846	-5.22782e-13	297.281	1.83947e-08	1.5121e-09	0	23	49471637	49471637
8.989	12.705509	-56.8337	12.5978	0	0	0	86378019	2	0	0	0	297.25671	12.706037	1.779241e-08	1.517504e-09	-1790.667	7.7091023e+08	1.072816e+09	2.0122166	78.191724	0.43882976	32650	458	523	21809	259	303	10	0	0	16.997457	0	8.9886337	0	0	0	0	0	0	297.846	-5.22782e-13	297.26	1.78295e-08	1.51385e-09	0	24	47787708	47787708
8.9895	12.704789	-56.8368	12.5977	0	0	0	86378023	2	0	0	0	297.22646	12.706037	1.710297e-08	1.516964e-09	-1790.667	7.7091023e+08	1.0725225e+09	2.011985	79.396601	0.41453728	31993	432	535	21300	269	300	12	0	0	16.997457	0	8.9886337	0	0	0	0	0	0	297.846	-5.22782e-13	297.237	1.7125e-08	1.51746e-09	0	23	45934621	45934621
8.99	12.704074	-56.84	12.5977	0	0	0	86378026	2	0	0	0	297.20468	12.706037	1.62584e-08	1.520101e-09	-1790.667	7.7091023e+08	1.0748289e+09	2.0120448	81.21917	0.37787872	30815	404	434	20925	292	324	8	0	0	16.997457	0	8.9886337	0	0	0	0	0	0	297.846	-5.22782e-13	297.214	1.62393e-08	1.51999e-09	0	24	43665013	43665013
8.9905	12.703354	-56.8432	12.5977	0	0	0	86378029	2	0	0	0	297.18203	12.703537	1.523938e-08	1.52629e-09	-1790.667	7.7091023e+08	1.0792938e+09	2.0117965	82.92174	0.34357984	29652	330	401	20196	280	321	13	0	0	16.997457	0	8.9903736	0	0	0	0	0	0	297.846	-5.22782e-13	297.187	1.52223e-08	1.52379e-09	0	16	40927035	40927035
8.991	12.702634	-56.8463	12.5976	0	0	0	86378032	2	0	0	0	297.15999	12.703537	1.408213e-08	1.526493e-09	-1790.667	7.7091023e+08	1.0795263e+09	2.0121914	84.925585	0.30332608	27953	340	370	19163	282	325	12	0	0	16.997457	0	8.9903736	0	0	0	0	0	0	297.846	-5.22782e-13	297.165	1.41063e-08	1.52527e-09	0	18	37817997	37817997
8.9915	12.701919	-56.8495	12.5976	0	0	0	86378035	2	0	0	0	297.13865	12.703537	1.298492e-08	1.52936e-09	-1790.667	7.7091023e+08	1.0816428e+09	2.012183	86.723244	0.26715264	26141	255	331	18202	274	312	15	0	0	16.997457	0	8.9903736	0	0	0	0	0	0	297.846	-5.22782e-13	297.142	1.30262e-08	1.52716e-09	0	28	34870377	34870377
8.992	12.701199	-56.8526	12.5975	0	0	0	86378039	2	0	0	0	297.10813	12.701037	1.199011e-08	1.529443e-09	-1790.667	7.7091023e+08	1.0817906e+09	2.0120605	88.242294	0.23657216	24621	252	299	17082	294	346	11	0	0	16.997457	0	8.9921141	0	0	0	0	0	0	297.846	-5.22782e-13	297.12	1.19776e-08	1.52942e-09	0	16	32197914	32197914
8.9925	12.700484	-56.8558	12.5975	0	0	0	86378042	2	0	0	0	297.08827	12.701037	1.109388e-08	1.532548e-09	-1790.667	7.7091023e+08	1.0840761e+09	2.0119891	89.864327	0.20392864	22508	218	239	15715	278	320	9	0	0	16.997457	0	8.9921141	0	0	0	0	0	0	297.846	-5.22782e-13	297.098	1.10752e-08	1.53099e-09	0	21	29790325	29790325
8.993	12.699764	-56.859	12.5974	0	0	0	86378045	2	0	0	0	297.06523	12.701037	1.033307e-08	1.532481e-09	-1790.667	7.7091023e+08	1.0841179e+09	2.0119568	90.958788	0.18190528	20529	222	249	13741	243	294	14	0	0	16.997457	0	8.9921141	0	0	0	0	0	0	297.846	-5.22782e-13	297.069	1.03226e-08	1.53285e-09	0	27	27746509	27746509
8.9935	12.699044	-56.8621	12.5974	0	0	0	86378048	2	0	0	0	297.04095	12.701037	9.674515e-09	1.533895e-09	-1790.667	7.7091023e+08	1.0852076e+09	2.012103	91.979433	0.16138208	19340	202	236	13048	260	301	11	0	0	16.997457	0	8.9921141	0	0	0	0	0	0	297.846	-5.22782e-13	297.045	9.70057e-09	1.53442e-09	0	36	25977383	25977383
8.994	12.698329	-56.8653	12.5973	0	0	0	86378051	2	0	0	0	297.02169	12.698537	9.214663e-09	1.536717e-09	-1790.667	7.7091023e+08	1.0872937e+09	2.0119539	92.61459	0.14859104	17482	217	295	10904	209	268	13	0	0	16.997457	0	8.9938553	0	0	0	0	0	0	297.846	-5.22782e-13	297.025	9.20767e-09	1.5346e-09	0	23	24741889	24741889
8.9945	12.697609	-56.8684	12.5973	0	0	0	86378055	2	0	0	0	297.00014	12.698537	8.826301e-09	1.53733e-09	-1790.667	7.7091023e+08	1.087817e+09	2.0118669	93.086604	0.13908832	17600	139	180	12262	264	306	5	0	0	16.997457	0	8.9938553	0	0	0	0	0	0	297.846	-5.22782e-13	297.003	8.8215e-09	1.53778e-09	0	22	23698418	23698418
8.995	12.696894	-56.8716	12.5972	0	0	0	86378058	2	0	0	0	296.96952	12.698537	8.518455e-09	1.535719e-09	-1790.667	7.7091023e+08	1.0867666e+09	2.0118406	93.640737	0.12793824	16883	152	138	11557	243	284	5	0	0	16.997457	0	8.9938553	0	0	0	0	0	0	297.846	-5.22782e-13	296.981	8.51738e-09	1.53791e-09	0	20	22871185	22871185
8.9955	12.696174	-56.8748	12.5972	0	0	0	86378061	2	0	0	0	296.94879	12.696037	8.264724e-09	1.537128e-09	-1790.667	7.7091023e+08	1.0878533e+09	2.0119821	93.953219	0.12166016	15751	159	159	10431	204	245	6	0	0	16.997457	0	8.9955972	0	0	0	0	0	0	297.846	-5.22782e-13	296.956	8.28592e-09	1.53791e-09	0	16	22189290	22189290
8.996	12.695459	-56.8779	12.5971	0	0	0	86378064	2	0	0	0	296.92819	12.696037	8.075585e-09	1.541046e-09	-1790.667	7.7091023e+08	1.090716e+09	2.0054362	94.324802	0.11381248	15086	158	151	10161	217	259	5	0	0	16.997457	0	8.9955972	0	0	0	0	0	0	297.846	-5.22782e-13	296.931	8.08106e-09	1.54011e-09	0	20	21680849	21680849
8.9965	12.694739	-56.8811	12.5971	0	0	0	86378067	2	0	0	0	296.90822	12.696037	7.888925e-09	1.542084e-09	-1790.667	7.7091023e+08	1.0915406e+09	2.0119488	94.582924	0.1089888	14456	188	217	9064	216	260	10	0	0	16.997457	0	8.9955972	0	0	0	0	0	0	297.846	-5.22782e-13	296.912	7.88565e-09	1.54153e-09	0	16	21179092	21179092
8.997	12.694024	-56.8843	12.597	0	0	0	86378070	2	0	0	0	296.88308	12.696037	7.719891e-09	1.542331e-09	-1790.667	7.7091023e+08	1.0918054e+09	2.0119757	94.883548	0.10294176	14580	116	118	9841	224	263	9	0	0	16.997457	0	8.9955972	0	0	0	0	0	0	297.846	-5.22782e-13	296.887	7.69132e-09	1.54132e-09	0	20	20724684	20724684
8.9975	12.693304	-56.8874	12.597	0	0	0	86378073	2	0	0	0	296.86156	12.693537	7.546166e-09	1.545279e-09	-1790.667	7.7091023e+08	1.0939824e+09	2.0119366	95.135895	0.09786272	13237	124	133	8407	198	237	3	0	0	16.997457	0	8.9973398	0	0	0	0	0	0	297.846	-5.22782e-13	296.865	7.5377e-09	1.54274e-09	0	21	20257709	20257709
8.998	12.692589	-56.8906	12.5969	0	0	0	86378077	2	0	0	0	296.83989	12.693537	7.414272e-09	1.542761e-09	-1790.667	7.7091023e+08	1.0922898e+09	2.0121264	95.299969	0.09457056	12846	159	180	7745	197	224	8	0	0	16.997457	0	8.9973398	0	0	0	0	0	0	297.846	-5.22782e-13	296.844	7.40697e-09	1.54417e-09	0	23	19903055	19903055
8.9985	12.691874	-56.8937	12.5969	0	0	0	86378080	2	0	0	0	296.80951	12.693537	7.307221e-09	1.544413e-09	-1790.667	7.7091023e+08	1.0935495e+09	2.0118288	95.577214	0.08897888	12982	92	118	8741	208	263	8	0	0	16.997457	0	8.9973398	0	0	0	0	0	0	297.846	-5.22782e-13	296.82	7.30338e-09	1.54729e-09	0	20	19615108	19615108
8.999	12.691154	-56.8969	12.5968	0	0	0	86378083	2	0	0	0	296.78841	12.691037	7.269747e-09	1.548994e-09	-1790.667	7.7091023e+08	1.0968836e+09	2.0119072	95.483943	0.09085888	12256	160	146	7920	186	220	8	0	0	16.997457	0	8.9990831	0	0	0	0	0	0	297.846	-5.22782e-13	296.792	7.24414e-09	1.5448e-09	0	23	19513942	19513942
8.9995	12.690439	-56.9001	12.5968	0	0	0	86378086	2	0	0	0	296.76738	12.691037	7.256148e-09	1.549342e-09	-1790.667	7.7091023e+08	1.0972204e+09	2.0121514	95.665901	0.08720864	12299	134	125	8133	190	238	8	0	0	16.997457	0	8.9990831	0	0	0	0	0	0	297.846	-5.22782e-13	296.771	7.24467e-09	1.5484e-09	0	21	19476867	19476867
9	12.689724	-56.9032	12.5967	0	0	0	86378090	2	0	0	0	296.74681	12.691037	7.253277e-09	1.548019e-09	-1790.667	7.7091023e+08	1.0963739e+09	2.0119968	95.549162	0.08955072	11991	166	190	6885	177	207	9	0	0	16.997457	0	8.9990831	0	0	0	0	0	0	297.846	-5.22782e-13	296.75	7.24853e-09	1.54847e-09	0	15	19468589	19468589
9.0005	12.689004	-56.9064	12.5967	0	0	0	86378093	2	0	0	0	296.71817	12.691037	7.279699e-09	1.549354e-09	-1790.667	7.7091023e+08	1.0974098e+09	2.0119507	95.476661	0.09100736	12722	132	145	7859	202	243	9	0	0	16.997457	0	8.9990831	0	0	0	0	0	0	297.846	-5.22782e-13	296.727	7.26886e-09	1.55023e-09	0	16	19538935	19538935
9.001	12.688289	-56.9095	12.5966	0	0	0	86378096	2	0	0	0	296.69312	12.688537	7.346905e-09	1.545121e-09	-1790.667	7.7091023e+08	1.0945018e+09	2.0118566	95.276546	0.09502912	13026	140	191	8010	183	217	5	0	0	16.997457	0	9.0008271	0	0	0	0	0	0	297.846	-5.22782e-13	296.706	7.36109e-09	1.54851e-09	0	28	19718740	19718740
9.0015	12.687574	-56.9127	12.5966	0	0	0	86378099	2	0	0	0	296.67026	12.688537	7.474743e-09	1.547283e-09	-1790.667	7.7091023e+08	1.0961236e+09	2.0119462	95.154097	0.09749696	13404	132	120	8527	184	226	5	0	0	16.997457	0	9.0008271	0	0	0	0	0	0	297.846	-5.22782e-13	296.678	7.46787e-09	1.54719e-09	0	21	20061262	20061262
9.002	12.686854	-56.9159	12.5965	0	0	0	86378102	2	0	0	0	296.64851	12.688537	7.593819e-09	1.545347e-09	-1790.667	7.7091023e+08	1.0948424e+09	2.0118579	94.904054	0.1025232	13934	152	188	9185	194	252	7	0	0	16.997457	0	9.0008271	0	0	0	0	0	0	297.846	-5.22782e-13	296.652	7.59963e-09	1.54446e-09	0	24	20380250	20380250
9.0025	12.686139	-56.919	12.5965	0	0	0	86378105	2	0	0	0	296.62849	12.686037	7.763269e-09	1.543853e-09	-1790.667	7.7091023e+08	1.0938741e+09	2.011809	94.689229	0.10684256	14567	132	154	9679	218	265	9	0	0	16.997457	0	9.0025718	0	0	0	0	0	0	297.846	-5.22782e-13	296.632	7.75017e-09	1.54276e-09	0	14	20834408	20834408
9.003	12.685424	-56.9222	12.5964	0	0	0	86378109	2	0	0	0	296.60782	12.686037	7.931114e-09	1.54202e-09	-1790.667	7.7091023e+08	1.0926655e+09	2.0122006	94.394754	0.1127888	15108	147	161	9622	216	266	9	0	0	16.997457	0	9.0025718	0	0	0	0	0	0	297.846	-5.22782e-13	296.612	7.91939e-09	1.54246e-09	0	21	21284233	21284233
9.0035	12.684704	-56.9254	12.5964	0	0	0	86378112	2	0	0	0	296.57807	12.686037	8.117041e-09	1.544723e-09	-1790.667	7.7091023e+08	1.0946711e+09	2.0118819	94.056128	0.11958368	16065	148	158	10697	243	294	6	0	0	16.997457	0	9.0025718	0	0	0	0	0	0	297.846	-5.22782e-13	296.589	8.10204e-09	1.54558e-09	0	20	21782555	21782555
9.004	12.683989	-56.9285	12.5964	0	0	0	86378115	2	0	0	0	296.55579	12.686037	8.283902e-09	1.54804e-09	-1790.667	7.7091023e+08	1.0971122e+09	2.0122538	93.73477	0.12607232	16758	149	154	11414	255	301	2	0	0	16.997457	0	9.0025718	0	0	0	0	0	0	297.846	-5.22782e-13	296.567	8.27596e-09	1.55123e-09	0	14	22229685	22229685
9.0045	12.683274	-56.9317	12.5963	0	0	0	86378118	2	0	0	0	296.53493	12.683537	8.477841e-09	1.556414e-09	-1790.667	7.7091023e+08	1.1031379e+09	2.0118483	93.524697	0.13027328	16416	158	184	11020	241	291	11	0	0	16.997457	0	9.0043171	0	0	0	0	0	0	297.846	-5.22782e-13	296.542	8.45539e-09	1.55354e-09	0	14	22749450	22749450
9.005	12.682559	-56.9348	12.5963	0	0	0	86378121	2	0	0	0	296.51202	12.683537	8.628462e-09	1.56194e-09	-1790.667	7.7091023e+08	1.1071458e+09	2.0121606	93.364951	0.13350784	17336	151	181	11756	232	279	7	0	0	16.997457	0	9.0043171	0	0	0	0	0	0	297.846	-5.22782e-13	296.515	8.61589e-09	1.55862e-09	0	18	23152949	23152949
9.0055	12.681844	-56.938	12.5962	0	0	0	86378124	2	0	0	0	296.49142	12.683537	8.769668e-09	1.565388e-09	-1790.667	7.7091023e+08	1.1096814e+09	2.0054342	93.062801	0.13912096	16975	165	181	11272	219	260	13	0	0	16.997457	0	9.0043171	0	0	0	0	0	0	297.846	-5.22782e-13	296.495	8.77127e-09	1.56296e-09	0	19	23531162	23531162
9.006	12.681129	-56.9412	12.5962	0	0	0	86378128	2	0	0	0	296.46142	12.681037	8.934855e-09	1.565125e-09	-1790.667	7.7091023e+08	1.1095865e+09	2.0118989	93.011323	0.14060512	17420	181	188	11840	231	275	8	0	0	16.997457	0	9.0060632	0	0	0	0	0	0	297.846	-5.22782e-13	296.474	8.93528e-09	1.56587e-09	0	14	23973697	23973697
9.0065	12.680409	-56.9443	12.5961	0	0	0	86378131	2	0	0	0	297.20421	12.681037	9.080395e-09	1.566702e-09	-1790.667	7.7091023e+08	1.1107961e+09	2.0119421	92.58781	0.14912896	18105	177	232	11955	229	281	13	0	0	16.997457	0	9.0060632	0	0	0	0	0	0	297.846	-5.22782e-13	296.452	8.98586e-09	1.56446e-09	0	19	24363493	24363493
9.007	12.679694	-56.9475	12.5961	0	0	0	86378134	2	0	0	0	297.18067	12.681037	9.232675e-09	1.570113e-09	-1790.667	7.7091023e+08	1.1133064e+09	2.0118643	92.575118	0.14937856	18197	209	235	12133	219	255	10	0	0	16.997457	0	9.0060632	0	0	0	0	0	0	297.846	-5.22782e-13	297.193	9.22445e-09	1.56804e-09	0	20	24771349	24771349
9.0075	12.678979	-56.9506	12.596	0	0	0	86378137	2	0	0	0	297.16088	12.681037	9.33089e-09	1.567207e-09	-1790.667	7.7091023e+08	1.1113375e+09	2.0119008	92.433917	0.15222208	18902	196	199	13137	245	288	9	0	0	16.997457	0	9.0060632	0	0	0	0	0	0	297.846	-5.22782e-13	297.171	9.31511e-09	1.56907e-09	0	23	25034129	25034129
9.008	12.678264	-56.9538	12.596	0	0	0	86378140	2	0	0	0	297.13815	12.678537	9.415473e-09	1.569367e-09	-1790.667	7.7091023e+08	1.1129611e+09	2.0120128	92.424191	0.15242624	18341	207	230	12081	248	295	8	0	0	16.997457	0	9.00781	0	0	0	0	0	0	297.846	-5.22782e-13	297.146	9.40804e-09	1.56971e-09	0	15	25260321	25260321
9.0085	12.677549	-56.957	12.5959	0	0	0	86378143	2	0	0	0	297.11723	12.678537	9.462021e-09	1.567987e-09	-1790.667	7.7091023e+08	1.1120742e+09	2.0121309	92.217556	0.15659296	18645	208	244	12211	232	283	6	0	0	16.997457	0	9.00781	0	0	0	0	0	0	297.846	-5.22782e-13	297.12	9.47742e-09	1.56879e-09	0	27	25384460	25384460
9.009	12.676834	-56.9601	12.5959	0	0	0	86378146	2	0	0	0	297.09795	12.678537	9.456041e-09	1.566773e-09	-1790.667	7.7091023e+08	1.1113049e+09	2.0122227	92.21128	0.1567264	18910	206	216	12636	258	300	13	0	0	16.997457	0	9.00781	0	0	0	0	0	0	297.846	-5.22782e-13	297.102	9.45032e-09	1.56778e-09	0	13	25367676	25367676
9.0095	12.676119	-56.9633	12.5958	0	0	0	86378149	2	0	0	0	297.07374	12.676037	9.466834e-09	1.564402e-09	-1790.667	7.7091023e+08	1.1097147e+09	2.012264	92.04343	0.1601072	18898	203	280	12418	254	295	13	0	0	16.997457	0	9.0095574	0	0	0	0	0	0	297.846	-5.22782e-13	297.077	9.46106e-09	1.56324e-09	0	21	25395889	25395889
9.01	12.675404	-56.9664	12.5958	0	0	0	86378153	2	0	0	0	297.04612	12.676037	9.411593e-09	1.561224e-09	-1790.667	7.7091023e+08	1.1075518e+09	2.0120134	91.931791	0.16233344	19578	169	227	13702	266	325	8	0	0	16.997457	0	9.0095574	0	0	0	0	0	0	297.846	-5.22782e-13	297.054	9.41524e-09	1.56221e-09	0	11	25246961	25246961
9.0105	12.674689	-56.9696	12.5957	0	0	0	86378156	2	0	0	0	297.02252	12.676037	9.371252e-09	1.564338e-09	-1790.667	7.7091023e+08	1.1098525e+09	2.0119846	92.089069	0.15916672	18866	177	239	12485	225	265	9	0	0	16.997457	0	9.0095574	0	0	0	0	0	0	297.846	-5.22782e-13	297.035	9.36612e-09	1.56362e-09	0	20	25138011	25138011
9.011	12.673974	-56.9728	12.5957	0	0	0	86378159	2	0	0	0	297.00039	12.676037	9.350732e-09	1.568687e-09	-1790.667	7.7091023e+08	1.1130298e+09	2.012257	92.125793	0.15844928	18418	238	292	11932	221	267	11	0	0	16.997457	0	9.0095574	0	0	0	0	0	0	297.846	-5.22782e-13	297.012	9.34345e-09	1.56851e-09	0	16	25082235	25082235
9.0115	12.673259	-56.9759	12.5956	0	0	0	86378162	2	0	0	0	296.97985	12.673537	9.306891e-09	1.571067e-09	-1790.667	7.7091023e+08	1.1148105e+09	2.0122109	92.384273	0.15324448	18887	161	209	12819	263	299	7	0	0	16.997457	0	9.0113056	0	0	0	0	0	0	297.846	-5.22782e-13	296.987	9.30162e-09	1.56902e-09	0	21	24963909	24963909
9.012	12.672544	-56.9791	12.5956	0	0	0	86378165	2	0	0	0	296.95729	12.673537	9.302308e-09	1.574307e-09	-1790.667	7.7091023e+08	1.1172018e+09	2.0120877	92.341439	0.15409696	18572	181	211	12833	233	280	10	0	0	16.997457	0	9.0113056	0	0	0	0	0	0	297.846	-5.22782e-13	296.961	9.30243e-09	1.57271e-09	0	27	24950888	24950888
9.0125	12.671829	-56.9823	12.5955	0	0	0	86378168	2	0	0	0	296.93509	12.673537	9.292556e-09	1.579332e-09	-1790.667	7.7091023e+08	1.1208603e+09	2.0118474	92.338457	0.15413856	18556	168	210	12211	248	300	8	0	0	16.997457	0	9.0113056	0	0	0	0	0	0	297.846	-5.22782e-13	296.938	9.27087e-09	1.57741e-09	0	18	24924004	24924004
9.013	12.671114	-56.9854	12.5955	0	0	0	86378171	2	0	0	0	296.91145	12.671037	9.295405e-09	1.581375e-09	-1790.667	7.7091023e+08	1.1224029e+09	2.0120586	92.642568	0.14803584	18005	189	263	11301	226	279	17	0	0	16.997457	0	9.0130544	0	0	0	0	0	0	297.846	-5.22782e-13	296.916	9.28237e-09	1.58085e-09	0	23	24930919	24930919
9.0135	12.670399	-56.9886	12.5954	0	0	0	86378175	2	0	0	0	296.89111	12.671037	9.270604e-09	1.581038e-09	-1790.667	7.7091023e+08	1.1222564e+09	2.0121837	92.556354	0.14977984	18698	160	196	12954	279	319	10	0	0	16.997457	0	9.0130544	0	0	0	0	0	0	297.846	-5.22782e-13	296.894	9.25247e-09	1.58171e-09	0	17	24863676	24863676
9.014	12.669684	-56.9917	12.5954	0	0	0	86378178	2	0	0	0	296.8626	12.671037	9.235535e-09	1.582043e-09	-1790.667	7.7091023e+08	1.1230625e+09	2.0118298	92.674513	0.14737632	18166	201	216	12050	259	304	12	0	0	16.997457	0	9.0130544	0	0	0	0	0	0	297.846	-5.22782e-13	296.873	9.24463e-09	1.58322e-09	0	18	24768900	24768900
9.0145	12.668969	-56.9949	12.5953	0	0	0	86378181	2	0	0	0	296.84103	12.671037	9.248531e-09	1.580075e-09	-1790.667	7.7091023e+08	1.1217581e+09	2.011952	92.423358	0.1524384	18615	179	228	12851	255	303	10	0	0	16.997457	0	9.0130544	0	0	0	0	0	0	297.846	-5.22782e-13	296.848	9.25676e-09	1.58039e-09	0	20	24803031	24803031
9.015	12.668254	-56.9981	12.5953	0	0	0	86378184	2	0	0	0	296.81766	12.668537	9.260916e-09	1.585319e-09	-1790.667	7.7091023e+08	1.125574e+09	2.0121174	92.548411	0.14993472	18413	177	226	12292	253	296	11	0	0	16.997457	0	9.0148039	0	0	0	0	0	0	297.846	-5.22782e-13	296.822	9.26525e-09	1.58361e-09	0	25	24835523	24835523
9.0155	12.667544	-57.0012	12.5952	0	0	0	86378187	2	0	0	0	296.7962	12.668537	9.259939e-09	1.586093e-09	-1790.667	7.7091023e+08	1.1262165e+09	2.0118163	92.310232	0.154704	18328	150	193	12601	222	269	10	0	0	16.997457	0	9.0148039	0	0	0	0	0	0	297.846	-5.22782e-13	296.8	9.26201e-09	1.58359e-09	0	19	24832180	24832180
9.016	12.666829	-57.0044	12.5952	0	0	0	86378190	2	0	0	0	296.77598	12.668537	9.299406e-09	1.586681e-09	-1790.667	7.7091023e+08	1.1267271e+09	2.0121181	92.258776	0.15576256	18617	173	217	12308	229	288	4	0	0	16.997457	0	9.0148039	0	0	0	0	0	0	297.846	-5.22782e-13	296.779	9.28058e-09	1.58473e-09	0	21	24937292	24937292
9.0165	12.666114	-57.0075	12.5952	0	0	0	86378194	2	0	0	0	296.75401	12.666037	9.285696e-09	1.585176e-09	-1790.667	7.7091023e+08	1.1257513e+09	2.012071	92.264862	0.15563648	18688	183	225	12381	254	302	10	0	0	16.997457	0	9.0165542	0	0	0	0	0	0	297.846	-5.22782e-13	296.757	9.28038e-09	1.58588e-09	0	18	24899802	24899802
9.017	12.665399	-57.0107	12.5951	0	0	0	86378197	2	0	0	0	296.72492	12.666037	9.278956e-09	1.58618e-09	-1790.667	7.7091023e+08	1.1265574e+09	2.0118096	92.421851	0.15245792	18831	165	185	13161	260	309	5	0	0	16.997457	0	9.0165542	0	0	0	0	0	0	297.846	-5.22782e-13	296.736	9.26797e-09	1.58708e-09	0	17	24881005	24881005
9.0175	12.664684	-57.0139	12.5951	0	0	0	86378200	2	0	0	0	296.70313	12.666037	9.323234e-09	1.588436e-09	-1790.667	7.7091023e+08	1.1282529e+09	2.0119085	92.237245	0.15617952	18385	252	303	11198	212	256	10	0	0	16.997457	0	9.0165542	0	0	0	0	0	0	297.846	-5.22782e-13	296.712	9.31058e-09	1.58888e-09	0	16	24999007	24999007
9.018	12.663974	-57.017	12.595	0	0	0	86378203	2	0	0	0	296.67998	12.666037	9.340582e-09	1.590152e-09	-1790.667	7.7091023e+08	1.1295651e+09	2.0121754	92.242044	0.15610368	19196	206	171	13029	252	292	4	0	0	16.997457	0	9.0165542	0	0	0	0	0	0	297.846	-5.22782e-13	296.684	9.34226e-09	1.58634e-09	0	27	25044795	25044795
9.0185	12.663259	-57.0202	12.595	0	0	0	86378206	2	0	0	0	296.65785	12.663537	9.392952e-09	1.588928e-09	-1790.667	7.7091023e+08	1.1287889e+09	2.0118266	92.198675	0.15694912	18789	214	208	12274	268	318	12	0	0	16.997457	0	9.0183051	0	0	0	0	0	0	297.846	-5.22782e-13	296.662	9.37847e-09	1.58743e-09	0	16	25184482	25184482
9.019	12.662544	-57.0234	12.5949	0	0	0	86378209	2	0	0	0	296.63796	12.663537	9.397098e-09	1.590688e-09	-1790.667	7.7091023e+08	1.1301326e+09	2.0122858	92.366937	0.15359904	18818	184	192	12457	255	300	9	0	0	16.997457	0	9.0183051	0	0	0	0	0	0	297.846	-5.22782e-13	296.641	9.41269e-09	1.58824e-09	0	21	25194866	25194866
9.0195	12.661829	-57.0265	12.5949	0	0	0	86378213	2	0	0	0	296.61474	12.663537	9.407984e-09	1.589056e-09	-1790.667	7.7091023e+08	1.1290664e+09	2.0120221	92.140699	0.15813088	19070	182	219	12672	239	283	8	0	0	16.997457	0	9.0183051	0	0	0	0	0	0	297.846	-5.22782e-13	296.619	9.40694e-09	1.58884e-09	0	20	25223320	25223320
9.02	12.661119	-57.0297	12.5948	0	0	0	86378216	2	0	0	0	296.58618	12.661037	9.392874e-09	1.589076e-09	-1790.667	7.7091023e+08	1.1291739e+09	2.0120966	91.967845	0.16161472	19195	221	274	12666	262	313	13	0	0	16.997457	0	9.0200568	0	0	0	0	0	0	297.846	-5.22782e-13	296.596	9.40261e-09	1.59019e-09	0	12	25182078	25182078
9.0205	12.660404	-57.0328	12.5948	0	0	0	86378219	2	0	0	0	296.56439	12.661037	9.431954e-09	1.590458e-09	-1790.667	7.7091023e+08	1.1302493e+09	2.011865	92.068398	0.15957312	18905	150	161	12620	256	301	5	0	0	16.997457	0	9.0200568	0	0	0	0	0	0	297.846	-5.22782e-13	296.574	9.43659e-09	1.59116e-09	0	19	25286117	25286117
9.021	12.659689	-57.036	12.5947	0	0	0	86378222	2	0	0	0	296.54315	12.661037	9.536485e-09	1.593197e-09	-1790.667	7.7091023e+08	1.1322894e+09	2.0120621	91.768683	0.1656192	19628	221	238	13114	248	316	11	0	0	16.997457	0	9.0200568	0	0	0	0	0	0	297.846	-5.22782e-13	296.547	9.53901e-09	1.59377e-09	0	26	25565612	25565612
9.0215	12.658979	-57.0392	12.5947	0	0	0	86378225	2	0	0	0	296.52105	12.661037	9.712913e-09	1.595543e-09	-1790.667	7.7091023e+08	1.1340504e+09	2.0121139	91.788012	0.16523456	19839	188	194	13323	267	314	11	0	0	16.997457	0	9.0200568	0	0	0	0	0	0	297.846	-5.22782e-13	296.525	9.72505e-09	1.59527e-09	0	18	26037828	26037828
9.022	12.658264	-57.0423	12.5946	0	0	0	86378228	2	0	0	0	296.49997	12.658537	9.877787e-09	1.594564e-09	-1790.667	7.7091023e+08	1.1334483e+09	2.0120275	91.391927	0.1731968	20082	254	254	13253	238	279	17	0	0	16.997457	0	9.0218091	0	0	0	0	0	0	297.846	-5.22782e-13	296.504	9.88669e-09	1.59523e-09	0	12	26479045	26479045
9.0225	12.657549	-57.0455	12.5946	0	0	0	86378232	2	0	0	0	296.47802	12.658537	1.003044e-08	1.598229e-09	-1790.667	7.7091023e+08	1.1361473e+09	2.0118426	91.420863	0.17259872	20368	185	264	14048	248	288	8	0	0	16.997457	0	9.0218091	0	0	0	0	0	0	297.846	-5.22782e-13	296.482	1.00331e-08	1.59726e-09	0	16	26887476	26887476
9.023	12.656839	-57.0486	12.5945	0	0	0	86378235	2	0	0	0	296.44889	12.658537	1.01479e-08	1.597094e-09	-1790.667	7.7091023e+08	1.1354343e+09	2.0119728	91.320996	0.1746192	20295	197	230	13597	265	296	15	0	0	16.997457	0	9.0218091	0	0	0	0	0	0	297.846	-5.22782e-13	296.461	1.01393e-08	1.59738e-09	0	18	27201549	27201549
9.0235	12.656124	-57.0518	12.5945	0	0	0	86378238	2	0	0	0	296.42704	12.656037	1.022174e-08	1.598893e-09	-1790.667	7.7091023e+08	1.1368073e+09	2.0120291	91.016337	0.18075392	20723	217	275	13803	239	279	12	0	0	16.997457	0	9.0235621	0	0	0	0	0	0	297.846	-5.22782e-13	296.437	1.02353e-08	1.59883e-09	0	20	27398684	27398684
9.024	12.655414	-57.055	12.5944	0	0	0	86378241	2	0	0	0	298.29219	12.656037	1.032038e-08	1.608454e-09	-1790.667	7.7091023e+08	1.1436997e+09	2.0121632	90.89879	0.1831312	20872	219	284	14173	255	296	14	0	0	16.997457	0	9.0235621	0	0	0	0	0	0	297.846	-5.22782e-13	297.041	1.02014e-08	1.6029e-09	0	18	27662280	27662280
9.0245	12.654699	-57.0581	12.5944	0	0	0	86378244	2	0	0	0	298.27224	12.656037	1.040393e-08	1.610708e-09	-1790.667	7.7091023e+08	1.1453971e+09	2.0122045	90.618433	0.18877632	21185	231	306	14008	251	294	8	0	0	16.997457	0	9.0235621	0	0	0	0	0	0	297.846	-5.22782e-13	298.275	1.03955e-08	1.60952e-09	0	23	27885416	27885416
9.025	12.653984	-57.0613	12.5943	0	0	0	86378247	2	0	0	0	298.24989	12.656037	1.049631e-08	1.613101e-09	-1790.667	7.7091023e+08	1.1471937e+09	2.0122448	90.842084	0.18427968	21179	205	269	14564	285	327	10	0	0	16.997457	0	9.0235621	0	0	0	0	0	0	297.846	-5.22782e-13	298.253	1.05002e-08	1.61112e-09	0	15	28132205	28132205
9.0255	12.653274	-57.0644	12.5943	0	0	0	86378251	2	0	0	0	298.22142	12.653537	1.057044e-08	1.609523e-09	-1790.667	7.7091023e+08	1.1447438e+09	2.0118365	90.629855	0.188512	20862	240	296	13356	251	297	10	0	0	16.997457	0	9.0253158	0	0	0	0	0	0	297.846	-5.22782e-13	298.231	1.05645e-08	1.61087e-09	0	20	28330068	28330068
9.026	12.652559	-57.0676	12.5942	0	0	0	86378254	2	0	0	0	298.19914	12.653537	1.067169e-08	1.609163e-09	-1790.667	7.7091023e+08	1.1445824e+09	2.0121642	90.684386	0.18744544	21047	224	322	13749	238	292	14	0	0	16.997457	0	9.0253158	0	0	0	0	0	0	297.846	-5.22782e-13	298.21	1.06643e-08	1.61065e-09	0	27	28600602	28600602
9.0265	12.651849	-57.0708	12.5942	0	0	0	86378257	2	0	0	0	298.17461	12.653537	1.072232e-08	1.611436e-09	-1790.667	7.7091023e+08	1.1462939e+09	2.0121226	90.652053	0.18809216	21505	199	244	14604	275	315	3	0	0	16.997457	0	9.0253158	0	0	0	0	0	0	297.846	-5.22782e-13	298.183	1.07298e-08	1.61109e-09	0	18	28735461	28735461
9.027	12.651134	-57.0739	12.5941	0	0	0	86378260	2	0	0	0	298.15305	12.651037	1.075357e-08	1.6133e-09	-1790.667	7.7091023e+08	1.1477148e+09	2.0120534	90.599486	0.18914336	21509	217	224	14878	265	318	9	0	0	16.997457	0	9.0270703	0	0	0	0	0	0	297.846	-5.22782e-13	298.157	1.07616e-08	1.6136e-09	0	11	28818376	28818376
9.0275	12.650424	-57.0771	12.5941	0	0	0	86378263	2	0	0	0	298.13225	12.651037	1.078987e-08	1.614223e-09	-1790.667	7.7091023e+08	1.1484664e+09	2.0122518	90.475928	0.19164832	21225	212	252	14157	253	297	9	0	0	16.997457	0	9.0270703	0	0	0	0	0	0	297.846	-5.22782e-13	298.136	1.07919e-08	1.61283e-09	0	18	28914820	28914820
9.028	12.649714	-57.0803	12.5941	0	0	0	86378266	2	0	0	0	298.10899	12.651037	1.082099e-08	1.615923e-09	-1790.667	7.7091023e+08	1.149771e+09	2.0119299	90.253657	0.1960896	21758	218	272	14787	275	315	10	0	0	16.997457	0	9.0270703	0	0	0	0	0	0	297.846	-5.22782e-13	298.113	1.0813e-08	1.61595e-09	0	14	28997377	28997377
9.0285	12.648999	-57.0834	12.594	0	0	0	86378269	2	0	0	0	298.08799	12.651037	1.083761e-08	1.61732e-09	-1790.667	7.7091023e+08	1.1508602e+09	2.0119373	90.40021	0.19314176	21452	241	242	14145	269	305	10	0	0	16.997457	0	9.0270703	0	0	0	0	0	0	297.846	-5.22782e-13	298.091	1.08384e-08	1.61701e-09	0	24	29041074	29041074
9.029	12.648289	-57.0866	12.594	0	0	0	86378273	2	0	0	0	298.06048	12.648537	1.085007e-08	1.619362e-09	-1790.667	7.7091023e+08	1.1524086e+09	2.0117872	90.589303	0.1893232	21513	215	234	14625	273	316	11	0	0	16.997457	0	9.0288254	0	0	0	0	0	0	297.846	-5.22782e-13	298.07	1.08408e-08	1.61923e-09	0	18	29073622	29073622
9.0295	12.647574	-57.0897	12.5939	0	0	0	86378276	2	0	0	0	298.03888	12.648537	1.078494e-08	1.620801e-09	-1790.667	7.7091023e+08	1.1535281e+09	2.0119747	90.433645	0.19247264	21331	235	290	13982	244	293	8	0	0	16.997457	0	9.0288254	0	0	0	0	0	0	297.846	-5.22782e-13	298.049	1.07994e-08	1.62044e-09	0	21	28898266	28898266
9.03	12.646864	-57.0929	12.5939	0	0	0	86378279	2	0	0	0	298.01615	12.648537	1.076668e-08	1.621148e-09	-1790.667	7.7091023e+08	1.1538706e+09	2.0122422	90.502726	0.19110816	21770	186	254	14905	276	324	6	0	0	16.997457	0	9.0288254	0	0	0	0	0	0	297.846	-5.22782e-13	298.027	1.0763e-08	1.62127e-09	0	17	28848505	28848505
9.0305	12.646154	-57.0961	12.5938	0	0	0	86378282	2	0	0	0	297.99503	12.646037	1.068149e-08	1.621389e-09	-1790.667	7.7091023e+08	1.1541376e+09	2.0119658	90.677519	0.18756512	21406	210	241	14818	287	331	8	0	0	16.997457	0	9.0305812	0	0	0	0	0	0	297.846	-5.22782e-13	298.001	1.06846e-08	1.62056e-09	0	22	28619418	28619418
9.031	12.645439	-57.0992	12.5938	0	0	0	86378285	2	0	0	0	297.97311	12.646037	1.059358e-08	1.623194e-09	-1790.667	7.7091023e+08	1.155518e+09	2.0119699	90.84772	0.18414112	21001	190	239	14504	248	288	10	0	0	16.997457	0	9.0305812	0	0	0	0	0	0	297.846	-5.22782e-13	297.977	1.06014e-08	1.62143e-09	0	19	28383058	28383058
9.0315	12.644729	-57.1024	12.5937	0	0	0	86378288	2	0	0	0	297.95073	12.646037	1.049801e-08	1.622078e-09	-1790.667	7.7091023e+08	1.1548192e+09	2.0119702	90.854227	0.18401024	21254	221	219	14567	247	291	6	0	0	16.997457	0	9.0305812	0	0	0	0	0	0	297.846	-5.22782e-13	297.955	1.04957e-08	1.62216e-09	0	15	28126188	28126188
9.032	12.644019	-57.1055	12.5937	0	0	0	86378292	2	0	0	0	297.92773	12.646037	1.038332e-08	1.624331e-09	-1790.667	7.7091023e+08	1.1565189e+09	2.0119475	90.944607	0.18218976	21080	214	229	14549	263	315	9	0	0	16.997457	0	9.0305812	0	0	0	0	0	0	297.846	-5.22782e-13	297.933	1.03922e-08	1.62277e-09	0	19	27818108	27818108
9.0325	12.643304	-57.1087	12.5936	0	0	0	86378295	2	0	0	0	297.90115	12.643537	1.02971e-08	1.622182e-09	-1790.667	7.7091023e+08	1.1550844e+09	2.0120966	91.075896	0.1795616	20750	232	243	13785	247	293	10	0	0	16.997457	0	9.0323377	0	0	0	0	0	0	297.846	-5.22782e-13	297.911	1.03057e-08	1.62403e-09	0	15	27586319	27586319
9.033	12.642594	-57.1119	12.5936	0	0	0	86378298	2	0	0	0	297.87915	12.643537	1.020314e-08	1.623537e-09	-1790.667	7.7091023e+08	1.1561449e+09	2.0118128	91.18889	0.17726304	20844	194	216	13998	261	319	12	0	0	16.997457	0	9.0323377	0	0	0	0	0	0	297.846	-5.22782e-13	297.89	1.02064e-08	1.62376e-09	0	22	27333808	27333808
9.0335	12.641884	-57.115	12.5935	0	0	0	86378301	2	0	0	0	297.85856	12.643537	1.008699e-08	1.623819e-09	-1790.667	7.7091023e+08	1.1564415e+09	2.0122371	91.306456	0.17493472	20147	212	258	13385	228	287	7	0	0	16.997457	0	9.0323377	0	0	0	0	0	0	297.846	-5.22782e-13	297.865	1.01075e-08	1.62414e-09	0	17	27021868	27021868
9.034	12.641169	-57.1182	12.5935	0	0	0	86378305	2	0	0	0	297.82747	12.641037	1.000415e-08	1.623457e-09	-1790.667	7.7091023e+08	1.1562794e+09	2.0120323	90.78744	0.18535968	21784	222	258	14840	243	304	12	0	0	16.997457	0	9.034095	0	0	0	0	0	0	297.846	-5.22782e-13	297.839	1.00133e-08	1.62276e-09	0	14	26799177	26799177
9.0345	12.640459	-57.1214	12.5934	0	0	0	86378308	2	0	0	0	297.80884	12.641037	9.922218e-09	1.624482e-09	-1790.667	7.7091023e+08	1.1571052e+09	2.012081	91.494768	0.17113216	20305	180	208	14066	256	302	3	0	0	16.997457	0	9.034095	0	0	0	0	0	0	297.846	-5.22782e-13	297.817	9.92429e-09	1.62439e-09	0	16	26578931	26578931
9.035	12.639749	-57.1245	12.5934	0	0	0	86378311	2	0	0	0	297.78602	12.641037	9.827207e-09	1.624466e-09	-1790.667	7.7091023e+08	1.1571896e+09	2.0121984	91.690839	0.1671968	19814	217	209	13436	243	291	10	0	0	16.997457	0	9.034095	0	0	0	0	0	0	297.846	-5.22782e-13	297.789	9.82639e-09	1.62569e-09	0	15	26323664	26323664
9.0355	12.639039	-57.1277	12.5933	0	0	0	86378314	2	0	0	0	297.76383	12.641037	9.73872e-09	1.62583e-09	-1790.667	7.7091023e+08	1.1582571e+09	2.0119178	91.917697	0.16260928	19616	202	193	13644	262	304	9	0	0	16.997457	0	9.034095	0	0	0	0	0	0	297.846	-5.22782e-13	297.768	9.7441e-09	1.62603e-09	0	20	26085886	26085886
9.036	12.638329	-57.1308	12.5933	0	0	0	86378317	2	0	0	0	297.74286	12.638537	9.634192e-09	1.629067e-09	-1790.667	7.7091023e+08	1.1606593e+09	2.0119523	92.033084	0.16029056	19270	193	223	12958	260	294	8	0	0	16.997457	0	9.0358529	0	0	0	0	0	0	297.846	-5.22782e-13	297.746	9.63562e-09	1.62818e-09	0	15	25805157	25805157
9.0365	12.637614	-57.134	12.5932	0	0	0	86378321	2	0	0	0	297.71156	12.638537	9.50784e-09	1.626013e-09	-1790.667	7.7091023e+08	1.1585794e+09	2.0120829	92.021116	0.16054176	19351	179	221	12888	251	305	7	0	0	16.997457	0	9.0358529	0	0	0	0	0	0	297.846	-5.22782e-13	297.722	9.51157e-09	1.62675e-09	0	21	25465991	25465991
9.037	12.636904	-57.1372	12.5932	0	0	0	86378324	2	0	0	0	297.69201	12.638537	9.401919e-09	1.626379e-09	-1790.667	7.7091023e+08	1.1589361e+09	2.011793	92.250129	0.15591136	19143	168	186	13038	230	273	12	0	0	16.997457	0	9.0358529	0	0	0	0	0	0	297.846	-5.22782e-13	297.7	9.41016e-09	1.62617e-09	0	15	25181565	25181565
9.0375	12.636194	-57.1403	12.5931	0	0	0	86378327	2	0	0	0	297.66761	12.636037	9.282775e-09	1.627962e-09	-1790.667	7.7091023e+08	1.1601602e+09	2.0120394	92.479082	0.15132384	18785	166	203	12973	291	341	11	0	0	16.997457	0	9.0376115	0	0	0	0	0	0	297.846	-5.22782e-13	297.676	9.2861e-09	1.62774e-09	0	13	24861741	24861741
9.038	12.635484	-57.1435	12.5931	0	0	0	86378330	2	0	0	0	297.64861	12.636037	9.18531e-09	1.629388e-09	-1790.667	7.7091023e+08	1.1612727e+09	2.011871	92.619805	0.14848	18285	167	214	12098	228	282	13	0	0	16.997457	0	9.0376115	0	0	0	0	0	0	297.846	-5.22782e-13	297.651	9.1826e-09	1.62896e-09	0	15	24599996	24599996
9.0385	12.634774	-57.1466	12.5931	0	0	0	86378333	2	0	0	0	297.62515	12.636037	9.068188e-09	1.631877e-09	-1790.667	7.7091023e+08	1.1631429e+09	2.0121274	92.579778	0.14930432	18401	226	258	12286	229	283	7	0	0	16.997457	0	9.0376115	0	0	0	0	0	0	297.846	-5.22782e-13	297.629	9.07582e-09	1.62828e-09	0	15	24285623	24285623
9.039	12.634064	-57.1498	12.593	0	0	0	86378336	2	0	0	0	297.60383	12.636037	8.948895e-09	1.63095e-09	-1790.667	7.7091023e+08	1.1625785e+09	2.0121376	92.713214	0.14662016	17844	198	217	12043	242	288	4	0	0	16.997457	0	9.0376115	0	0	0	0	0	0	297.846	-5.22782e-13	297.607	8.95272e-09	1.63002e-09	0	17	23965454	23965454
9.0395	12.633354	-57.153	12.593	0	0	0	86378340	2	0	0	0	297.5815	12.633537	8.854233e-09	1.628903e-09	-1790.667	7.7091023e+08	1.1612155e+09	2.0121722	92.930068	0.1422592	17841	165	193	12150	225	277	4	0	0	16.997457	0	9.0393708	0	0	0	0	0	0	297.846	-5.22782e-13	297.586	8.86424e-09	1.63018e-09	0	12	23711264	23711264
9.04	12.632644	-57.1561	12.5929	0	0	0	86378343	2	0	0	0	297.55299	12.633537	8.750337e-09	1.629594e-09	-1790.667	7.7091023e+08	1.1618044e+09	2.01204	93.104694	0.13873632	17652	170	178	11758	218	267	10	0	0	16.997457	0	9.0393708	0	0	0	0	0	0	297.846	-5.22782e-13	297.562	8.76512e-09	1.62974e-09	0	18	23432362	23432362
9.0405	12.631934	-57.1593	12.5929	0	0	0	86378346	2	0	0	0	297.53025	12.633537	8.680242e-09	1.63015e-09	-1790.667	7.7091023e+08	1.1622971e+09	2.0121363	93.137244	0.138088	17694	216	218	11467	237	275	5	0	0	16.997457	0	9.0393708	0	0	0	0	0	0	297.846	-5.22782e-13	297.542	8.68839e-09	1.62986e-09	0	29	23243988	23243988
9.041	12.631224	-57.1624	12.5928	0	0	0	86378349	2	0	0	0	297.50883	12.631037	8.569181e-09	1.630076e-09	-1790.667	7.7091023e+08	1.1623406e+09	2.0118554	93.355244	0.13368288	17044	157	207	11374	217	274	9	0	0	16.997457	0	9.0411309	0	0	0	0	0	0	297.846	-5.22782e-13	297.518	8.58059e-09	1.63083e-09	0	14	22945929	22945929
9.0415	12.630514	-57.1656	12.5928	0	0	0	86378352	2	0	0	0	297.48585	12.631037	8.468849e-09	1.631951e-09	-1790.667	7.7091023e+08	1.163774e+09	2.0121059	93.339675	0.1340128	17232	183	193	11075	231	268	10	0	0	16.997457	0	9.0411309	0	0	0	0	0	0	297.846	-5.22782e-13	297.49	8.48848e-09	1.63204e-09	0	23	22676616	22676616
9.042	12.629804	-57.1688	12.5927	0	0	0	86378355	2	0	0	0	297.46834	12.631037	8.41866e-09	1.634652e-09	-1790.667	7.7091023e+08	1.1657968e+09	2.0121718	93.475293	0.13128832	16714	182	181	11091	216	253	10	0	0	16.997457	0	9.0411309	0	0	0	0	0	0	297.846	-5.22782e-13	297.471	8.4296e-09	1.63197e-09	0	17	22541581	22541581
9.0425	12.629094	-57.1719	12.5927	0	0	0	86378358	2	0	0	0	297.44451	12.631037	8.345587e-09	1.631964e-09	-1790.667	7.7091023e+08	1.1639762e+09	2.0118016	93.515146	0.1304624	17019	136	172	11653	263	314	7	0	0	16.997457	0	9.0411309	0	0	0	0	0	0	297.846	-5.22782e-13	297.448	8.33819e-09	1.63217e-09	0	13	22345281	22345281
9.043	12.628384	-57.1751	12.5926	0	0	0	86378362	2	0	0	0	297.42111	12.628537	8.289071e-09	1.631935e-09	-1790.667	7.7091023e+08	1.164052e+09	2.0120474	93.580732	0.12915872	16912	153	166	11578	255	306	10	0	0	16.997457	0	9.0428916	0	0	0	0	0	0	297.846	-5.22782e-13	297.425	8.298e-09	1.63298e-09	0	19	22193323	22193323
9.0435	12.627674	-57.1783	12.5926	0	0	0	86378365	2	0	0	0	297.39266	12.628537	8.243788e-09	1.631618e-09	-1790.667	7.7091023e+08	1.1639223e+09	2.0120397	93.265342	0.135504	17803	170	197	12093	243	302	2	0	0	16.997457	0	9.0428916	0	0	0	0	0	0	297.846	-5.22782e-13	297.404	8.24742e-09	1.63147e-09	0	20	22071449	22071449
9.044	12.626964	-57.1814	12.5925	0	0	0	86378368	2	0	0	0	297.37121	12.628537	8.227211e-09	1.632047e-09	-1790.667	7.7091023e+08	1.1643249e+09	2.0119498	93.637519	0.12800992	16487	151	193	11070	223	267	4	0	0	16.997457	0	9.0428916	0	0	0	0	0	0	297.846	-5.22782e-13	297.375	8.22587e-09	1.63081e-09	0	19	22026435	22026435
9.0445	12.626254	-57.1846	12.5925	0	0	0	86378372	2	0	0	0	297.34904	12.626037	8.202562e-09	1.63346e-09	-1790.667	7.7091023e+08	1.1654295e+09	2.0119795	93.920733	0.1223136	16322	136	151	11221	238	281	3	0	0	16.997457	0	9.0446531	0	0	0	0	0	0	297.846	-5.22782e-13	297.352	8.19107e-09	1.63166e-09	0	15	21959813	21959813
9.045	12.625544	-57.1877	12.5924	0	0	0	86378375	2	0	0	0	297.32023	12.626037	8.134503e-09	1.631459e-09	-1790.667	7.7091023e+08	1.1640984e+09	2.0119571	93.917119	0.12238496	16328	154	150	10684	235	282	5	0	0	16.997457	0	9.0446531	0	0	0	0	0	0	297.846	-5.22782e-13	297.33	8.14948e-09	1.63171e-09	0	15	21776982	21776982
9.0455	12.624834	-57.1909	12.5924	0	0	0	86378378	2	0	0	0	297.29901	12.626037	8.108184e-09	1.631022e-09	-1790.667	7.7091023e+08	1.163883e+09	2.0122448	93.981567	0.1211056	16089	190	205	10288	196	244	7	0	0	16.997457	0	9.0446531	0	0	0	0	0	0	297.846	-5.22782e-13	297.311	8.12471e-09	1.63184e-09	0	20	21705901	21705901
9.046	12.624124	-57.1941	12.5923	0	0	0	86378381	2	0	0	0	297.27684	12.626037	8.098151e-09	1.628498e-09	-1790.667	7.7091023e+08	1.1621783e+09	2.0121552	93.9483	0.1217696	15727	172	205	10016	204	253	11	0	0	16.997457	0	9.0446531	0	0	0	0	0	0	297.846	-5.22782e-13	297.284	8.09294e-09	1.63063e-09	0	17	21678422	21678422
9.0465	12.623414	-57.1972	12.5923	0	0	0	86378384	2	0	0	0	297.25535	12.623537	8.08182e-09	1.632266e-09	-1790.667	7.7091023e+08	1.1649639e+09	2.0118589	94.103873	0.11862176	15858	149	190	10324	221	283	6	0	0	16.997457	0	9.0464152	0	0	0	0	0	0	297.846	-5.22782e-13	297.259	8.08652e-09	1.6316e-09	0	20	21634085	21634085
9.047	12.622709	-57.2004	12.5922	0	0	0	86378387	2	0	0	0	297.23348	12.623537	8.035162e-09	1.633943e-09	-1790.667	7.7091023e+08	1.1662575e+09	2.0120723	93.959295	0.12154336	15743	184	195	9941	209	247	12	0	0	16.997457	0	9.0464152	0	0	0	0	0	0	297.846	-5.22782e-13	297.238	8.04598e-09	1.63178e-09	0	15	21508571	21508571
9.0475	12.621999	-57.2035	12.5922	0	0	0	86378391	2	0	0	0	297.21256	12.623537	8.000367e-09	1.630779e-09	-1790.667	7.7091023e+08	1.1640957e+09	2.011976	94.226635	0.11615872	15583	149	134	10495	240	282	9	0	0	16.997457	0	9.0464152	0	0	0	0	0	0	297.846	-5.22782e-13	297.217	8.01583e-09	1.63129e-09	0	18	21414819	21414819
9.048	12.621289	-57.2067	12.5921	0	0	0	86378394	2	0	0	0	297.18394	12.621037	7.979324e-09	1.631726e-09	-1790.667	7.7091023e+08	1.1648683e+09	2.0122275	94.00564	0.12062016	15263	187	222	9163	216	254	9	0	0	16.997457	0	9.048178	0	0	0	0	0	0	297.846	-5.22782e-13	297.193	7.98216e-09	1.63172e-09	0	22	21357881	21357881
9.0485	12.620579	-57.2099	12.5921	0	0	0	86378397	2	0	0	0	297.16296	12.621037	7.932726e-09	1.632664e-09	-1790.667	7.7091023e+08	1.1656345e+09	2.0122458	94.115963	0.11840128	15494	178	207	9579	190	247	9	0	0	16.997457	0	9.048178	0	0	0	0	0	0	297.846	-5.22782e-13	297.173	7.9389e-09	1.63173e-09	0	18	21232547	21232547
9.049	12.619869	-57.213	12.5921	0	0	0	86378425	2	0	0	0	296.96041	12.621037	7.932226e-09	1.635017e-09	-1790.667	7.7091023e+08	1.1674113e+09	2.0119891	93.889176	0.12294912	16725	124	162	11648	252	299	5	0	0	16.997457	0	9.048178	0	0	0	0	0	0	297.846	-5.22782e-13	297.148	7.92061e-09	1.63229e-09	0	14	21230602	21230602
9.0495	12.619164	-57.2162	12.592	0	0	0	86378429	2	0	0	0	296.93182	12.621037	7.943196e-09	1.634699e-09	-1790.667	7.7091023e+08	1.167281e+09	2.0122832	94.270437	0.11529504	15173	153	160	10193	205	259	11	0	0	16.997457	0	9.048178	0	0	0	0	0	0	297.846	-5.22782e-13	296.943	7.93793e-09	1.63489e-09	0	26	21259355	21259355
9.05	12.618454	-57.2194	12.592	0	0	0	86378432	2	0	0	0	296.90979	12.618537	7.897103e-09	1.636019e-09	-1790.667	7.7091023e+08	1.1683205e+09	2.0120371	94.293815	0.11481056	15646	175	161	10235	238	275	3	0	0	16.997457	0	9.0499416	0	0	0	0	0	0	297.846	-5.22782e-13	296.919	7.91557e-09	1.63595e-09	0	13	21135387	21135387
9.0505	12.617744	-57.2225	12.5919	0	0	0	86378435	2	0	0	0	296.88784	12.618537	7.895473e-09	1.637366e-09	-1790.667	7.7091023e+08	1.1693794e+09	2.0119482	94.317659	0.11432576	14927	261	205	8850	204	250	10	0	0	16.997457	0	9.0499416	0	0	0	0	0	0	297.846	-5.22782e-13	296.894	7.89817e-09	1.63623e-09	0	13	21130421	21130421
9.051	12.617034	-57.2257	12.5919	0	0	0	86378438	2	0	0	0	296.86539	12.618537	7.888211e-09	1.63722e-09	-1790.667	7.7091023e+08	1.1693722e+09	2.0118614	94.351818	0.1136336	15322	122	170	10161	203	238	7	0	0	16.997457	0	9.0499416	0	0	0	0	0	0	297.846	-5.22782e-13	296.87	7.88907e-09	1.63563e-09	0	22	21110382	21110382
9.0515	12.616329	-57.2288	12.5918	0	0	0	86378441	2	0	0	0	296.8454	12.618537	7.886889e-09	1.636472e-09	-1790.667	7.7091023e+08	1.1689349e+09	2.0119222	94.255794	0.11556896	15407	137	168	10010	258	311	6	0	0	16.997457	0	9.0499416	0	0	0	0	0	0	297.846	-5.22782e-13	296.849	7.8897e-09	1.63586e-09	0	23	21106242	21106242
9.052	12.615619	-57.232	12.5918	0	0	0	86378444	2	0	0	0	296.82189	12.616037	7.863122e-09	1.637757e-09	-1790.667	7.7091023e+08	1.1699499e+09	2.011855	94.373718	0.11319264	15344	130	144	10137	205	248	7	0	0	16.997457	0	9.0517058	0	0	0	0	0	0	297.846	-5.22782e-13	296.825	7.87105e-09	1.63583e-09	0	18	21042038	21042038
9.0525	12.614909	-57.2352	12.5917	0	0	0	86378448	2	0	0	0	296.79388	12.616037	7.860873e-09	1.636678e-09	-1790.667	7.7091023e+08	1.1692761e+09	2.0122358	94.292263	0.11485312	15125	150	187	9432	218	255	7	0	0	16.997457	0	9.0517058	0	0	0	0	0	0	297.846	-5.22782e-13	296.806	7.86639e-09	1.63668e-09	0	18	21035419	21035419
9.053	12.614204	-57.2383	12.5917	0	0	0	86378451	2	0	0	0	296.77077	12.616037	7.843177e-09	1.637787e-09	-1790.667	7.7091023e+08	1.1701655e+09	2.0120218	94.313684	0.11440992	14015	249	256	8209	176	209	14	0	0	16.997457	0	9.0517058	0	0	0	0	0	0	297.846	-5.22782e-13	296.783	7.84128e-09	1.63759e-09	0	20	20987466	20987466
9.0535	12.613494	-57.2415	12.5916	0	0	0	86378454	2	0	0	0	296.7505	12.613537	7.819899e-09	1.638782e-09	-1790.667	7.7091023e+08	1.1709735e+09	2.0122234	94.321871	0.11425664	15651	149	140	10406	233	271	10	0	0	16.997457	0	9.0534708	0	0	0	0	0	0	297.846	-5.22782e-13	296.761	7.83047e-09	1.63752e-09	0	26	20924580	20924580
9.054	12.612789	-57.2446	12.5916	0	0	0	86378457	2	0	0	0	296.7287	12.613537	7.806367e-09	1.640496e-09	-1790.667	7.7091023e+08	1.1722955e+09	2.0118864	94.327266	0.11412896	15397	136	167	10433	216	262	10	0	0	16.997457	0	9.0534708	0	0	0	0	0	0	297.846	-5.22782e-13	296.736	7.80438e-09	1.63891e-09	0	10	20887775	20887775
9.0545	12.612079	-57.2478	12.5915	0	0	0	86378460	2	0	0	0	296.70773	12.613537	7.827822e-09	1.640499e-09	-1790.667	7.7091023e+08	1.172395e+09	2.012033	94.330669	0.1140688	15656	161	178	9838	217	260	6	0	0	16.997457	0	9.0534708	0	0	0	0	0	0	297.846	-5.22782e-13	296.711	7.8285e-09	1.63861e-09	0	23	20944586	20944586
9.055	12.611369	-57.251	12.5915	0	0	0	86378464	2	0	0	0	296.68602	12.613537	7.872309e-09	1.639481e-09	-1790.667	7.7091023e+08	1.1717647e+09	2.0118685	94.282107	0.11503648	15172	187	210	9881	201	247	12	0	0	16.997457	0	9.0534708	0	0	0	0	0	0	297.846	-5.22782e-13	296.69	7.86818e-09	1.63838e-09	0	17	21063018	21063018
9.0555	12.610664	-57.2541	12.5914	0	0	0	86378467	2	0	0	0	296.65808	12.611037	7.866458e-09	1.639398e-09	-1790.667	7.7091023e+08	1.1718027e+09	2.0121437	94.413329	0.11241184	14850	154	166	9783	218	257	8	0	0	16.997457	0	9.0552365	0	0	0	0	0	0	297.846	-5.22782e-13	296.668	7.86864e-09	1.63907e-09	0	16	21046763	21046763
9.056	12.609954	-57.2573	12.5914	0	0	0	86378470	2	0	0	0	296.63523	12.611037	7.927483e-09	1.638313e-09	-1790.667	7.7091023e+08	1.1711243e+09	2.0120442	94.277931	0.11513056	14985	192	221	9043	217	269	12	0	0	16.997457	0	9.0552365	0	0	0	0	0	0	297.846	-5.22782e-13	296.646	7.92723e-09	1.63738e-09	0	8	21209432	21209432
9.0565	12.609249	-57.2604	12.5913	0	0	0	86378473	2	0	0	0	296.61395	12.611037	7.974556e-09	1.635863e-09	-1790.667	7.7091023e+08	1.1694701e+09	2.0119789	94.26658	0.1153552	15137	179	191	9680	201	246	10	0	0	16.997457	0	9.0552365	0	0	0	0	0	0	297.846	-5.22782e-13	296.622	7.96862e-09	1.63774e-09	0	25	21334764	21334764
9.057	12.608539	-57.2636	12.5913	0	0	0	86378476	2	0	0	0	296.59354	12.608537	7.985498e-09	1.638073e-09	-1790.667	7.7091023e+08	1.1711472e+09	2.0121107	94.187803	0.11694784	15549	163	184	10461	227	277	5	0	0	16.997457	0	9.0570028	0	0	0	0	0	0	297.846	-5.22782e-13	296.597	7.99898e-09	1.63828e-09	0	14	21363430	21363430
9.0575	12.607834	-57.2668	12.5912	0	0	0	86378479	2	0	0	0	296.57121	12.608537	8.022997e-09	1.639993e-09	-1790.667	7.7091023e+08	1.1726173e+09	2.0120819	94.145479	0.11779776	15541	160	208	9786	217	259	9	0	0	16.997457	0	9.0570028	0	0	0	0	0	0	297.846	-5.22782e-13	296.575	8.01759e-09	1.63933e-09	0	22	21463139	21463139
9.058	12.607124	-57.2699	12.5912	0	0	0	86378482	2	0	0	0	296.5494	12.608537	8.033769e-09	1.638341e-09	-1790.667	7.7091023e+08	1.1715334e+09	2.0121558	94.201769	0.11666944	15061	171	184	9790	190	230	12	0	0	16.997457	0	9.0570028	0	0	0	0	0	0	297.846	-5.22782e-13	296.553	8.01691e-09	1.63958e-09	0	21	21491345	21491345
9.0585	12.606419	-57.2731	12.5912	0	0	0	86378486	2	0	0	0	296.52039	12.608537	8.102038e-09	1.63987e-09	-1790.667	7.7091023e+08	1.1727241e+09	2.0122301	93.674314	0.12728736	16878	169	212	11149	237	278	11	0	0	16.997457	0	9.0570028	0	0	0	0	0	0	297.846	-5.22782e-13	296.533	8.09028e-09	1.63881e-09	0	23	21673356	21673356
9.059	12.605709	-57.2763	12.5911	0	0	0	86378489	2	0	0	0	296.50085	12.606037	8.118413e-09	1.638794e-09	-1790.667	7.7091023e+08	1.1720519e+09	2.0119082	94.07569	0.11919168	15363	130	159	10462	242	291	5	0	0	16.997457	0	9.0587699	0	0	0	0	0	0	297.846	-5.22782e-13	296.511	8.11208e-09	1.63786e-09	0	12	21716543	21716543
