# Scan number: 9
# Command: k-scan 3 12 8.979 180 1 10
# Date: Thu Jul 25 10:33:55 2024
# date: Thu Jul 25 10:33:55 2024
# C Thu Jul 25 11: 34:40 2024.  do ./2023-07_EXAFS.mac.
Energy	monobr	monoh	cr2latr	cr2vetr	Epoch	sec	no1	no2	izero	RCur	enc_det	K1_1	K1_2	"Counter 8"	"Counter 9"	ionch1	mcaRt	mcaDt	mcaLt	mca	roi1	roi2	roi3	roi4	roi5	roi6	ctm	ctran	LST1	LST2	E_det	mcaLt1	mcaLt2	mcaLt3	mcaLt4	mcaLt5	mcaLt6	mcaLt7	mcaLt8	AS_RC	AS_DM	AS_IC	AS_IC1	cyber	diode1	diode1
9.01329	12.670699	25	-58.6672	12.5891	86466320	1	0	0	0	298.04869	12.673537	1.045048e-08	1.574145e-09	-1790.667	7.7091023e+08	1.1173248e+09	1.0122579	93.339279	0.06742368	7539	128	158	3701	62	74	7	0	0	16.997457	0	9.0113056	0	0	0	0	0	0	297.846	-5.22782e-13	298.049	1.0464e-08	1.57201e-09	0	3	28028436	28028436
9.01444	12.669064	25	-58.6672	12.589	86466323	1.0200544	0	0	0	298.02581	12.671037	1.044925e-08	1.574145e-09	-1790.667	7.7091023e+08	1.1175371e+09	1.0282093	93.588823	0.06592032	8149	121	121	4456	109	125	5	0	0	16.997457	0	9.0130544	0	0	0	0	0	0	297.846	-5.22782e-13	298.026	1.04527e-08	1.57201e-09	0	14	28023259	28023259
9.0156	12.667399	25	-58.6672	12.5889	86466326	1.0404384	0	0	0	298.00337	12.668537	1.036059e-08	1.574145e-09	-1790.667	7.7091023e+08	1.1177512e+09	1.0521766	93.720507	0.06607136	8528	99	100	5646	108	126	6	0	0	16.997457	0	9.0148039	0	0	0	0	0	0	297.846	-5.22782e-13	298.012	1.03568e-08	1.57201e-09	0	10	27783610	27783610
9.01678	12.665709	25	-58.6672	12.5888	86466328	1.061152	0	0	0	297.99217	12.668537	1.020078e-08	1.574145e-09	-1790.667	7.7091023e+08	1.1179691e+09	1.0682704	93.689927	0.06740864	8305	131	129	4757	115	132	6	0	0	16.997457	0	9.0148039	0	0	0	0	0	0	297.846	-5.22782e-13	297.992	1.02149e-08	1.57201e-09	0	8	27353175	27353175
9.01799	12.663989	25	-58.6672	12.5887	86466331	1.0821956	0	0	0	297.9686	12.666037	1.000289e-08	1.574145e-09	-1790.667	7.7091023e+08	1.1181927e+09	1.0920394	93.950108	0.0660672	8314	105	101	4939	130	143	8	0	0	16.997457	0	9.0165542	0	0	0	0	0	0	297.846	-5.22782e-13	297.969	1.00184e-08	1.57201e-09	0	6	26820650	26820650
9.01921	12.662244	25	-58.6672	12.5887	86466334	1.1035684	0	0	0	297.94455	12.663537	9.755297e-09	1.574145e-09	-1790.667	7.7091023e+08	1.1184181e+09	1.1081446	93.947794	0.0670672	8303	130	114	5100	101	122	6	0	0	16.997457	0	9.0183051	0	0	0	0	0	0	297.846	-5.22782e-13	297.948	9.77977e-09	1.57201e-09	0	9	26154926	26154926
9.02045	12.660474	25	-58.6672	12.5886	86466336	1.1252712	0	0	0	297.92322	12.663537	9.470963e-09	1.574145e-09	-1790.667	7.7091023e+08	1.1186474e+09	1.1318259	94.16846	0.06600288	8259	139	149	4669	100	120	7	0	0	16.997457	0	9.0183051	0	0	0	0	0	0	297.846	-5.22782e-13	297.931	9.46783e-09	1.57201e-09	0	8	25390770	25390770
9.02171	12.658679	25	-58.6672	12.5885	86466339	1.1473032	0	0	0	297.90751	12.661037	9.312224e-09	1.574145e-09	-1790.667	7.7091023e+08	1.1188804e+09	1.1561725	94.340858	0.06542944	8804	94	87	5676	120	136	4	0	0	16.997457	0	9.0200568	0	0	0	0	0	0	297.846	-5.22782e-13	297.908	9.30802e-09	1.57201e-09	0	8	24963379	24963379
9.02299	12.656859	25	-58.6672	12.5884	86466342	1.1696652	0	0	0	297.88737	12.658537	9.187708e-09	1.574145e-09	-1790.667	7.7091023e+08	1.1191172e+09	1.1799677	94.414518	0.06590688	8343	119	136	5032	109	123	12	0	0	16.997457	0	9.0218091	0	0	0	0	0	0	297.846	-5.22782e-13	297.887	9.19356e-09	1.57201e-09	0	9	24627759	24627759
9.02428	12.655009	25	-58.6672	12.5883	86466345	1.1923568	0	0	0	297.86416	12.656037	8.948675e-09	1.574145e-09	-1790.667	7.7091023e+08	1.1193559e+09	1.2041776	94.496705	0.06626944	8883	98	97	5593	139	155	5	0	0	16.997457	0	9.0235621	0	0	0	0	0	0	297.846	-5.22782e-13	297.868	8.94479e-09	1.57201e-09	0	10	23985235	23985235
9.0256	12.653134	25	-58.6672	12.5882	86466348	1.2153784	0	0	0	297.84532	12.656037	8.764136e-09	1.574145e-09	-1790.667	7.7091023e+08	1.1196003e+09	1.2202294	94.751649	0.06404192	8734	91	83	5618	127	153	7	0	0	16.997457	0	9.0235621	0	0	0	0	0	0	297.846	-5.22782e-13	297.848	8.7639e-09	1.57201e-09	0	6	23488817	23488817
9.02693	12.651229	25	-58.6672	12.5881	86466351	1.2387292	0	0	0	297.82187	12.653537	8.629641e-09	1.574145e-09	-1790.667	7.7091023e+08	1.1198467e+09	1.244208	94.73117	0.0655552	8602	96	99	5115	148	165	11	0	0	16.997457	0	9.0253158	0	0	0	0	0	0	297.846	-5.22782e-13	297.826	8.64925e-09	1.57201e-09	0	9	23126575	23126575
9.02829	12.649304	25	-58.6672	12.588	86466354	1.2624096	0	0	0	297.80148	12.651037	8.570794e-09	1.574145e-09	-1790.667	7.7091023e+08	1.1200986e+09	1.2680253	94.664737	0.06765248	8489	139	173	4522	107	128	12	0	0	16.997457	0	9.0270703	0	0	0	0	0	0	297.846	-5.22782e-13	297.805	8.59354e-09	1.57201e-09	0	16	22967064	22967064
9.02966	12.647349	25	-58.6672	12.5879	86466357	1.28642	0	0	0	297.77826	12.648537	8.604712e-09	1.574145e-09	-1790.667	7.7091023e+08	1.1203526e+09	1.2918157	94.560116	0.07027328	9029	163	160	5346	131	159	7	0	0	16.997457	0	9.0288254	0	0	0	0	0	0	297.846	-5.22782e-13	297.783	8.62361e-09	1.57201e-09	0	11	23056128	23056128
9.03105	12.645369	25	-58.6672	12.5878	86466360	1.31076	0	0	0	297.75645	12.648537	8.687639e-09	1.574145e-09	-1790.667	7.7091023e+08	1.1206104e+09	1.3158186	94.413747	0.07350496	9588	140	144	5442	127	146	7	0	0	16.997457	0	9.0288254	0	0	0	0	0	0	297.846	-5.22782e-13	297.76	8.70017e-09	1.57201e-09	0	12	23276460	23276460
9.03246	12.643364	25	-58.6672	12.5877	86466363	1.3354296	0	0	0	297.73408	12.646037	8.810968e-09	1.574145e-09	-1790.667	7.7091023e+08	1.1208719e+09	1.3400051	94.24604	0.07710336	10133	112	125	6611	133	152	7	0	0	16.997457	0	9.0305812	0	0	0	0	0	0	297.846	-5.22782e-13	297.738	8.81425e-09	1.57201e-09	0	17	23604970	23604970
9.03389	12.641329	25	-58.6672	12.5876	86466366	1.3604288	0	0	0	297.71321	12.643537	8.889991e-09	1.574145e-09	-1790.667	7.7091023e+08	1.1211373e+09	1.3721862	93.940484	0.08314784	10591	139	149	6892	122	150	12	0	0	16.997457	0	9.0323377	0	0	0	0	0	0	297.846	-5.22782e-13	297.713	8.90586e-09	1.57201e-09	0	13	23814712	23814712
9.03534	12.639269	25	-58.6672	12.5875	86466370	1.3857576	0	0	0	297.68272	12.641037	8.975256e-09	1.574145e-09	-1790.667	7.7091023e+08	1.1214065e+09	1.3961075	93.85056	0.0858528	10747	126	138	6677	134	157	7	0	0	16.997457	0	9.034095	0	0	0	0	0	0	297.846	-5.22782e-13	297.687	8.97115e-09	1.57201e-09	0	11	24041113	24041113
9.0368	12.637189	25	-58.6672	12.5874	86466373	1.4114164	0	0	0	297.66154	12.638537	8.976929e-09	1.574145e-09	-1790.667	7.7091023e+08	1.1216777e+09	1.420057	93.713244	0.08927552	11375	145	165	6910	151	180	10	0	0	16.997457	0	9.0358529	0	0	0	0	0	0	297.846	-5.22782e-13	297.662	8.97841e-09	1.57201e-09	0	18	24043573	24043573
9.03829	12.635074	25	-58.6672	12.5873	86466377	1.4374044	0	0	0	297.63295	12.636037	8.997791e-09	1.574145e-09	-1790.667	7.7091023e+08	1.1219546e+09	1.4441456	93.542103	0.09326144	11392	166	178	7007	126	156	12	0	0	16.997457	0	9.0376115	0	0	0	0	0	0	297.846	-5.22782e-13	297.636	8.98592e-09	1.57201e-09	0	20	24097383	24097383
9.03979	12.632939	25	-58.6672	12.5872	86466380	1.4637224	0	0	0	297.60983	12.636037	8.950604e-09	1.574145e-09	-1790.667	7.7091023e+08	1.1222335e+09	1.4761482	93.608186	0.09435264	11831	173	168	7067	185	211	3	0	0	16.997457	0	9.0376115	0	0	0	0	0	0	297.846	-5.22782e-13	297.61	8.95562e-09	1.57201e-09	0	14	23968942	23968942
9.04131	12.630774	25	-58.6672	12.5871	86466384	1.49037	0	0	0	297.57951	12.633537	8.870405e-09	1.574145e-09	-1790.667	7.7091023e+08	1.1225162e+09	1.4999837	93.600208	0.09599584	12167	130	193	7785	151	176	12	0	0	16.997457	0	9.0393708	0	0	0	0	0	0	297.846	-5.22782e-13	297.583	8.88613e-09	1.57201e-09	0	16	23752102	23752102
9.04286	12.628589	25	-58.6672	12.587	86466388	1.5173472	0	0	0	297.55235	12.631037	8.808112e-09	1.574145e-09	-1790.667	7.7091023e+08	1.1228046e+09	1.5238467	93.740641	0.09538304	12082	119	130	7990	174	200	7	0	0	16.997457	0	9.0411309	0	0	0	0	0	0	297.846	-5.22782e-13	297.559	8.83488e-09	1.57201e-09	0	26	23583203	23583203
9.04442	12.626374	25	-58.6672	12.5869	86466391	1.544654	0	0	0	297.52931	12.628537	8.770687e-09	1.574145e-09	-1790.667	7.7091023e+08	1.123095e+09	1.5558349	93.639551	0.09895808	12654	144	157	8074	168	196	4	0	0	16.997457	0	9.0428916	0	0	0	0	0	0	297.846	-5.22782e-13	297.534	8.78815e-09	1.57201e-09	0	13	23480899	23480899
9.046	12.624129	25	-58.6672	12.5867	86466395	1.5722904	0	0	0	297.50108	12.626037	8.773956e-09	1.574145e-09	-1790.667	7.7091023e+08	1.1233892e+09	1.5799424	93.607848	0.10099232	12558	186	164	7996	148	178	7	0	0	16.997457	0	9.0446531	0	0	0	0	0	0	297.846	-5.22782e-13	297.507	8.76777e-09	1.57201e-09	0	15	23487524	23487524
9.04759	12.621864	25	-58.6672	12.5866	86466398	1.6002568	0	0	0	297.48048	12.623537	8.77106e-09	1.574145e-09	-1790.667	7.7091023e+08	1.1236855e+09	1.6118611	93.774332	0.10034912	13232	152	143	8620	175	200	6	0	0	16.997457	0	9.0464152	0	0	0	0	0	0	297.846	-5.22782e-13	297.483	8.7664e-09	1.57201e-09	0	15	23477635	23477635
9.04921	12.619569	25	-58.6672	12.5865	86466402	1.6285524	0	0	0	297.45187	12.621037	8.737242e-09	1.574145e-09	-1790.667	7.7091023e+08	1.1239875e+09	1.6360477	93.574975	0.10511648	13284	158	180	8147	180	213	9	0	0	16.997457	0	9.048178	0	0	0	0	0	0	297.846	-5.22782e-13	297.455	8.72348e-09	1.57201e-09	0	15	23384946	23384946
9.05085	12.617254	25	-58.6672	12.5864	86466406	1.657178	0	0	0	297.41999	12.618537	8.667609e-09	1.574145e-09	-1790.667	7.7091023e+08	1.1242934e+09	1.6681427	93.798862	0.10344384	13688	167	156	9234	203	242	4	0	0	16.997457	0	9.0499416	0	0	0	0	0	0	297.846	-5.22782e-13	297.425	8.66985e-09	1.57201e-09	0	20	23196401	23196401
9.0525	12.614909	25	-58.6672	12.5863	86466410	1.6861332	0	0	0	297.39194	12.616037	8.603184e-09	1.574145e-09	-1790.667	7.7091023e+08	1.1246012e+09	1.6919821	93.762128	0.10554368	13388	150	156	8871	157	204	6	0	0	16.997457	0	9.0517058	0	0	0	0	0	0	297.846	-5.22782e-13	297.399	8.60666e-09	1.57201e-09	0	15	23021817	23021817
9.05418	12.612539	25	-58.6672	12.5862	86466413	1.715418	0	0	0	297.37013	12.613537	8.56549e-09	1.574145e-09	-1790.667	7.7091023e+08	1.1249148e+09	1.7238102	93.967819	0.10398336	13466	159	168	8545	199	231	7	0	0	16.997457	0	9.0534708	0	0	0	0	0	0	297.846	-5.22782e-13	297.374	8.60397e-09	1.57201e-09	0	22	22918752	22918752
9.05587	12.610144	25	-58.6672	12.586	86466417	1.7450324	0	0	0	297.3408	12.611037	8.594583e-09	1.574145e-09	-1790.667	7.7091023e+08	1.1252305e+09	1.755833	93.894654	0.10719968	13821	194	165	8927	184	223	12	0	0	16.997457	0	9.0552365	0	0	0	0	0	0	297.846	-5.22782e-13	297.345	8.58234e-09	1.57201e-09	0	24	22994382	22994382
9.05758	12.607719	25	-58.6672	12.5859	86466421	1.7749764	0	0	0	297.31415	12.608537	8.526566e-09	1.574145e-09	-1790.667	7.7091023e+08	1.12555e+09	1.780232	93.982663	0.10712256	14096	155	182	9232	194	229	9	0	0	16.997457	0	9.0570028	0	0	0	0	0	0	297.846	-5.22782e-13	297.317	8.53664e-09	1.57201e-09	0	18	22810184	22810184
9.05931	12.605274	25	-58.6672	12.5858	86466425	1.8052504	0	0	0	297.28391	12.608537	8.44906e-09	1.574145e-09	-1790.667	7.7091023e+08	1.1258735e+09	1.8118829	94.008443	0.10856	14386	195	170	8899	186	230	12	0	0	16.997457	0	9.0570028	0	0	0	0	0	0	297.846	-5.22782e-13	297.287	8.45402e-09	1.57201e-09	0	15	22600616	22600616
9.06106	12.602799	25	-58.6672	12.5857	86466429	1.835854	0	0	0	297.25481	12.606037	8.416258e-09	1.574145e-09	-1790.667	7.7091023e+08	1.1262008e+09	1.844241	94.117419	0.10848896	14703	146	147	9727	217	252	7	0	0	16.997457	0	9.0587699	0	0	0	0	0	0	297.846	-5.22782e-13	297.258	8.40935e-09	1.57201e-09	0	22	22510634	22510634
9.06283	12.600299	25	-58.6672	12.5855	86466433	1.8667868	0	0	0	297.2255	12.603537	8.29203e-09	1.574145e-09	-1790.667	7.7091023e+08	1.126532e+09	1.8759158	94.057422	0.11147776	14347	175	209	9299	181	213	7	0	0	16.997457	0	9.0605377	0	0	0	0	0	0	297.846	-5.22782e-13	297.229	8.30407e-09	1.57201e-09	0	20	22176137	22176137
9.06461	12.597774	25	-58.6672	12.5854	86466437	1.8980496	0	0	0	297.19744	12.601037	8.140528e-09	1.574145e-09	-1790.667	7.7091023e+08	1.1268653e+09	1.9079248	93.841619	0.11749728	14732	181	222	9127	208	240	4	0	0	16.997457	0	9.0623062	0	0	0	0	0	0	297.846	-5.22782e-13	297.2	8.12931e-09	1.57201e-09	0	16	21768763	21768763
9.06642	12.595224	25	-58.6672	12.5853	86466441	1.929642	0	0	0	297.16728	12.598537	8.139843e-09	1.574145e-09	-1790.667	7.7091023e+08	1.1272044e+09	1.9401306	93.974805	0.11689664	15520	164	177	10205	210	251	6	0	0	16.997457	0	9.0640754	0	0	0	0	0	0	297.846	-5.22782e-13	297.172	8.11488e-09	1.57201e-09	0	20	21764699	21764699
9.06824	12.592649	25	-58.6672	12.5852	86466445	1.9615644	0	0	0	297.14028	12.593859	8.163671e-09	1.574145e-09	-1790.667	7.7091023e+08	1.1275456e+09	1.9718874	94.366607	0.11108416	14790	175	218	8896	202	237	12	0	0	16.997457	0	9.0673876	0	0	0	0	0	0	297.846	-5.22782e-13	297.144	8.15347e-09	1.57201e-09	0	17	21826162	21826162
9.07009	12.590049	25	-58.6672	12.585	86466449	1.993816	0	0	0	297.10893	12.591037	8.089145e-09	1.574145e-09	-1790.667	7.7091023e+08	1.1278925e+09	2.0040202	94.321814	0.113792	14934	147	164	9763	217	250	11	0	0	16.997457	0	9.0693873	0	0	0	0	0	0	297.846	-5.22782e-13	297.113	8.10538e-09	1.57201e-09	0	17	21624648	21624648
9.07195	12.587424	25	-58.6672	12.5849	86466454	2.0263976	0	0	0	297.07229	12.588537	8.116263e-09	1.574145e-09	-1790.667	7.7091023e+08	1.1282415e+09	2.0361642	94.365437	0.11472896	15083	192	204	9395	228	282	14	0	0	16.997457	0	9.0711593	0	0	0	0	0	0	297.846	-5.22782e-13	297.084	8.10352e-09	1.57201e-09	0	15	21694863	21694863
9.07383	12.584769	25	-58.6672	12.5848	86466458	2.0593084	0	0	0	297.0443	12.586037	8.126978e-09	1.574145e-09	-1790.667	7.7091023e+08	1.1285944e+09	2.0681568	94.394081	0.1159392	15980	130	166	10505	246	286	3	0	0	16.997457	0	9.072932	0	0	0	0	0	0	297.846	-5.22782e-13	297.05	8.14852e-09	1.57201e-09	0	21	21721199	21721199
9.07573	12.582094	25	-58.6672	12.5846	86466462	2.0925492	0	0	0	297.0159	12.583537	8.247159e-09	1.574145e-09	-1790.667	7.7091023e+08	1.1289513e+09	2.1001712	94.396998	0.11767264	16077	168	202	10367	235	287	16	0	0	16.997457	0	9.0747055	0	0	0	0	0	0	297.846	-5.22782e-13	297.02	8.21998e-09	1.57201e-09	0	20	22040048	22040048
9.07765	12.579389	25	-58.6672	12.5845	86466466	2.1261196	0	0	0	296.98783	12.581037	8.371888e-09	1.574145e-09	-1790.667	7.7091023e+08	1.1293122e+09	2.1319402	94.339173	0.12068544	16152	209	182	10321	212	256	11	0	0	16.997457	0	9.0764797	0	0	0	0	0	0	297.846	-5.22782e-13	296.991	8.36443e-09	1.57201e-09	0	34	22370960	22370960
9.07958	12.576664	25	-58.6672	12.5844	86466471	2.1600196	0	0	0	296.95155	12.578537	8.568449e-09	1.574145e-09	-1790.667	7.7091023e+08	1.1296751e+09	2.1719888	94.138651	0.12730784	16687	215	212	10231	206	258	19	0	0	16.997457	0	9.0782545	0	0	0	0	0	0	297.846	-5.22782e-13	296.962	8.56301e-09	1.57201e-09	0	22	22893714	22893714
9.08154	12.573909	25	-58.6672	12.5842	86466475	2.1942496	0	0	0	296.92155	12.576037	8.700979e-09	1.574145e-09	-1790.667	7.7091023e+08	1.1300439e+09	2.2038298	93.995093	0.13233792	17191	201	221	11427	233	282	9	0	0	16.997457	0	9.0800301	0	0	0	0	0	0	297.846	-5.22782e-13	296.929	8.68523e-09	1.57201e-09	0	20	23245255	23245255
9.08352	12.571129	25	-58.6672	12.5841	86466479	2.2288088	0	0	0	296.89204	12.573537	8.880239e-09	1.574145e-09	-1790.667	7.7091023e+08	1.1304166e+09	2.2358614	94.010291	0.1339216	17028	234	266	10883	230	278	11	0	0	16.997457	0	9.0818064	0	0	0	0	0	0	297.846	-5.22782e-13	296.896	8.85745e-09	1.57201e-09	0	14	23721523	23721523
9.08551	12.568329	25	-58.6672	12.584	86466484	2.263698	0	0	0	296.85528	12.571037	8.989034e-09	1.574145e-09	-1790.667	7.7091023e+08	1.1307915e+09	2.2760403	93.928051	0.1382	18612	215	186	12477	248	305	12	0	0	16.997457	0	9.0835834	0	0	0	0	0	0	297.846	-5.22782e-13	296.868	8.98266e-09	1.57201e-09	0	21	24009464	24009464
9.08752	12.565499	25	-58.6672	12.5838	86466490	2.2989164	0	0	0	296.8133	12.568537	9.128687e-09	1.574145e-09	-1790.667	7.7091023e+08	1.1311703e+09	2.3081187	93.405109	0.15221792	20184	208	255	13684	269	325	8	0	0	16.997457	0	9.0853612	0	0	0	0	0	0	297.846	-5.22782e-13	296.831	9.12202e-09	1.57201e-09	0	15	24379727	24379727
9.08955	12.562644	25	-58.6672	12.5837	86466494	2.3344648	0	0	0	296.78345	12.563537	9.233418e-09	1.574145e-09	-1790.667	7.7091023e+08	1.1315531e+09	2.339959	93.937343	0.14186368	19114	181	215	12543	262	320	2	0	0	16.997457	0	9.0889188	0	0	0	0	0	0	297.846	-5.22782e-13	296.791	9.23098e-09	1.57201e-09	0	20	24656628	24656628
9.0916	12.559764	25	-58.6672	12.5835	86466499	2.3703428	0	0	0	296.74642	12.561037	9.264802e-09	1.574145e-09	-1790.667	7.7091023e+08	1.13194e+09	2.3798432	94.008681	0.142584	18835	191	238	12167	277	330	11	0	0	16.997457	0	9.0906986	0	0	0	0	0	0	297.846	-5.22782e-13	296.758	9.26682e-09	1.57201e-09	0	25	24737600	24737600
9.09367	12.556859	25	-58.6672	12.5834	86466503	2.4065508	0	0	0	296.71969	12.558537	9.346252e-09	1.574145e-09	-1790.667	7.7091023e+08	1.1323308e+09	2.4118544	93.708078	0.151752	19949	234	260	13277	268	330	4	0	0	16.997457	0	9.0924792	0	0	0	0	0	0	297.846	-5.22782e-13	296.726	9.33095e-09	1.57201e-09	0	24	24952192	24952192
9.09576	12.553929	25	-58.6672	12.5832	86466508	2.443088	0	0	0	296.68159	12.556037	9.483053e-09	1.574145e-09	-1790.667	7.7091023e+08	1.1327256e+09	2.4518486	93.551928	0.15809696	20229	247	294	13174	248	314	13	0	0	16.997457	0	9.0942605	0	0	0	0	0	0	297.846	-5.22782e-13	296.69	9.48239e-09	1.57201e-09	0	30	25314466	25314466
9.09787	12.550974	25	-58.6672	12.5831	86466513	2.4799552	0	0	0	296.6457	12.553537	9.563095e-09	1.574145e-09	-1790.667	7.7091023e+08	1.1331245e+09	2.4920154	93.461665	0.16293632	20940	225	257	13633	290	341	12	0	0	16.997457	0	9.0960425	0	0	0	0	0	0	297.846	-5.22782e-13	296.657	9.54866e-09	1.57201e-09	0	27	25525133	25525133
9.09999	12.547994	25	-58.6672	12.5829	86466517	2.5171516	0	0	0	296.61772	12.551037	9.617615e-09	1.574145e-09	-1790.667	7.7091023e+08	1.1335255e+09	2.523895	93.374824	0.16721248	21250	234	243	14424	286	347	9	0	0	16.997457	0	9.0978253	0	0	0	0	0	0	297.846	-5.22782e-13	296.624	9.61885e-09	1.57201e-09	0	21	25667626	25667626
9.10214	12.544989	25	-58.6672	12.5828	86466522	2.554678	0	0	0	296.58167	12.546037	9.647518e-09	1.574145e-09	-1790.667	7.7091023e+08	1.1339324e+09	2.5642534	93.345257	0.17064448	21740	226	217	14592	284	336	10	0	0	16.997457	0	9.1013929	0	0	0	0	0	0	297.846	-5.22782e-13	296.588	9.64988e-09	1.57201e-09	0	21	25744355	25744355
9.1043	12.541959	25	-58.6672	12.5826	86466527	2.592534	0	0	0	296.54421	12.543537	9.600939e-09	1.574145e-09	-1790.667	7.7091023e+08	1.1343414e+09	2.6041718	93.292289	0.17468032	22562	219	236	15349	310	384	11	0	0	16.997457	0	9.1031777	0	0	0	0	0	0	297.846	-5.22782e-13	296.551	9.61517e-09	1.57201e-09	0	16	25616988	25616988
9.10649	12.538904	25	-58.6672	12.5825	86466532	2.6307196	0	0	0	296.50834	12.541037	9.575309e-09	1.574145e-09	-1790.667	7.7091023e+08	1.1347564e+09	2.636008	93.390927	0.17421568	22706	260	277	14944	324	390	12	0	0	16.997457	0	9.1049633	0	0	0	0	0	0	297.846	-5.22782e-13	296.52	9.55812e-09	1.57201e-09	0	28	25545501	25545501
9.10869	12.535829	25	-58.6672	12.5823	86466537	2.6692348	0	0	0	296.47177	12.538537	9.516405e-09	1.574145e-09	-1790.667	7.7091023e+08	1.1351736e+09	2.6762326	93.404257	0.17651744	22676	232	269	14538	286	369	13	0	0	16.997457	0	9.1067496	0	0	0	0	0	0	297.846	-5.22782e-13	296.484	9.49893e-09	1.57201e-09	0	24	25385261	25385261
9.11091	12.532724	25	-58.6672	12.5822	86466542	2.70808	0	0	0	296.71499	12.536037	9.452226e-09	1.574145e-09	-1790.667	7.7091023e+08	1.1355948e+09	2.716287	93.470098	0.17737088	22109	260	297	14025	270	337	11	0	0	16.997457	0	9.1085367	0	0	0	0	0	0	297.846	-5.22782e-13	296.587	9.37964e-09	1.57201e-09	0	25	25210966	25210966
9.11315	12.529594	25	-58.6672	12.582	86466547	2.7472544	0	0	0	296.6793	12.531037	9.373359e-09	1.574145e-09	-1790.667	7.7091023e+08	1.1360201e+09	2.7560714	93.75539	0.17210592	22567	237	284	14749	318	379	15	0	0	16.997457	0	9.1121129	0	0	0	0	0	0	297.846	-5.22782e-13	296.69	9.38058e-09	1.57201e-09	0	25	24997519	24997519
9.1154	12.526439	25	-58.6672	12.5819	86466552	2.7867588	0	0	0	296.64366	12.528537	9.370893e-09	1.574145e-09	-1790.667	7.7091023e+08	1.1364475e+09	2.7958403	93.729553	0.17531168	22967	262	305	15030	343	417	15	0	0	16.997457	0	9.1139021	0	0	0	0	0	0	297.846	-5.22782e-13	296.658	9.36657e-09	1.57201e-09	0	27	24987840	24987840
9.11768	12.523264	25	-58.6672	12.5817	86466557	2.8265928	0	0	0	296.60775	12.526037	9.365792e-09	1.574145e-09	-1790.667	7.7091023e+08	1.1368809e+09	2.8362198	93.811368	0.1755232	22825	247	302	14673	340	416	6	0	0	16.997457	0	9.115692	0	0	0	0	0	0	297.846	-5.22782e-13	296.615	9.35801e-09	1.57201e-09	0	24	24971101	24971101
9.11997	12.520059	25	-58.6672	12.5816	86466562	2.8667564	0	0	0	296.57051	12.521037	9.358654e-09	1.574145e-09	-1790.667	7.7091023e+08	1.1373165e+09	2.8761878	93.859216	0.17662048	23051	248	302	14942	328	400	9	0	0	16.997457	0	9.119274	0	0	0	0	0	0	297.846	-5.22782e-13	296.578	9.35501e-09	1.57201e-09	0	26	24948926	24948926
9.12229	12.516829	25	-58.6672	12.5814	86466567	2.9072496	0	0	0	296.53341	12.518537	9.277802e-09	1.574145e-09	-1790.667	7.7091023e+08	1.1377581e+09	2.9158336	93.94507	0.17655168	22738	263	290	14704	311	375	13	0	0	16.997457	0	9.1210661	0	0	0	0	0	0	297.846	-5.22782e-13	296.542	9.272e-09	1.57201e-09	0	19	24730232	24730232
9.12462	12.513579	25	-58.6672	12.5812	86466572	2.9480728	0	0	0	296.49755	12.516037	9.212844e-09	1.574145e-09	-1790.667	7.7091023e+08	1.1382019e+09	2.9559238	94.066911	0.1753776	23422	237	277	15458	320	409	10	0	0	16.997457	0	9.1228589	0	0	0	0	0	0	297.846	-5.22782e-13	296.505	9.19385e-09	1.57201e-09	0	26	24553944	24553944
9.12697	12.510304	25	-58.6672	12.5811	86466577	2.9892252	0	0	0	296.46176	12.513537	9.128573e-09	1.574145e-09	-1790.667	7.7091023e+08	1.1386498e+09	2.9961565	94.259739	0.1719872	23164	233	313	15741	292	361	13	0	0	16.997457	0	9.1246524	0	0	0	0	0	0	297.846	-5.22782e-13	296.469	9.1229e-09	1.57201e-09	0	27	24326213	24326213
9.12934	12.506999	25	-58.6672	12.5809	86466583	3.0307076	0	0	0	296.68266	12.508537	9.046449e-09	1.574145e-09	-1790.667	7.7091023e+08	1.1391019e+09	3.0361821	94.281713	0.1736176	23217	276	285	14957	308	369	13	0	0	16.997457	0	9.1282416	0	0	0	0	0	0	297.846	-5.22782e-13	296.608	8.95997e-09	1.57201e-09	0	29	24104238	24104238
9.13173	12.503674	25	-58.6672	12.5807	86466588	3.0725192	0	0	0	296.64601	12.506037	8.940351e-09	1.574145e-09	-1790.667	7.7091023e+08	1.139558e+09	3.0838406	94.343459	0.17443872	23598	265	236	15695	340	429	9	0	0	16.997457	0	9.1300373	0	0	0	0	0	0	297.846	-5.22782e-13	296.652	8.94419e-09	1.57201e-09	0	32	23818428	23818428
9.13414	12.500324	25	-58.6672	12.5806	86466594	3.1146608	0	0	0	296.60119	12.503537	8.941132e-09	1.574145e-09	-1790.667	7.7091023e+08	1.1400183e+09	3.1238486	94.339383	0.17682912	24041	253	285	16000	344	427	14	0	0	16.997457	0	9.1318337	0	0	0	0	0	0	297.846	-5.22782e-13	296.615	8.91245e-09	1.57201e-09	0	25	23817375	23817375
9.13657	12.496949	25	-58.6672	12.5804	86466599	3.157132	0	0	0	296.56454	12.498537	8.868664e-09	1.574145e-09	-1790.667	7.7091023e+08	1.1404827e+09	3.1641014	94.375331	0.17797024	23972	284	335	15342	325	410	9	0	0	16.997457	0	9.1354287	0	0	0	0	0	0	297.846	-5.22782e-13	296.575	8.86308e-09	1.57201e-09	0	27	23621206	23621206
9.13902	12.493549	25	-58.6672	12.5802	86466604	3.1999332	0	0	0	296.52844	12.496037	8.801806e-09	1.574145e-09	-1790.667	7.7091023e+08	1.1409512e+09	3.212264	94.253125	0.1846048	24642	300	316	15967	366	443	21	0	0	16.997457	0	9.1372273	0	0	0	0	0	0	297.846	-5.22782e-13	296.536	8.81239e-09	1.57201e-09	0	24	23440007	23440007
9.14148	12.490129	25	-58.6672	12.5801	86466611	3.2430636	0	0	0	296.47829	12.491037	8.698922e-09	1.574145e-09	-1790.667	7.7091023e+08	1.141422e+09	3.2521299	93.580124	0.20878272	28202	263	299	19351	391	474	10	0	0	16.997457	0	9.1408266	0	0	0	0	0	0	297.846	-5.22782e-13	296.497	8.70063e-09	1.57201e-09	0	34	23162919	23162919
9.14396	12.486679	25	-58.6672	12.5799	86466617	3.286524	0	0	0	296.43784	12.488537	8.411824e-09	1.574145e-09	-1790.667	7.7091023e+08	1.141897e+09	3.2918659	92.813365	0.2365744	29778	331	435	19549	400	470	20	0	0	16.997457	0	9.1426274	0	0	0	0	0	0	297.846	-5.22782e-13	296.448	8.39409e-09	1.57201e-09	0	26	22395438	22395438
9.14647	12.483209	25	-58.6672	12.5797	86466622	3.3303136	0	0	0	296.66954	12.486037	8.855462e-09	1.574145e-09	-1790.667	7.7091023e+08	1.142378e+09	3.3400288	93.571533	0.21471264	26795	318	352	17429	372	442	12	0	0	16.997457	0	9.1444289	0	0	0	0	0	0	297.846	-5.22782e-13	296.588	8.81673e-09	1.57201e-09	0	18	23573361	23573361
9.14899	12.479714	25	-58.6672	12.5796	86466628	3.3744332	0	0	0	296.6249	12.481037	9.230828e-09	1.574145e-09	-1790.667	7.7091023e+08	1.1428613e+09	3.379879	93.938661	0.20486592	27271	293	308	18131	365	450	16	0	0	16.997457	0	9.148034	0	0	0	0	0	0	297.846	-5.22782e-13	296.636	9.23041e-09	1.57201e-09	0	37	24569239	24569239
9.15153	12.476194	25	-58.6672	12.5794	86466634	3.4188824	0	0	0	296.5828	12.478537	9.457633e-09	1.574145e-09	-1790.667	7.7091023e+08	1.1433488e+09	3.4281603	93.850099	0.21082848	27594	348	366	17655	323	409	21	0	0	16.997457	0	9.1498377	0	0	0	0	0	0	297.846	-5.22782e-13	296.597	9.45587e-09	1.57201e-09	0	32	25169459	25169459
9.15409	12.472649	25	-58.6672	12.5792	86466640	3.4636612	0	0	0	296.5398	12.475715	9.678335e-09	1.574145e-09	-1790.667	7.7091023e+08	1.1438404e+09	3.4760304	93.745528	0.21740736	28722	315	353	19146	427	501	11	0	0	16.997457	0	9.1518748	0	0	0	0	0	0	297.846	-5.22782e-13	296.554	9.68313e-09	1.57201e-09	0	37	25753251	25753251
9.15667	12.469084	25	-58.6672	12.579	86466645	3.5087696	0	0	0	296.50287	12.471037	9.916377e-09	1.574145e-09	-1790.667	7.7091023e+08	1.1443363e+09	3.5162355	93.509832	0.2282096	29587	322	388	19884	423	510	16	0	0	16.997457	0	9.1552531	0	0	0	0	0	0	297.846	-5.22782e-13	296.51	9.88194e-09	1.57201e-09	0	31	26382992	26382992
9.15926	12.465489	25	-58.6672	12.5789	86466651	3.554208	0	0	0	298.20256	12.468537	1.002972e-08	1.574145e-09	-1790.667	7.7091023e+08	1.1448345e+09	3.5642112	93.240948	0.24090688	30537	338	453	19635	363	448	19	0	0	16.997457	0	9.1570597	0	0	0	0	0	0	297.846	-5.22782e-13	296.906	9.93179e-09	1.57201e-09	0	30	26680828	26680828
9.16188	12.461874	25	-58.6672	12.5787	86466657	3.5999756	0	0	0	298.15811	12.463537	1.021477e-08	1.574145e-09	-1790.667	7.7091023e+08	1.1453388e+09	3.6118771	93.677792	0.2283504	30421	356	366	20101	418	509	18	0	0	16.997457	0	9.1606751	0	0	0	0	0	0	297.846	-5.22782e-13	298.169	1.02158e-08	1.57201e-09	0	38	27169268	27169268
9.16451	12.458234	25	-58.6672	12.5785	86466663	3.6460732	0	0	0	298.11488	12.461037	1.016034e-08	1.574145e-09	-1790.667	7.7091023e+08	1.1458453e+09	3.6519789	93.7704	0.22750368	30251	280	345	19945	447	535	17	0	0	16.997457	0	9.1624839	0	0	0	0	0	0	297.846	-5.22782e-13	298.126	1.01916e-08	1.57201e-09	0	32	27020682	27020682
9.16717	12.454569	25	-58.6672	12.5783	86466672	3.6925004	0	0	0	298.04738	12.456037	1.005392e-08	1.574145e-09	-1790.667	7.7091023e+08	1.1463581e+09	3.6998685	93.605957	0.2365712	32036	289	384	21931	466	598	19	0	0	16.997457	0	9.1661036	0	0	0	0	0	0	297.846	-5.22782e-13	298.08	1.00555e-08	1.57201e-09	0	41	26733856	26733856
9.16984	12.450884	25	-58.6672	12.5781	86466678	3.7392572	0	0	0	298.00402	12.453537	9.937072e-09	1.574145e-09	-1790.667	7.7091023e+08	1.1468732e+09	3.7481018	93.868316	0.22982176	31120	331	388	20580	449	557	16	0	0	16.997457	0	9.1679146	0	0	0	0	0	0	297.846	-5.22782e-13	298.015	9.94815e-09	1.57201e-09	0	40	26419378	26419378
9.17253	12.447169	25	-58.6672	12.5779	86466684	3.7863436	0	0	0	297.95947	12.448537	9.926946e-09	1.574145e-09	-1790.667	7.7091023e+08	1.1473925e+09	3.7960115	94.298454	0.21643136	29309	271	344	19752	393	473	12	0	0	16.997457	0	9.1715388	0	0	0	0	0	0	297.846	-5.22782e-13	297.971	9.94455e-09	1.57201e-09	0	34	26388665	26388665
9.17524	12.443434	25	-58.6672	12.5778	86466690	3.83376	0	0	0	297.91711	12.446037	9.868678e-09	1.574145e-09	-1790.667	7.7091023e+08	1.147916e+09	3.8440998	94.339202	0.21760672	29264	327	420	17850	370	452	17	0	0	16.997457	0	9.173352	0	0	0	0	0	0	297.846	-5.22782e-13	297.927	9.87684e-09	1.57201e-09	0	29	26229982	26229982
9.17797	12.439679	25	-58.6672	12.5776	86466697	3.8815056	0	0	0	297.86373	12.441037	9.854922e-09	1.574145e-09	-1790.667	7.7091023e+08	1.1484439e+09	3.8920125	94.446834	0.21612992	29636	319	387	19375	429	529	14	0	0	16.997457	0	9.1769805	0	0	0	0	0	0	297.846	-5.22782e-13	297.884	9.85106e-09	1.57201e-09	0	33	26189613	26189613
9.18071	12.435894	25	-58.6672	12.5774	86466703	3.9295812	0	0	0	297.82066	12.438537	9.852172e-09	1.574145e-09	-1790.667	7.7091023e+08	1.148974e+09	3.9398186	94.374385	0.22163904	30120	341	339	20443	429	532	15	0	0	16.997457	0	9.1787959	0	0	0	0	0	0	297.846	-5.22782e-13	297.832	9.84907e-09	1.57201e-09	0	30	26178492	26178492
9.18348	12.432089	25	-58.6672	12.5772	86466709	3.9779864	0	0	0	297.77762	12.433537	9.866913e-09	1.574145e-09	-1790.667	7.7091023e+08	1.1495104e+09	3.9878538	94.43304	0.22200224	30316	346	343	19802	431	534	18	0	0	16.997457	0	9.1824289	0	0	0	0	0	0	297.846	-5.22782e-13	297.788	9.85478e-09	1.57201e-09	0	38	26213807	26213807
9.18627	12.428259	25	-58.6672	12.577	86466716	4.0267208	0	0	0	297.72522	12.431037	9.862045e-09	1.574145e-09	-1790.667	7.7091023e+08	1.1500511e+09	4.0358269	94.409203	0.22563488	30223	381	436	18580	420	510	26	0	0	16.997457	0	9.1842465	0	0	0	0	0	0	297.846	-5.22782e-13	297.743	9.84991e-09	1.57201e-09	0	37	26197001	26197001
9.18907	12.424404	25	-58.6672	12.5768	86466722	4.0757856	0	0	0	297.6811	12.426037	9.893675e-09	1.574145e-09	-1790.667	7.7091023e+08	1.1505941e+09	4.0839027	94.388591	0.22916448	30724	376	409	19443	424	547	14	0	0	16.997457	0	9.1878839	0	0	0	0	0	0	297.846	-5.22782e-13	297.696	9.85936e-09	1.57201e-09	0	35	26277130	26277130
9.19189	12.420529	25	-58.6672	12.5766	86466728	4.1251796	0	0	0	297.63658	12.423537	9.844459e-09	1.574145e-09	-1790.667	7.7091023e+08	1.1511415e+09	4.1321398	94.448103	0.22941216	31459	303	380	20900	444	546	18	0	0	16.997457	0	9.1897037	0	0	0	0	0	0	297.846	-5.22782e-13	297.648	9.84735e-09	1.57201e-09	0	45	26142521	26142521
9.19473	12.416629	25	-58.6672	12.5764	86466735	4.1749032	0	0	0	297.58562	12.418537	9.875826e-09	1.574145e-09	-1790.667	7.7091023e+08	1.1516932e+09	4.1820042	94.367095	0.23556832	31947	384	377	20659	438	538	23	0	0	16.997457	0	9.1933456	0	0	0	0	0	0	297.846	-5.22782e-13	297.601	9.86605e-09	1.57201e-09	0	44	26221892	26221892
9.1976	12.412709	25	-58.6672	12.5763	86466741	4.2249568	0	0	0	297.54125	12.416037	9.881038e-09	1.574145e-09	-1790.667	7.7091023e+08	1.1522511e+09	4.2359277	94.355991	0.23907616	32842	386	410	21438	484	583	20	0	0	16.997457	0	9.1951676	0	0	0	0	0	0	297.846	-5.22782e-13	297.553	9.88857e-09	1.57201e-09	0	30	26231768	26231768
9.20047	12.408759	25	-58.6672	12.5761	86466748	4.2753396	0	0	0	297.4906	12.411037	9.848467e-09	1.574145e-09	-1790.667	7.7091023e+08	1.1528095e+09	4.2839962	94.342568	0.24236416	32495	429	466	20319	441	537	34	0	0	16.997457	0	9.1988139	0	0	0	0	0	0	297.846	-5.22782e-13	297.505	9.85928e-09	1.57201e-09	0	44	26141357	26141357
9.20337	12.404789	25	-58.6672	12.5759	86466755	4.3260524	0	0	0	297.44093	12.406037	9.762168e-09	1.574145e-09	-1790.667	7.7091023e+08	1.1533741e+09	4.3322042	94.350981	0.24472704	33064	363	462	20757	429	557	20	0	0	16.997457	0	9.2024631	0	0	0	0	0	0	297.846	-5.22782e-13	297.459	9.77916e-09	1.57201e-09	0	39	25908348	25908348
9.20629	12.400799	25	-58.6672	12.5757	86466761	4.3770948	0	0	0	297.39648	12.403537	9.747687e-09	1.574145e-09	-1790.667	7.7091023e+08	1.1539432e+09	4.3882832	94.522045	0.24038816	32784	323	444	21362	443	551	18	0	0	16.997457	0	9.2042888	0	0	0	0	0	0	297.846	-5.22782e-13	297.407	9.73929e-09	1.57201e-09	0	41	25865961	25865961
9.20923	12.396779	25	-58.6672	12.5755	86466768	4.4284668	0	0	0	297.34449	12.398537	9.746952e-09	1.574145e-09	-1790.667	7.7091023e+08	1.1545166e+09	4.4361322	94.395846	0.24860768	34217	330	422	22417	470	572	15	0	0	16.997457	0	9.2079425	0	0	0	0	0	0	297.846	-5.22782e-13	297.36	9.74648e-09	1.57201e-09	0	35	25860036	25860036
9.21218	12.392739	25	-58.6672	12.5753	86466775	4.4801688	0	0	0	297.29355	12.396037	9.696347e-09	1.574145e-09	-1790.667	7.7091023e+08	1.1550924e+09	4.4922605	94.568051	0.24401728	33914	337	383	22417	457	578	12	0	0	16.997457	0	9.2097705	0	0	0	0	0	0	297.846	-5.22782e-13	297.309	9.71298e-09	1.57201e-09	0	43	25721814	25721814
9.21515	12.388679	25	-58.6672	12.5751	86466782	4.5322	0	0	0	297.24199	12.391037	9.719649e-09	1.574145e-09	-1790.667	7.7091023e+08	1.1556725e+09	4.5401498	94.562111	0.24688832	34085	387	500	22453	461	566	18	0	0	16.997457	0	9.2134286	0	0	0	0	0	0	297.846	-5.22782e-13	297.257	9.72001e-09	1.57201e-09	0	43	25779640	25779640
9.21815	12.384594	25	-58.6672	12.5749	86466789	4.5845612	0	0	0	297.19192	12.386037	9.750078e-09	1.574145e-09	-1790.667	7.7091023e+08	1.1562591e+09	4.5960957	94.533649	0.25123872	34018	390	448	21597	468	581	16	0	0	16.997457	0	9.2170898	0	0	0	0	0	0	297.846	-5.22782e-13	297.206	9.72578e-09	1.57201e-09	0	31	25856314	25856314
9.22116	12.380484	25	-58.6672	12.5747	86466796	4.637252	0	0	0	297.13996	12.383537	9.81683e-09	1.574145e-09	-1790.667	7.7091023e+08	1.156848e+09	4.6456291	94.501347	0.25544704	34343	377	470	22292	494	604	21	0	0	16.997457	0	9.2189214	0	0	0	0	0	0	297.846	-5.22782e-13	297.159	9.79999e-09	1.57201e-09	0	41	26029267	26029267
9.22419	12.376354	25	-58.6672	12.5745	86466803	4.690272	0	0	0	297.09145	12.378537	9.881656e-09	1.574145e-09	-1790.667	7.7091023e+08	1.1574414e+09	4.6999171	94.391949	0.26357376	35376	465	536	22577	450	568	14	0	0	16.997457	0	9.222587	0	0	0	0	0	0	297.846	-5.22782e-13	297.106	9.86411e-09	1.57201e-09	0	48	26197040	26197040
9.22724	12.372199	25	-58.6672	12.5743	86466810	4.743622	0	0	0	297.04093	12.373537	9.896642e-09	1.574145e-09	-1790.667	7.7091023e+08	1.1580392e+09	4.7558886	94.419664	0.26539456	36645	413	503	23487	506	636	18	0	0	16.997457	0	9.2262556	0	0	0	0	0	0	297.846	-5.22782e-13	297.055	9.91436e-09	1.57201e-09	0	52	26232631	26232631
9.2303	12.368024	25	-58.6672	12.5741	86466817	4.797302	0	0	0	296.9871	12.371037	1.005624e-08	1.574145e-09	-1790.667	7.7091023e+08	1.1586395e+09	4.803912	94.362748	0.27080864	37323	422	520	24356	589	720	19	0	0	16.997457	0	9.228091	0	0	0	0	0	0	297.846	-5.22782e-13	297.003	1.00652e-08	1.57201e-09	0	53	26651461	26651461
9.23339	12.363824	25	-58.6672	12.5739	86466824	4.8513112	0	0	0	296.93756	12.366037	1.015374e-08	1.574145e-09	-1790.667	7.7091023e+08	1.1592462e+09	4.8598835	94.299551	0.2770352	37985	435	461	24674	485	602	26	0	0	16.997457	0	9.2317641	0	0	0	0	0	0	297.846	-5.22782e-13	296.952	1.014e-08	1.57201e-09	0	36	26905576	26905576
9.2365	12.359599	25	-58.6672	12.5736	86466832	4.9056504	0	0	0	296.8801	12.361037	1.024225e-08	1.574145e-09	-1790.667	7.7091023e+08	1.1598573e+09	4.9161792	94.296794	0.28037984	37941	433	481	24871	464	593	9	0	0	16.997457	0	9.2354402	0	0	0	0	0	0	297.846	-5.22782e-13	296.902	1.02257e-08	1.57201e-09	0	31	27135771	27135771
9.23962	12.355354	25	-58.6672	12.5734	86466839	4.9603188	0	0	0	296.82854	12.358537	1.029943e-08	1.574145e-09	-1790.667	7.7091023e+08	1.1604709e+09	4.972097	94.178237	0.28946368	40108	430	457	26992	559	695	17	0	0	16.997457	0	9.2372793	0	0	0	0	0	0	297.846	-5.22782e-13	296.843	1.03008e-08	1.57201e-09	0	42	27282894	27282894
9.24276	12.351084	25	-58.6672	12.5732	86466846	5.0153172	0	0	0	296.77796	12.353537	1.035735e-08	1.574145e-09	-1790.667	7.7091023e+08	1.1610889e+09	5.0199696	94.174766	0.29242496	39498	422	448	26578	530	666	14	0	0	16.997457	0	9.2409599	0	0	0	0	0	0	297.846	-5.22782e-13	296.793	1.03472e-08	1.57201e-09	0	45	27431909	27431909
9.24593	12.346794	25	-58.6672	12.573	86466854	5.0706452	0	0	0	296.71344	12.348537	1.040621e-08	1.574145e-09	-1790.667	7.7091023e+08	1.1617135e+09	5.0761834	93.954469	0.30688224	42089	436	479	28472	597	729	24	0	0	16.997457	0	9.2446435	0	0	0	0	0	0	297.846	-5.22782e-13	296.738	1.03762e-08	1.57201e-09	0	45	27556850	27556850
9.24911	12.342484	25	-58.6672	12.5728	86466862	5.1263028	0	0	0	296.6606	12.346037	1.041955e-08	1.574145e-09	-1790.667	7.7091023e+08	1.1623405e+09	5.1320608	94.176599	0.29886048	39644	442	520	25654	517	626	16	0	0	16.997457	0	9.2464864	0	0	0	0	0	0	297.846	-5.22782e-13	296.675	1.04215e-08	1.57201e-09	0	44	27587698	27587698
9.25231	12.338149	25	-58.6672	12.5726	86466870	5.18229	0	0	0	296.60495	12.341037	1.042487e-08	1.574145e-09	-1790.667	7.7091023e+08	1.162972e+09	5.1880822	94.13399	0.30433344	41364	426	498	27587	639	777	29	0	0	16.997457	0	9.2501745	0	0	0	0	0	0	297.846	-5.22782e-13	296.625	1.04276e-08	1.57201e-09	0	48	27597285	27597285
9.25553	12.333789	25	-58.6672	12.5724	86466877	5.2386072	0	0	0	296.55369	12.336037	1.045093e-08	1.574145e-09	-1790.667	7.7091023e+08	1.163608e+09	5.2438902	94.160836	0.30619936	41588	484	543	27189	564	692	23	0	0	16.997457	0	9.2538656	0	0	0	0	0	0	297.846	-5.22782e-13	296.567	1.04634e-08	1.57201e-09	0	50	27661744	27661744
9.25876	12.329409	25	-58.6672	12.5722	86466885	5.2952536	0	0	0	296.49348	12.331037	1.0495e-08	1.574145e-09	-1790.667	7.7091023e+08	1.1642466e+09	5.3001187	94.091501	0.31315744	41391	520	637	26459	499	615	22	0	0	16.997457	0	9.2575597	0	0	0	0	0	0	297.846	-5.22782e-13	296.513	1.04917e-08	1.57201e-09	0	58	27773838	27773838
9.26202	12.325004	25	-58.6672	12.572	86466893	5.35223	0	0	0	298.05477	12.328537	1.05282e-08	1.574145e-09	-1790.667	7.7091023e+08	1.1648917e+09	5.3638016	94.114503	0.3156864	42695	452	573	27719	547	686	28	0	0	16.997457	0	9.2594079	0	0	0	0	0	0	297.846	-5.22782e-13	297.264	1.04776e-08	1.57201e-09	0	51	27857099	27857099
9.26529	12.320579	25	-58.6672	12.5717	86466901	5.409536	0	0	0	297.99585	12.323537	1.051912e-08	1.574145e-09	-1790.667	7.7091023e+08	1.1655393e+09	5.4198134	94.307317	0.3085328	42123	458	555	27583	551	728	25	0	0	16.997457	0	9.2631065	0	0	0	0	0	0	297.846	-5.22782e-13	298.019	1.05387e-08	1.57201e-09	0	46	27828475	27828475
9.26859	12.316134	25	-58.6672	12.5715	86466909	5.4671716	0	0	0	297.93874	12.318537	1.055466e-08	1.574145e-09	-1790.667	7.7091023e+08	1.1661935e+09	5.4758522	94.280132	0.31321152	42627	437	503	28703	531	673	26	0	0	16.997457	0	9.2668082	0	0	0	0	0	0	297.846	-5.22782e-13	297.96	1.05373e-08	1.57201e-09	0	55	27917850	27917850
9.2719	12.311664	25	-58.6672	12.5713	86466917	5.5251368	0	0	0	297.88187	12.313537	1.053967e-08	1.574145e-09	-1790.667	7.7091023e+08	1.1668502e+09	5.5339955	94.272331	0.31696896	43572	440	512	29245	601	746	29	0	0	16.997457	0	9.2705129	0	0	0	0	0	0	297.846	-5.22782e-13	297.903	1.05364e-08	1.57201e-09	0	63	27873556	27873556
9.27523	12.307174	25	-58.6672	12.5711	86466925	5.5834316	0	0	0	297.82367	12.308537	1.043628e-08	1.574145e-09	-1790.667	7.7091023e+08	1.1675115e+09	5.5880838	94.076275	0.33102272	44520	479	574	29563	633	759	30	0	0	16.997457	0	9.2742207	0	0	0	0	0	0	297.846	-5.22782e-13	297.845	1.04375e-08	1.57201e-09	0	49	27595512	27595512
9.27858	12.302659	25	-58.6672	12.5709	86466933	5.6420564	0	0	0	297.76518	12.306037	1.057038e-08	1.574145e-09	-1790.667	7.7091023e+08	1.1681774e+09	5.651807	94.274924	0.32357024	44537	457	544	29625	618	775	20	0	0	16.997457	0	9.2760757	0	0	0	0	0	0	297.846	-5.22782e-13	297.788	1.05547e-08	1.57201e-09	0	55	27945405	27945405
9.28195	12.298124	25	-58.6672	12.5706	86466941	5.7010104	0	0	0	297.7076	12.301037	1.058768e-08	1.574145e-09	-1790.667	7.7091023e+08	1.1688478e+09	5.7079738	94.275517	0.326752	44573	481	512	29670	658	783	27	0	0	16.997457	0	9.279788	0	0	0	0	0	0	297.846	-5.22782e-13	297.725	1.05713e-08	1.57201e-09	0	46	27986424	27986424
9.28534	12.293569	25	-58.6672	12.5704	86466949	5.7602944	0	0	0	297.64901	12.296037	1.058512e-08	1.574145e-09	-1790.667	7.7091023e+08	1.1695229e+09	5.7718982	94.264198	0.33106464	44669	519	590	28602	592	722	32	0	0	16.997457	0	9.2835033	0	0	0	0	0	0	297.846	-5.22782e-13	297.667	1.05802e-08	1.57201e-09	0	54	27974924	27974924
9.28875	12.288989	25	-58.6672	12.5702	86466957	5.819908	0	0	0	297.59278	12.291037	1.058719e-08	1.574145e-09	-1790.667	7.7091023e+08	1.1702026e+09	5.8279818	94.287153	0.33294368	45418	509	574	29878	626	775	31	0	0	16.997457	0	9.2872217	0	0	0	0	0	0	297.846	-5.22782e-13	297.61	1.06071e-08	1.57201e-09	0	52	27975642	27975642
9.29217	12.284384	25	-58.6672	12.57	86466966	5.8798512	0	0	0	297.52846	12.286037	1.058109e-08	1.574145e-09	-1790.667	7.7091023e+08	1.1708848e+09	5.8921302	94.279171	0.33707872	46258	473	606	30470	659	813	24	0	0	16.997457	0	9.2909432	0	0	0	0	0	0	297.846	-5.22782e-13	297.552	1.05722e-08	1.57201e-09	0	59	27954772	27954772
9.29562	12.279764	25	-58.6672	12.5698	86466976	5.940124	0	0	0	-0.11994548	12.281037	-3.090861e-13	1.574145e-09	-1790.667	7.7091023e+08	1.1715738e+09	5.9479219	88.859254	0.66264288	5430	45	77	3697	79	100	4	0	0	16.997457	0	9.2946676	0	0	0	0	0	0	297.846	-5.22782e-13	155.179	5.39498e-09	1.57201e-09	0	54	-816.4521	-816.4521
9.29908	12.275119	25	-58.6672	12.5695	86466985	6.0007268	0	0	0	-0.12195671	12.278537	-4.476419e-13	1.574145e-09	-1790.667	7.7091023e+08	1.1722653e+09	6.0118826	0.057534058	6.0084237	0	0	0	0	0	0	0	0	0	16.997457	0	9.296531	0	0	0	0	0	0	297.846	-5.22782e-13	-0.121897	-4.0649e-13	1.57201e-09	0	56	-1182.2453	-1182.2453
9.30256	12.270449	25	-58.6672	12.5693	86466993	6.0616588	0	0	0	-0.12215467	12.273537	-3.943512e-13	1.574145e-09	-1790.667	7.7091023e+08	1.1729615e+09	6.0677907	0.060157645	6.0641405	0	0	0	0	0	0	0	0	0	16.997457	0	9.3002601	0	0	0	0	0	0	297.846	-5.22782e-13	-0.12257	-4.3753e-13	1.57201e-09	0	55	-1041.3229	-1041.3229
9.30606	12.265764	25	-58.6672	12.5691	86467002	6.1229208	0	0	0	-0.12088155	12.268635	-4.618528e-13	1.574145e-09	-1790.667	7.7091023e+08	1.1736624e+09	6.1320224	0.061202647	6.1282694	0	0	0	0	0	0	0	0	0	16.997457	0	9.3039193	0	0	0	0	0	0	297.846	-5.22782e-13	-0.12139	-5.32634e-13	1.57201e-09	0	60	-1219.3572	-1219.3572
9.30958	12.261054	25	-58.6672	12.5688	86467010	6.1845124	0	0	0	-0.12318862	12.263635	-4.583001e-13	1.574145e-09	-1790.667	7.7091023e+08	1.174368e+09	6.1959427	0.065141984	6.1919066	0	0	0	0	0	0	0	0	0	16.997457	0	9.3076545	0	0	0	0	0	0	297.846	-5.22782e-13	-0.12262	-5.12775e-13	1.57201e-09	0	63	-1209.7682	-1209.7682
9.31312	12.256324	25	-58.6672	12.5686	86467019	6.2464336	0	0	0	-0.12318199	12.258635	-4.618528e-13	1.574145e-09	-1790.667	7.7091023e+08	1.1750782e+09	6.2522589	0.069975349	6.2478838	0	0	0	0	0	0	0	0	0	16.997457	0	9.3113927	0	0	0	0	0	0	297.846	-5.22782e-13	-0.12355	-5.20769e-13	1.57201e-09	0	57	-1218.9345	-1218.9345
9.31668	12.251569	25	-58.6672	12.5684	86467028	6.3086844	0	0	0	-0.12286923	12.253635	-4.760636e-13	1.574145e-09	-1790.667	7.7091023e+08	1.1757931e+09	6.3162205	0.054959449	6.3127491	0	0	0	0	0	0	0	0	0	16.997457	0	9.315134	0	0	0	0	0	0	297.846	-5.22782e-13	-0.122842	-5.1733e-13	1.57201e-09	0	58	-1256.2212	-1256.2212
9.32026	12.246794	25	-58.6672	12.5682	86467037	6.3712648	0	0	0	-0.12540958	12.248635	-3.872458e-13	1.574145e-09	-1790.667	7.7091023e+08	1.1765128e+09	6.3800902	0.055261914	6.3765645	0	0	0	0	0	0	0	0	0	16.997457	0	9.3188784	0	0	0	0	0	0	297.846	-5.22782e-13	-0.123941	-5.43565e-13	1.57201e-09	0	61	-1021.673	-1021.673
9.32385	12.241999	25	-58.6672	12.5679	86467046	6.4341748	0	0	0	-0.12419607	12.243635	-6.181722e-13	1.574145e-09	-1790.667	7.7091023e+08	1.1772351e+09	6.4440435	0.061620937	6.4400726	0	0	0	0	0	0	0	0	0	16.997457	0	9.3226259	0	0	0	0	0	0	297.846	-5.22782e-13	-0.123861	-5.63242e-13	1.57201e-09	0	58	-1630.6424	-1630.6424
9.32747	12.237184	25	-58.6672	12.5677	86467055	6.4974148	0	0	0	-0.12310987	12.238635	-4.796163e-13	1.574145e-09	-1790.667	7.7091023e+08	1.1779642e+09	6.5078531	0.067025483	6.5034912	0	0	0	0	0	0	0	0	0	16.997457	0	9.3263764	0	0	0	0	0	0	297.846	-5.22782e-13	-0.123648	-5.19516e-13	1.57201e-09	0	78	-1264.9308	-1264.9308
9.3311	12.232344	25	-58.6672	12.5675	86467064	6.5609844	0	0	0	-0.12585407	12.236135	-5.186962e-13	1.574145e-09	-1790.667	7.7091023e+08	1.178696e+09	6.5720435	0.059972823	6.5681021	0	0	0	0	0	0	0	0	0	16.997457	0	9.3282529	0	0	0	0	0	0	297.846	-5.22782e-13	-0.124555	-5.13367e-13	1.57201e-09	0	54	-1367.7586	-1367.7586
9.33475	12.227484	25	-58.6672	12.5672	86467073	6.6248836	0	0	0	-0.12485912	12.231135	-4.511946e-13	1.574145e-09	-1790.667	7.7091023e+08	1.1794325e+09	6.6360896	0.059143264	6.6321648	0	0	0	0	0	0	0	0	0	16.997457	0	9.332008	0	0	0	0	0	0	297.846	-5.22782e-13	-0.125414	-5.23264e-13	1.57201e-09	0	49	-1189.5525	-1189.5525
9.33842	12.222604	25	-58.6672	12.567	86467082	6.6891124	0	0	0	-0.12432706	12.226135	-4.689582e-13	1.574145e-09	-1790.667	7.7091023e+08	1.1801739e+09	6.6998896	0.069388606	6.6952406	0	0	0	0	0	0	0	0	0	16.997457	0	9.3357663	0	0	0	0	0	0	297.846	-5.22782e-13	-0.124346	-5.47118e-13	1.57201e-09	0	67	-1236.1664	-1236.1664
9.34211	12.217704	25	-58.6672	12.5667	86467098	6.7536708	0	0	0	-0.12441537	12.221135	-5.044853e-13	1.574145e-09	-1790.667	7.7091023e+08	1.18092e+09	6.7641613	0.14549624	6.7543197	0	0	0	0	0	0	0	0	0	16.997457	0	9.3395277	0	0	0	0	0	0	297.846	-5.22782e-13	-0.125131	-5.00679e-13	1.57201e-09	0	57	-1329.579	-1329.579
9.34582	12.212779	25	-58.6672	12.5665	86467107	6.8185588	0	0	0	-0.12510124	12.216135	-6.465939e-13	1.574145e-09	-1790.667	7.7091023e+08	1.1816708e+09	6.828279	0.081332353	6.8227254	0	0	0	0	0	0	0	0	0	16.997457	0	9.3432922	0	0	0	0	0	0	297.846	-5.22782e-13	-0.124558	-5.72533e-13	1.57201e-09	0	63	-1703.8048	-1703.8048
9.34955	12.207834	25	-58.6672	12.5663	86467117	6.8837768	0	0	0	-0.12665915	12.211135	-5.222489e-13	1.574145e-09	-1790.667	7.7091023e+08	1.1824265e+09	6.8921568	0.065414646	6.8876483	0	0	0	0	0	0	0	0	0	16.997457	0	9.3470598	0	0	0	0	0	0	297.846	-5.22782e-13	-0.124222	-5.56507e-13	1.57201e-09	0	64	-1375.904	-1375.904
9.35329	12.202874	25	-58.6672	12.566	86467126	6.949324	0	0	0	-0.12365371	12.206135	-5.222489e-13	1.574145e-09	-1790.667	7.7091023e+08	1.183185e+09	6.9558336	0.069098835	6.9510272	0	0	0	0	0	0	0	0	0	16.997457	0	9.3508305	0	0	0	0	0	0	297.846	-5.22782e-13	-0.12445	-5.2098e-13	1.57201e-09	0	66	-1375.6581	-1375.6581
9.35706	12.197884	25	-58.6672	12.5658	86467135	7.0152012	0	0	0	-0.12407833	12.201135	-5.719869e-13	1.574145e-09	-1790.667	7.7091023e+08	1.1839503e+09	7.0202061	0.067713112	7.0154525	0	0	0	0	0	0	0	0	0	16.997457	0	9.3546043	0	0	0	0	0	0	297.846	-5.22782e-13	-0.124201	-5.38646e-13	1.57201e-09	0	71	-1506.4023	-1506.4023
9.36084	12.192879	25	-58.6672	12.5655	86467145	7.081408	0	0	0	-0.125701	12.196135	-5.471179e-13	1.574145e-09	-1790.667	7.7091023e+08	1.1847184e+09	7.0920304	0.071092758	7.0869885	0	0	0	0	0	0	0	0	0	16.997457	0	9.3583812	0	0	0	0	0	0	297.846	-5.22782e-13	-0.1244	-5.25548e-13	1.57201e-09	0	70	-1440.6475	-1440.6475
9.36464	12.187854	25	-58.6672	12.5653	86467159	7.1479444	0	0	0	-0.12351977	12.191135	-6.963319e-13	1.574145e-09	-1790.667	7.7091023e+08	1.1854914e+09	7.156065	0.12303969	7.1472602	0	0	0	0	0	0	0	0	0	16.997457	0	9.3621613	0	0	0	0	0	0	297.846	-5.22782e-13	-0.124246	-5.13875e-13	1.57201e-09	0	56	-1833.2208	-1833.2208
9.36846	12.182804	25	-58.6672	12.5651	86467168	7.2148104	0	0	0	-0.12509976	12.186135	-4.369838e-13	1.574145e-09	-1790.667	7.7091023e+08	1.1862692e+09	7.2202822	0.065065601	7.2155843	0	0	0	0	0	0	0	0	0	16.997457	0	9.3659445	0	0	0	0	0	0	297.846	-5.22782e-13	-0.123901	-5.71276e-13	1.57201e-09	0	54	-1150.2316	-1150.2316
9.3723	12.177739	25	-58.6672	12.5648	86467178	7.2820064	0	0	0	-0.12532348	12.181135	-6.181722e-13	1.574145e-09	-1790.667	7.7091023e+08	1.1870518e+09	7.2921213	0.064464095	7.2874205	0	0	0	0	0	0	0	0	0	16.997457	0	9.3697308	0	0	0	0	0	0	297.846	-5.22782e-13	-0.12467	-5.66539e-13	1.57201e-09	0	72	-1626.862	-1626.862
9.37616	12.172649	25	-58.6672	12.5646	86467188	7.3495316	0	0	0	-0.12588498	12.176135	-6.714629e-13	1.574145e-09	-1790.667	7.7091023e+08	1.1878394e+09	7.3560003	0.065792276	7.3511606	0	0	0	0	0	0	0	0	0	16.997457	0	9.3735202	0	0	0	0	0	0	297.846	-5.22782e-13	-0.125815	-5.78077e-13	1.57201e-09	0	73	-1766.7875	-1766.7875
9.38004	12.167539	25	-58.6672	12.5643	86467198	7.4173868	0	0	0	-0.124996	12.171135	-6.714629e-13	1.574145e-09	-1790.667	7.7091023e+08	1.1886319e+09	7.428121	0.067354854	7.4231178	0	0	0	0	0	0	0	0	0	16.997457	0	9.3773128	0	0	0	0	0	0	297.846	-5.22782e-13	-0.125291	-5.29828e-13	1.57201e-09	0	63	-1766.4655	-1766.4655
9.38394	12.162409	25	-58.6672	12.5641	86467208	7.4855716	0	0	0	-0.12401945	12.166135	-5.542233e-13	1.574145e-09	-1790.667	7.7091023e+08	1.1894292e+09	7.4918464	0.07429517	7.4862803	0	0	0	0	0	0	0	0	0	16.997457	0	9.3811085	0	0	0	0	0	0	297.846	-5.22782e-13	-0.12514	-5.25802e-13	1.57201e-09	0	77	-1457.7685	-1457.7685
9.38785	12.157259	25	-58.6672	12.5638	86467219	7.554086	0	0	0	-0.12487752	12.158635	-5.790923e-13	1.574145e-09	-1790.667	7.7091023e+08	1.1902294e+09	7.5642195	0.089571171	7.5574442	0	0	0	0	0	0	0	0	0	16.997457	0	9.386808	0	0	0	0	0	0	297.846	-5.22782e-13	-0.125712	-5.4845e-13	1.57201e-09	0	69	-1522.903	-1522.903
9.39179	12.152089	25	-58.6672	12.5636	86467229	7.62293	0	0	0	-0.12750912	12.153635	-5.151435e-13	1.574145e-09	-1790.667	7.7091023e+08	1.1910366e+09	7.627879	0.074455297	7.6221997	0	0	0	0	0	0	0	0	0	16.997457	0	9.3906116	0	0	0	0	0	0	297.846	-5.22782e-13	-0.126663	-5.24854e-13	1.57201e-09	0	74	-1354.481	-1354.481
9.39574	12.146894	25	-58.6672	12.5633	86467240	7.6921036	0	0	0	-0.12654729	12.148635	-4.902745e-13	1.574145e-09	-1790.667	7.7091023e+08	1.1918467e+09	7.7002547	0.063461797	7.695368	0	0	0	0	0	0	0	0	0	16.997457	0	9.3944184	0	0	0	0	0	0	297.846	-5.22782e-13	-0.125426	-5.20695e-13	1.57201e-09	0	70	-1288.8556	-1288.8556
9.39971	12.141684	25	-58.6672	12.5631	86467250	7.7616068	0	0	0	-0.12664811	12.143635	-5.186962e-13	1.574145e-09	-1790.667	7.7091023e+08	1.1926618e+09	7.7722694	0.085757192	7.7656042	0	0	0	0	0	0	0	0	0	16.997457	0	9.3982283	0	0	0	0	0	0	297.846	-5.22782e-13	-0.126409	-5.66303e-13	1.57201e-09	0	67	-1363.3209	-1363.3209
9.40371	12.136454	25	-58.6672	12.5628	86467260	7.83144	0	0	0	-0.1267114	12.138635	-5.542233e-13	1.574145e-09	-1790.667	7.7091023e+08	1.1934838e+09	7.8360202	0.071007474	7.830456	0	0	0	0	0	0	0	0	0	16.997457	0	9.4020414	0	0	0	0	0	0	297.846	-5.22782e-13	-0.127089	-5.08512e-13	1.57201e-09	0	80	-1456.4296	-1456.4296
9.40771	12.131204	25	-58.6672	12.5626	86467271	7.9016028	0	0	0	-0.12632652	12.133635	-6.679102e-13	1.574145e-09	-1790.667	7.7091023e+08	1.1943068e+09	7.9080451	0.065148844	7.9028931	0	0	0	0	0	0	0	0	0	16.997457	0	9.4058576	0	0	0	0	0	0	297.846	-5.22782e-13	-0.125562	-5.66521e-13	1.57201e-09	0	69	-1754.8608	-1754.8608
9.41174	12.125929	25	-58.6672	12.5623	86467281	7.9720952	0	0	0	-0.12661794	12.128635	-6.146195e-13	1.574145e-09	-1790.667	7.7091023e+08	1.1951367e+09	7.980385	0.083933796	7.9736867	0	0	0	0	0	0	0	0	0	16.997457	0	9.409677	0	0	0	0	0	0	297.846	-5.22782e-13	-0.125787	-5.68434e-13	1.57201e-09	0	77	-1614.5461	-1614.5461
9.41579	12.120639	25	-58.6672	12.5621	86467292	8.0429172	0	0	0	-0.12666356	12.123635	-4.689582e-13	1.574145e-09	-1790.667	7.7091023e+08	1.1959717e+09	8.0518816	0.086026104	8.0449549	0	0	0	0	0	0	0	0	0	16.997457	0	9.4134996	0	0	0	0	0	0	297.846	-5.22782e-13	-0.126686	-5.60885e-13	1.57201e-09	0	76	-1231.6792	-1231.6792
9.41986	12.115329	25	-58.6672	12.5618	86467303	8.1140688	0	0	0	-0.12677027	12.118635	-5.329071e-13	1.574145e-09	-1790.667	7.7091023e+08	1.1968117e+09	8.1239062	0.088985764	8.1166771	0	0	0	0	0	0	0	0	0	16.997457	0	9.4173254	0	0	0	0	0	0	297.846	-5.22782e-13	-0.126941	-5.12845e-13	1.57201e-09	0	77	-1399.3751	-1399.3751
9.42394	12.109994	25	-58.6672	12.5616	86467313	8.18555	0	0	0	-0.12739064	12.113635	-5.790923e-13	1.574145e-09	-1790.667	7.7091023e+08	1.1976547e+09	8.195848	0.080583242	8.1892435	0	0	0	0	0	0	0	0	0	16.997457	0	9.4211543	0	0	0	0	0	0	297.846	-5.22782e-13	-0.127259	-5.70315e-13	1.57201e-09	0	77	-1520.3711	-1520.3711
9.42805	12.104644	25	-58.6672	12.5613	86467324	8.2573612	0	0	0	-0.12572455	12.106135	-5.684342e-13	1.574145e-09	-1790.667	7.7091023e+08	1.1985047e+09	8.267791	0.081550198	8.2610486	0	0	0	0	0	0	0	0	0	16.997457	0	9.4269037	0	0	0	0	0	0	297.846	-5.22782e-13	-0.126766	-5.26429e-13	1.57201e-09	0	67	-1492.11	-1492.11
9.43217	12.099274	25	-58.6672	12.561	86467341	8.3295016	0	0	0	-0.12723463	12.101135	-6.07514e-13	1.574145e-09	-1790.667	7.7091023e+08	1.1993578e+09	8.3402336	0.13359818	8.3290912	0	0	0	0	0	0	0	0	0	16.997457	0	9.4307407	0	0	0	0	0	0	297.846	-5.22782e-13	-0.12778	-5.36904e-13	1.57201e-09	0	72	-1594.3945	-1594.3945
9.43631	12.093884	25	-58.6672	12.5608	86467352	8.401972	0	0	0	-0.12665915	12.096135	-5.044853e-13	1.574145e-09	-1790.667	7.7091023e+08	1.2002159e+09	8.412207	0.080755026	8.4054138	0	0	0	0	0	0	0	0	0	16.997457	0	9.4345808	0	0	0	0	0	0	297.846	-5.22782e-13	-0.127394	-5.61526e-13	1.57201e-09	0	75	-1323.7523	-1323.7523
9.44047	12.088474	25	-58.6672	12.5605	86467363	8.474772	0	0	0	-0.12700576	12.091135	-4.440892e-13	1.574145e-09	-1790.667	7.7091023e+08	1.2010791e+09	8.4838906	0.078469659	8.4772333	0	0	0	0	0	0	0	0	0	16.997457	0	9.4384241	0	0	0	0	0	0	297.846	-5.22782e-13	-0.126884	-5.65926e-13	1.57201e-09	0	87	-1165.0564	-1165.0564
9.44465	12.083044	25	-58.6672	12.5603	86467374	8.5479016	0	0	0	-0.12634565	12.086135	-5.968559e-13	1.574145e-09	-1790.667	7.7091023e+08	1.2019474e+09	8.5559635	0.07855667	8.5492422	0	0	0	0	0	0	0	0	0	16.997457	0	9.4422706	0	0	0	0	0	0	297.846	-5.22782e-13	-0.127428	-5.41123e-13	1.57201e-09	0	75	-1565.5416	-1565.5416
9.44885	12.077594	25	-58.6672	12.56	86467385	8.6213608	0	0	0	-0.12920906	12.081135	-4.760636e-13	1.574145e-09	-1790.667	7.7091023e+08	1.2028208e+09	8.6277651	0.084946216	8.6204362	0	0	0	0	0	0	0	0	0	16.997457	0	9.4461204	0	0	0	0	0	0	297.846	-5.22782e-13	-0.127595	-5.11813e-13	1.57201e-09	0	83	-1248.4706	-1248.4706
9.45307	12.072124	25	-58.6672	12.5598	86467401	8.69515	0	0	0	-0.12780863	12.073635	-5.506706e-13	1.574145e-09	-1790.667	7.7091023e+08	1.2036993e+09	8.7002189	0.15616711	8.686632	0	0	0	0	0	0	0	0	0	16.997457	0	9.451901	0	0	0	0	0	0	297.846	-5.22782e-13	-0.128708	-5.65276e-13	1.57201e-09	0	97	-1443.8541	-1443.8541
9.4573	12.066634	25	-58.6672	12.5595	86467413	8.7692684	0	0	0	-0.12863947	12.068635	-5.435652e-13	1.574145e-09	-1790.667	7.7091023e+08	1.2045809e+09	8.7802474	0.084352977	8.772841	0	0	0	0	0	0	0	0	0	16.997457	0	9.4557588	0	0	0	0	0	0	297.846	-5.22782e-13	-0.128501	-5.37249e-13	1.57201e-09	0	88	-1424.9551	-1424.9551
9.46156	12.061129	25	-58.6672	12.5592	86467424	8.8437168	0	0	0	-0.12919582	12.063635	-5.151435e-13	1.574145e-09	-1790.667	7.7091023e+08	1.2054697e+09	8.8519872	0.079031294	8.8449914	0	0	0	0	0	0	0	0	0	16.997457	0	9.4596198	0	0	0	0	0	0	297.846	-5.22782e-13	-0.128598	-5.44749e-13	1.57201e-09	0	77	-1350.1921	-1350.1921
9.46583	12.055599	25	-58.6672	12.559	86467436	8.9184948	0	0	0	-0.12971684	12.058635	-4.902745e-13	1.574145e-09	-1790.667	7.7091023e+08	1.2063615e+09	8.9238675	0.062961042	8.918249	0	0	0	0	0	0	0	0	0	16.997457	0	9.463484	0	0	0	0	0	0	297.846	-5.22782e-13	-0.128857	-5.38236e-13	1.57201e-09	0	82	-1284.7673	-1284.7673
9.47012	12.050054	25	-58.6672	12.5587	86467447	8.9936024	0	0	0	-0.12927088	12.053635	-5.080381e-13	1.574145e-09	-1790.667	7.7091023e+08	1.2072586e+09	9.0037165	0.078683953	8.996632	0	0	0	0	0	0	0	0	0	16.997457	0	9.4673514	0	0	0	0	0	0	297.846	-5.22782e-13	-0.12917	-5.35473e-13	1.57201e-09	0	87	-1331.0647	-1331.0647
9.47443	12.044489	25	-58.6672	12.5584	86467462	9.0690396	0	0	0	-0.12847978	12.046135	-6.252776e-13	1.574145e-09	-1790.667	7.7091023e+08	1.2081608e+09	9.0760896	0.11900808	9.0652883	0	0	0	0	0	0	0	0	0	16.997457	0	9.4731587	0	0	0	0	0	0	297.846	-5.22782e-13	-0.128143	-5.27183e-13	1.57201e-09	0	91	-1637.9225	-1637.9225
9.47876	12.038904	25	-58.6672	12.5582	86467474	9.1448064	0	0	0	-0.13000973	12.041135	-5.613288e-13	1.574145e-09	-1790.667	7.7091023e+08	1.2090682e+09	9.155825	0.074073937	9.1490429	0	0	0	0	0	0	0	0	0	16.997457	0	9.4770342	0	0	0	0	0	0	297.846	-5.22782e-13	-0.12886	-5.59272e-13	1.57201e-09	0	90	-1470.1283	-1470.1283
9.48311	12.033299	25	-58.6672	12.5579	86467486	9.2209032	0	0	0	-0.13003328	12.036135	-4.831691e-13	1.574145e-09	-1790.667	7.7091023e+08	1.2099808e+09	9.228089	0.087101024	9.2200512	0	0	0	0	0	0	0	0	0	16.997457	0	9.480913	0	0	0	0	0	0	297.846	-5.22782e-13	-0.128987	-5.66263e-13	1.57201e-09	0	97	-1265.1861	-1265.1861
9.48748	12.027679	25	-58.6672	12.5576	86467497	9.2973292	0	0	0	-0.13018487	12.031135	-6.110668e-13	1.574145e-09	-1790.667	7.7091023e+08	1.2108987e+09	9.3079418	0.077889615	9.3006918	0	0	0	0	0	0	0	0	0	16.997457	0	9.4847951	0	0	0	0	0	0	297.846	-5.22782e-13	-0.130877	-5.35712e-13	1.57201e-09	0	85	-1599.7832	-1599.7832
9.49187	12.022034	25	-58.6672	12.5574	86467509	9.3740852	0	0	0	-0.13132038	12.023635	-4.760636e-13	1.574145e-09	-1790.667	7.7091023e+08	1.2118218e+09	9.3800438	0.089285723	9.3716688	0	0	0	0	0	0	0	0	0	16.997457	0	9.4906242	0	0	0	0	0	0	297.846	-5.22782e-13	-0.131171	-5.53662e-13	1.57201e-09	0	87	-1246.1046	-1246.1046
9.49627	12.016374	25	-58.6672	12.5571	86467523	9.4511708	0	0	0	-0.13062936	12.018635	-6.288303e-13	1.574145e-09	-1790.667	7.7091023e+08	1.212748e+09	9.4599638	0.087039656	9.4517299	0	0	0	0	0	0	0	0	0	16.997457	0	9.4945144	0	0	0	0	0	0	297.846	-5.22782e-13	-0.130128	-5.46744e-13	1.57201e-09	0	101	-1645.6601	-1645.6601
9.5007	12.010699	25	-58.6672	12.5568	86467535	9.528586	0	0	0	-0.12963442	12.013635	-6.004086e-13	1.574145e-09	-1790.667	7.7091023e+08	1.2136816e+09	9.5400685	0.079425845	9.5324912	0	0	0	0	0	0	0	0	0	16.997457	0	9.4984078	0	0	0	0	0	0	297.846	-5.22782e-13	-0.130119	-6.1383e-13	1.57201e-09	0	82	-1570.9792	-1570.9792
9.50514	12.004999	25	-58.6672	12.5566	86467547	9.6063308	0	0	0	-0.13072356	12.006135	-5.329071e-13	1.574145e-09	-1790.667	7.7091023e+08	1.2146184e+09	9.6120166	0.091468839	9.6032246	0	0	0	0	0	0	0	0	0	16.997457	0	9.5042541	0	0	0	0	0	0	297.846	-5.22782e-13	-0.130163	-5.46931e-13	1.57201e-09	0	89	-1394.0938	-1394.0938
9.5096	11.999284	25	-58.6672	12.5563	86467559	9.6844056	0	0	0	-0.12914872	12.001135	-5.222489e-13	1.574145e-09	-1790.667	7.7091023e+08	1.2155605e+09	9.6918403	0.089563176	9.68316	0	0	0	0	0	0	0	0	0	16.997457	0	9.5081557	0	0	0	0	0	0	297.846	-5.22782e-13	-0.13018	-5.81402e-13	1.57201e-09	0	92	-1365.9501	-1365.9501
9.51408	11.993549	25	-58.6672	12.556	86467572	9.7628096	0	0	0	-0.13188629	11.996135	-6.004086e-13	1.574145e-09	-1790.667	7.7091023e+08	1.2165079e+09	9.772153	0.081131763	9.7642246	0	0	0	0	0	0	0	0	0	16.997457	0	9.5120606	0	0	0	0	0	0	297.846	-5.22782e-13	-0.130457	-5.59019e-13	1.57201e-09	0	96	-1570.0769	-1570.0769
9.51858	11.987794	25	-58.6672	12.5557	86467584	9.8415436	0	0	0	-0.1324132	11.991135	-5.861978e-13	1.574145e-09	-1790.667	7.7091023e+08	1.2174606e+09	9.8527386	0.087951182	9.844073	0	0	0	0	0	0	0	0	0	16.997457	0	9.5159688	0	0	0	0	0	0	297.846	-5.22782e-13	-0.131205	-5.55158e-13	1.57201e-09	0	83	-1532.6213	-1532.6213
9.5231	11.982019	25	-58.6672	12.5555	86467597	9.9206072	0	0	0	-0.13066248	11.983635	-4.511946e-13	1.574145e-09	-1790.667	7.7091023e+08	1.2184186e+09	9.932056	0.070127675	9.9250909	0	0	0	0	0	0	0	0	0	16.997457	0	9.5218372	0	0	0	0	0	0	297.846	-5.22782e-13	-0.131829	-5.54579e-13	1.57201e-09	0	82	-1179.4271	-1179.4271
9.52764	11.976229	25	-58.6672	12.5552	86467609	10	0	0	0	-0.13145873	11.978635	-4.902745e-13	1.574145e-09	-1790.667	7.7091023e+08	1.219382e+09	10.01227	0.08148082	10.004112	0	0	0	0	0	0	0	0	0	16.997457	0	9.5257536	0	0	0	0	0	0	297.846	-5.22782e-13	-0.131432	-5.37813e-13	1.57201e-09	0	97	-1281.3358	-1281.3358
