# Scan number: 37
# Command: ascan monoE 7.223 7.323 200 2
# Date: Sat Jul 27 18:20:07 2024
# date: Sat Jul 27 18:20:07 2024
monoE	monobr	cr2latr	cr2vetr	H	K	L	Epoch	sec	no1	no2	izero	RCur	enc_det	K1_1	K1_2	"Counter 8"	"Counter 9"	ionch1	mcaRt	mcaDt	mcaLt	mca	roi1	roi2	roi3	roi4	roi5	roi6	ctm	ctran	LST1	LST2	E_det	mcaLt1	mcaLt2	mcaLt3	mcaLt4	mcaLt5	mcaLt6	mcaLt7	mcaLt8	AS_RC	AS_DM	AS_IC	AS_IC1	cyber	diode1	diode1
7.223	15.885429	-45.668	12.8228	0	0	0	86667092	2	0	0	0	297.38673	15.888049	-2.131628e-13	1.470497e-09	-1790.667	7.7091023e+08	8.1611566e+08	2.012001	10.249363	1.8057837	8633	1038	768	11	664	442	31	0	0	16.997457	0	7.2218403	0	0	0	0	0	0	297.846	-5.22782e-13	297.391	-1.90662e-13	1.47184e-09	0	30	-664.97784	-664.97784
7.2235	15.884299	-45.6712	12.8227	0	0	0	86667095	2	0	0	0	297.36548	15.888049	-2.73559e-13	1.473659e-09	-1790.667	7.7091023e+08	8.1791162e+08	2.0119238	10.088032	1.8089603	8700	1052	831	6	669	446	23	0	0	16.997457	0	7.2218403	0	0	0	0	0	0	297.846	-5.22782e-13	297.368	-3.5083e-13	1.47222e-09	0	33	-853.34214	-853.34214
7.224	15.883174	-45.6743	12.8226	0	0	0	86667099	2	0	0	0	297.33419	15.888049	-1.278977e-13	1.470239e-09	-1790.667	7.7091023e+08	8.1605443e+08	2.0117933	9.6233506	1.8181914	8634	1040	759	8	691	482	20	0	0	16.997457	0	7.2218403	0	0	0	0	0	0	297.846	-5.22782e-13	297.338	-2.08189e-13	1.47047e-09	0	21	-398.94346	-398.94346
7.2245	15.882044	-45.6775	12.8225	0	0	0	86667102	2	0	0	0	297.31289	15.885549	-1.456613e-13	1.470855e-09	-1790.667	7.7091023e+08	8.1643735e+08	2.0118627	10.430469	1.802016	8577	1068	761	13	629	406	19	0	0	16.997457	0	7.2229476	0	0	0	0	0	0	297.846	-5.22782e-13	297.317	-1.87583e-13	1.47064e-09	0	29	-454.32772	-454.32772
7.225	15.880914	-45.6806	12.8224	0	0	0	86667106	2	0	0	0	297.2832	15.885549	-2.4869e-14	1.471482e-09	-1790.667	7.7091023e+08	8.1682642e+08	2.0120419	10.364794	1.8034979	8523	1077	762	10	617	411	28	0	0	16.997457	0	7.2229476	0	0	0	0	0	0	297.846	-5.22782e-13	297.294	-1.93623e-13	1.47006e-09	0	29	-77.563931	-77.563931
7.2255	15.879789	-45.6838	12.8224	0	0	0	86667109	2	0	0	0	297.26069	15.883049	-2.23821e-13	1.467074e-09	-1790.667	7.7091023e+08	8.1442045e+08	2.0121258	10.490986	1.8010339	8826	1082	768	11	678	476	38	0	0	16.997457	0	7.2240552	0	0	0	0	0	0	297.846	-5.22782e-13	297.264	-2.86882e-13	1.46803e-09	0	33	-698.0375	-698.0375
7.226	15.878659	-45.687	12.8223	0	0	0	86667112	2	0	0	0	297.23024	15.883049	-3.694822e-13	1.470946e-09	-1790.667	7.7091023e+08	8.1661098e+08	2.0122797	10.78231	1.7953094	8664	1043	785	13	686	481	22	0	0	16.997457	0	7.2240552	0	0	0	0	0	0	297.846	-5.22782e-13	297.241	-2.06057e-13	1.46846e-09	0	27	-1152.2531	-1152.2531
7.2265	15.877534	-45.6901	12.8222	0	0	0	86667116	2	0	0	0	297.2059	15.880549	-2.557954e-13	1.46678e-09	-1790.667	7.7091023e+08	8.1433913e+08	2.0122256	10.350394	1.8039523	8784	999	835	11	657	482	28	0	0	16.997457	0	7.2251632	0	0	0	0	0	0	297.846	-5.22782e-13	297.21	-2.02505e-13	1.46857e-09	0	29	-797.67052	-797.67052
7.227	15.876404	-45.6933	12.8221	0	0	0	86667121	2	0	0	0	297.16866	15.880549	-2.380318e-13	1.468033e-09	-1790.667	7.7091023e+08	8.1507577e+08	2.0119197	9.8549779	1.8136454	8662	1078	760	11	646	464	21	0	0	16.997457	0	7.2251632	0	0	0	0	0	0	297.846	-5.22782e-13	297.189	-2.56684e-13	1.46871e-09	0	27	-742.23638	-742.23638
7.2275	15.875279	-45.6964	12.822	0	0	0	86667124	2	0	0	0	297.14687	15.878049	-2.380318e-13	1.464983e-09	-1790.667	7.7091023e+08	8.1342329e+08	2.0120422	10.277017	1.8052643	8581	1075	749	8	699	468	35	0	0	16.997457	0	7.2262715	0	0	0	0	0	0	297.846	-5.22782e-13	297.152	-2.22933e-13	1.46754e-09	0	20	-742.19613	-742.19613
7.228	15.874149	-45.6996	12.8219	0	0	0	86667127	2	0	0	0	297.11476	15.878049	-4.547474e-13	1.467178e-09	-1790.667	7.7091023e+08	8.1468305e+08	2.0119126	10.098204	1.8087456	8619	1045	802	7	616	422	31	0	0	16.997457	0	7.2262715	0	0	0	0	0	0	297.846	-5.22782e-13	297.129	-2.1938e-13	1.46738e-09	0	21	-1417.8503	-1417.8503
7.2285	15.873024	-45.7028	12.8218	0	0	0	86667131	2	0	0	0	297.09595	15.878049	-3.765876e-13	1.464864e-09	-1790.667	7.7091023e+08	8.1343909e+08	2.0121882	10.298933	1.8049542	8641	1083	751	6	661	436	26	0	0	16.997457	0	7.2262715	0	0	0	0	0	0	297.846	-5.22782e-13	297.099	-1.89182e-13	1.46747e-09	0	21	-1174.0933	-1174.0933
7.229	15.871899	-45.7059	12.8218	0	0	0	86667134	2	0	0	0	297.06635	15.875549	-6.039613e-14	1.464851e-09	-1790.667	7.7091023e+08	8.1347283e+08	2.0122774	9.835606	1.8143578	8589	1037	771	7	713	476	34	0	0	16.997457	0	7.2273802	0	0	0	0	0	0	297.846	-5.22782e-13	297.077	-2.14584e-13	1.46399e-09	0	44	-188.2878	-188.2878
7.2295	15.870769	-45.7091	12.8217	0	0	0	86667138	2	0	0	0	297.04209	15.875549	-2.948752e-13	1.465203e-09	-1790.667	7.7091023e+08	8.1370929e+08	2.0118253	10.494001	1.8007043	8696	989	762	11	738	536	17	0	0	16.997457	0	7.2273802	0	0	0	0	0	0	297.846	-5.22782e-13	297.05	-2.27374e-13	1.4637e-09	0	33	-919.23759	-919.23759
7.23	15.869644	-45.7123	12.8216	0	0	0	86667141	2	0	0	0	297.02057	15.873049	-2.415845e-13	1.464828e-09	-1790.667	7.7091023e+08	8.1354201e+08	2.0121626	10.101514	1.8089037	8712	1082	828	4	656	447	22	0	0	16.997457	0	7.2284892	0	0	0	0	0	0	297.846	-5.22782e-13	297.025	-2.54374e-13	1.46312e-09	0	28	-753.06949	-753.06949
7.2305	15.868519	-45.7154	12.8215	0	0	0	86667145	2	0	0	0	296.99064	15.873049	-2.771117e-13	1.463675e-09	-1790.667	7.7091023e+08	8.1294261e+08	2.0118778	10.037365	1.8099382	8549	1015	773	13	711	501	20	0	0	16.997457	0	7.2284892	0	0	0	0	0	0	297.846	-5.22782e-13	297.001	-2.5846e-13	1.46291e-09	0	29	-863.76841	-863.76841
7.231	15.867389	-45.7186	12.8214	0	0	0	86667148	2	0	0	0	296.96821	15.870549	-3.161915e-13	1.461036e-09	-1790.667	7.7091023e+08	8.1151778e+08	2.0118342	9.9550786	1.8115546	8622	1033	826	9	671	470	32	0	0	16.997457	0	7.2295986	0	0	0	0	0	0	297.846	-5.22782e-13	296.972	-2.80664e-13	1.46093e-09	0	31	-985.52833	-985.52833
7.2315	15.866264	-45.7217	12.8213	0	0	0	86667151	2	0	0	0	296.94164	15.870549	-1.136868e-13	1.462936e-09	-1790.667	7.7091023e+08	8.1261408e+08	2.0118128	9.7757167	1.8151437	8697	1048	773	7	720	475	26	0	0	16.997457	0	7.2295986	0	0	0	0	0	0	297.846	-5.22782e-13	296.951	-2.49578e-13	1.46136e-09	0	25	-354.32797	-354.32797
7.232	15.865139	-45.7249	12.8213	0	0	0	86667155	2	0	0	0	296.91802	15.868049	-7.460699e-14	1.458409e-09	-1790.667	7.7091023e+08	8.1014033e+08	2.0118346	10.235689	1.8059094	8544	1023	772	8	665	491	23	0	0	16.997457	0	7.2307083	0	0	0	0	0	0	297.846	-5.22782e-13	296.922	-1.9984e-13	1.45843e-09	0	26	-232.51522	-232.51522
7.2325	15.864014	-45.7281	12.8212	0	0	0	86667158	2	0	0	0	296.89719	15.868049	-1.030287e-13	1.462427e-09	-1790.667	7.7091023e+08	8.1241329e+08	2.0122678	10.584595	1.7992774	8630	1017	800	15	738	482	18	0	0	16.997457	0	7.2307083	0	0	0	0	0	0	297.846	-5.22782e-13	296.901	-2.46558e-13	1.45703e-09	0	26	-321.07505	-321.07505
7.233	15.862889	-45.7312	12.8211	0	0	0	86667162	2	0	0	0	296.86692	15.868049	-3.481659e-13	1.457824e-09	-1790.667	7.7091023e+08	8.0989708e+08	2.0118707	9.9990838	1.8107021	8654	1024	773	12	688	480	29	0	0	16.997457	0	7.2307083	0	0	0	0	0	0	297.846	-5.22782e-13	296.874	-3.16192e-13	1.45876e-09	0	28	-1084.9533	-1084.9533
7.2335	15.861764	-45.7344	12.821	0	0	0	86667165	2	0	0	0	296.84418	15.865549	-2.060574e-13	1.456723e-09	-1790.667	7.7091023e+08	8.0932626e+08	2.0120422	10.279291	1.8052186	8645	1032	805	19	707	489	24	0	0	16.997457	0	7.2318184	0	0	0	0	0	0	297.846	-5.22782e-13	296.848	-1.85629e-13	1.45789e-09	0	32	-642.08055	-642.08055
7.234	15.860639	-45.7375	12.8209	0	0	0	86667169	2	0	0	0	296.81447	15.865549	-4.263256e-13	1.455046e-09	-1790.667	7.7091023e+08	8.0843536e+08	2.0122906	10.475338	1.8014963	8575	987	765	7	738	496	24	0	0	16.997457	0	7.2318184	0	0	0	0	0	0	297.846	-5.22782e-13	296.825	-2.8777e-13	1.45744e-09	0	34	-1328.3704	-1328.3704
7.2345	15.859514	-45.7407	12.8208	0	0	0	86667172	2	0	0	0	296.79412	15.863049	-3.304024e-13	1.455859e-09	-1790.667	7.7091023e+08	8.0892791e+08	2.0122528	10.406327	1.8028512	8691	1010	800	16	709	476	22	0	0	16.997457	0	7.2329289	0	0	0	0	0	0	297.846	-5.22782e-13	296.797	-2.30926e-13	1.45537e-09	0	22	-1029.4315	-1029.4315
7.235	15.858389	-45.7439	12.8207	0	0	0	86667175	2	0	0	0	296.76075	15.863049	-2.23821e-13	1.456362e-09	-1790.667	7.7091023e+08	8.0924826e+08	2.0120112	10.015769	1.8104928	8654	1044	745	16	730	497	28	0	0	16.997457	0	7.2329289	0	0	0	0	0	0	297.846	-5.22782e-13	296.773	-2.68822e-13	1.45445e-09	0	25	-697.31914	-697.31914
7.2355	15.857264	-45.747	12.8207	0	0	0	86667179	2	0	0	0	296.74122	15.860549	-1.421085e-13	1.452799e-09	-1790.667	7.7091023e+08	8.0730922e+08	2.0122006	10.208254	1.8067901	8591	1041	742	11	693	445	25	0	0	16.997457	0	7.2340397	0	0	0	0	0	0	297.846	-5.22782e-13	296.744	-2.17604e-13	1.45549e-09	0	21	-442.71812	-442.71812
7.236	15.856139	-45.7502	12.8206	0	0	0	86667182	2	0	0	0	296.71792	15.860549	-2.842171e-13	1.453587e-09	-1790.667	7.7091023e+08	8.0778792e+08	2.0059968	10.460746	1.7961546	8635	957	771	10	743	481	27	0	0	16.997457	0	7.2340397	0	0	0	0	0	0	297.846	-5.22782e-13	296.721	-2.50822e-13	1.45114e-09	0	26	-885.38863	-885.38863
7.2365	15.855014	-45.7534	12.8205	0	0	0	86667186	2	0	0	0	296.68896	15.858049	-1.847411e-13	1.451655e-09	-1790.667	7.7091023e+08	8.0675504e+08	2.0122669	10.003397	1.8109718	8767	1088	766	14	759	485	24	0	0	16.997457	0	7.2351508	0	0	0	0	0	0	297.846	-5.22782e-13	296.696	-2.4869e-13	1.45143e-09	0	28	-575.47142	-575.47142
7.237	15.853889	-45.7565	12.8204	0	0	0	86667189	2	0	0	0	296.6692	15.858049	-2.131628e-13	1.452545e-09	-1790.667	7.7091023e+08	8.0729047e+08	2.012279	10.168212	1.8076662	8721	981	802	7	833	524	37	0	0	16.997457	0	7.2351508	0	0	0	0	0	0	297.846	-5.22782e-13	296.673	-1.62241e-13	1.45225e-09	0	31	-663.96953	-663.96953
7.2375	15.852764	-45.7597	12.8203	0	0	0	86667193	2	0	0	0	296.63872	15.855549	-2.842171e-13	1.453168e-09	-1790.667	7.7091023e+08	8.0767756e+08	2.0117859	10.128791	1.8080163	8779	994	846	14	800	474	31	0	0	16.997457	0	7.2362623	0	0	0	0	0	0	297.846	-5.22782e-13	296.648	-2.62901e-13	1.45352e-09	0	39	-885.24491	-885.24491
7.238	15.851639	-45.7628	12.8202	0	0	0	86667196	2	0	0	0	296.61606	15.855549	-3.090861e-13	1.451651e-09	-1790.667	7.7091023e+08	8.0687522e+08	2.0121088	10.424025	1.8023661	8657	1059	754	6	788	507	23	0	0	16.997457	0	7.2362623	0	0	0	0	0	0	297.846	-5.22782e-13	296.62	-2.3892e-13	1.4515e-09	0	28	-962.65177	-962.65177
7.2385	15.850519	-45.766	12.8202	0	0	0	86667199	2	0	0	0	296.58733	15.855549	-2.877698e-13	1.452907e-09	-1790.667	7.7091023e+08	8.0761421e+08	2.0120554	10.693511	1.796896	8777	1003	799	10	786	515	21	0	0	16.997457	0	7.2362623	0	0	0	0	0	0	297.846	-5.22782e-13	296.599	-2.72671e-13	1.45144e-09	0	33	-896.21346	-896.21346
7.239	15.849394	-45.7692	12.8201	0	0	0	86667203	2	0	0	0	296.56346	15.853049	-2.060574e-13	1.450463e-09	-1790.667	7.7091023e+08	8.0629649e+08	2.0122006	10.505402	1.8008109	8683	974	796	10	778	476	19	0	0	16.997457	0	7.2373742	0	0	0	0	0	0	297.846	-5.22782e-13	296.567	-1.85452e-13	1.45236e-09	0	30	-641.69842	-641.69842
7.2395	15.848269	-45.7723	12.82	0	0	0	86667206	2	0	0	0	296.54251	15.853049	-2.451372e-13	1.453438e-09	-1790.667	7.7091023e+08	8.0799116e+08	2.01196	10.505942	1.8005846	8650	1028	749	9	810	479	19	0	0	16.997457	0	7.2373742	0	0	0	0	0	0	297.846	-5.22782e-13	296.546	-2.78533e-13	1.45232e-09	0	29	-763.3584	-763.3584
7.24	15.847149	-45.7755	12.8199	0	0	0	86667210	2	0	0	0	296.51376	15.850549	-1.634248e-13	1.450021e-09	-1790.667	7.7091023e+08	8.061324e+08	2.0120432	9.999499	1.810849	8742	985	792	17	866	530	20	0	0	16.997457	0	7.2384864	0	0	0	0	0	0	297.846	-5.22782e-13	296.522	-2.50111e-13	1.45146e-09	0	28	-508.87808	-508.87808
7.2405	15.846024	-45.7786	12.8198	0	0	0	86667213	2	0	0	0	296.49151	15.850549	-2.202682e-13	1.452394e-09	-1790.667	7.7091023e+08	8.0749256e+08	2.0118774	10.541095	1.7998035	8813	1013	760	14	891	538	18	0	0	16.997457	0	7.2384864	0	0	0	0	0	0	297.846	-5.22782e-13	296.496	-1.77636e-13	1.45364e-09	0	23	-685.84204	-685.84204
7.241	15.844899	-45.7818	12.8197	0	0	0	86667216	2	0	0	0	296.46148	15.848049	-3.659295e-13	1.455156e-09	-1790.667	7.7091023e+08	8.0906914e+08	2.0121098	10.127925	1.8083248	9058	1054	796	5	927	585	26	0	0	16.997457	0	7.239599	0	0	0	0	0	0	297.846	-5.22782e-13	296.474	-2.22045e-13	1.45272e-09	0	25	-1139.3214	-1139.3214
7.2415	15.843779	-45.785	12.8196	0	0	0	86667220	2	0	0	0	296.4422	15.848049	-1.456613e-13	1.392824e-09	-1790.667	7.7091023e+08	7.7445169e+08	2.0121667	10.32681	1.8043741	8847	978	804	5	989	564	25	0	0	16.997457	0	7.239599	0	0	0	0	0	0	297.846	-5.22782e-13	296.445	-2.95763e-13	1.45405e-09	0	35	-453.49189	-453.49189
7.242	15.842654	-45.7881	12.8196	0	0	0	86667223	2	0	0	0	296.75629	15.845549	-1.776357e-13	1.456019e-09	-1790.667	7.7091023e+08	8.0963103e+08	2.0122426	10.277473	1.8054349	8930	988	759	7	1009	551	21	0	0	16.997457	0	7.240712	0	0	0	0	0	0	297.846	-5.22782e-13	296.767	-2.10498e-13	1.45432e-09	0	40	-553.0089	-553.0089
7.2425	15.841534	-45.7913	12.8195	0	0	0	86667227	2	0	0	0	296.7341	15.845549	-1.918465e-13	1.455335e-09	-1790.667	7.7091023e+08	8.0929171e+08	2.011968	10.503897	1.800633	8986	1008	741	8	1022	562	17	0	0	16.997457	0	7.240712	0	0	0	0	0	0	297.846	-5.22782e-13	296.741	-2.56684e-13	1.45452e-09	0	39	-597.21716	-597.21716
7.243	15.840409	-45.7944	12.8194	0	0	0	86667230	2	0	0	0	296.71342	15.845549	-3.339551e-13	1.451607e-09	-1790.667	7.7091023e+08	8.0725956e+08	2.012136	10.698378	1.7968701	9208	1024	745	9	1109	607	29	0	0	16.997457	0	7.240712	0	0	0	0	0	0	297.846	-5.22782e-13	296.716	-1.82965e-13	1.45442e-09	0	18	-1039.5443	-1039.5443
7.2435	15.839289	-45.7976	12.8193	0	0	0	86667233	2	0	0	0	296.68353	15.843049	-1.49214e-13	1.456456e-09	-1790.667	7.7091023e+08	8.0999725e+08	2.0122205	10.862651	1.79364	9203	1020	748	11	1174	618	25	0	0	16.997457	0	7.2418252	0	0	0	0	0	0	297.846	-5.22782e-13	296.693	-2.65565e-13	1.4553e-09	0	45	-464.45221	-464.45221
7.244	15.838169	-45.8008	12.8192	0	0	0	86667237	2	0	0	0	296.65939	15.843049	-1.74083e-13	1.454127e-09	-1790.667	7.7091023e+08	8.0874302e+08	2.0119779	10.827157	1.7941379	9408	1004	766	11	1356	681	15	0	0	16.997457	0	7.2418252	0	0	0	0	0	0	297.846	-5.22782e-13	296.663	-2.22933e-13	1.45739e-09	0	25	-541.83164	-541.83164
7.2445	15.837044	-45.8039	12.8191	0	0	0	86667241	2	0	0	0	296.63223	15.840549	-1.98952e-13	1.457368e-09	-1790.667	7.7091023e+08	8.1058671e+08	2.0118509	10.369977	1.8032224	9684	1058	739	17	1452	732	22	0	0	16.997457	0	7.2429389	0	0	0	0	0	0	297.846	-5.22782e-13	296.642	-2.70006e-13	1.45617e-09	0	31	-619.2027	-619.2027
7.245	15.835924	-45.8071	12.8191	0	0	0	86667245	2	0	0	0	296.60328	15.840549	-2.309264e-13	1.45004e-09	-1790.667	7.7091023e+08	8.0655182e+08	2.0118941	10.636902	1.7978909	9751	998	715	11	1563	752	20	0	0	16.997457	0	7.2429389	0	0	0	0	0	0	297.846	-5.22782e-13	296.61	-2.54374e-13	1.45396e-09	0	31	-718.67852	-718.67852
7.2455	15.834804	-45.8103	12.819	0	0	0	86667248	2	0	0	0	296.57968	15.838049	-4.511946e-13	1.448855e-09	-1790.667	7.7091023e+08	8.0593361e+08	2.0122541	10.577766	1.7994026	9975	950	743	19	1722	832	28	0	0	16.997457	0	7.2440529	0	0	0	0	0	0	297.846	-5.22782e-13	296.584	-2.85401e-13	1.44957e-09	0	22	-1404.1112	-1404.1112
7.246	15.833679	-45.8134	12.8189	0	0	0	86667252	2	0	0	0	296.54943	15.838049	-3.161915e-13	1.445933e-09	-1790.667	7.7091023e+08	8.0434908e+08	2.0120893	11.290569	1.784913	9940	971	688	8	1903	872	17	0	0	16.997457	0	7.2440529	0	0	0	0	0	0	297.846	-5.22782e-13	296.561	-2.35367e-13	1.44476e-09	0	34	-983.93035	-983.93035
7.2465	15.832559	-45.8166	12.8188	0	0	0	86667255	2	0	0	0	296.5284	15.835549	-2.557954e-13	1.438552e-09	-1790.667	7.7091023e+08	8.0028381e+08	2.0119472	11.040496	1.7898182	10421	946	716	11	2268	970	30	0	0	16.997457	0	7.2451673	0	0	0	0	0	0	297.846	-5.22782e-13	296.532	-2.3892e-13	1.43936e-09	0	32	-795.94571	-795.94571
7.247	15.831439	-45.8197	12.8187	0	0	0	86667258	2	0	0	0	296.49926	15.835549	-2.309264e-13	1.436485e-09	-1790.667	7.7091023e+08	7.9917452e+08	2.0118656	12.02528	1.7699331	10625	918	696	14	2548	1094	16	0	0	16.997457	0	7.2451673	0	0	0	0	0	0	297.846	-5.22782e-13	296.512	-1.68754e-13	1.43767e-09	0	21	-718.5233	-718.5233
7.2475	15.830319	-45.8229	12.8186	0	0	0	86667262	2	0	0	0	296.47557	15.835549	-3.765876e-13	1.43792e-09	-1790.667	7.7091023e+08	8.0001353e+08	2.012007	11.683601	1.7769322	11124	961	751	15	2843	1188	30	0	0	16.997457	0	7.2451673	0	0	0	0	0	0	297.846	-5.22782e-13	296.48	-2.25597e-13	1.44166e-09	0	22	-1171.6822	-1171.6822
7.248	15.829194	-45.8261	12.8186	0	0	0	86667265	2	0	0	0	296.45441	15.833049	-2.522427e-13	1.444301e-09	-1790.667	7.7091023e+08	8.0360457e+08	2.0119318	12.436079	1.7617264	11452	944	673	11	3092	1295	36	0	0	16.997457	0	7.246282	0	0	0	0	0	0	297.846	-5.22782e-13	296.458	-2.93099e-13	1.44511e-09	0	29	-784.76384	-784.76384
7.2485	15.828074	-45.8292	12.8185	0	0	0	86667269	2	0	0	0	296.42531	15.833049	-3.339551e-13	1.450569e-09	-1790.667	7.7091023e+08	8.0713311e+08	2.0119728	12.484463	1.7607888	11905	904	728	17	3320	1399	19	0	0	16.997457	0	7.246282	0	0	0	0	0	0	297.846	-5.22782e-13	296.432	-2.15827e-13	1.44864e-09	0	26	-1038.927	-1038.927
7.249	15.826954	-45.8324	12.8184	0	0	0	86667272	2	0	0	0	296.77441	15.830549	-9.237056e-14	1.450493e-09	-1790.667	7.7091023e+08	8.0713188e+08	2.0119053	12.525313	1.7599078	12012	874	716	14	3461	1339	32	0	0	16.997457	0	7.2473971	0	0	0	0	0	0	297.846	-5.22782e-13	296.779	-1.81188e-13	1.45004e-09	0	33	-287.34727	-287.34727
7.2495	15.825834	-45.8355	12.8183	0	0	0	86667276	2	0	0	0	296.74779	15.830549	-2.664535e-13	1.450156e-09	-1790.667	7.7091023e+08	8.0698541e+08	2.0121088	12.894905	1.7526493	12224	936	716	21	3648	1446	33	0	0	16.997457	0	7.2473971	0	0	0	0	0	0	297.846	-5.22782e-13	296.758	-1.36779e-13	1.45209e-09	0	40	-828.84152	-828.84152
7.25	15.824714	-45.8387	12.8182	0	0	0	86667279	2	0	0	0	296.72593	15.828049	-2.842171e-13	1.453037e-09	-1790.667	7.7091023e+08	8.0862978e+08	2.0122349	13.075579	1.7491235	12274	915	695	15	3777	1465	14	0	0	16.997457	0	7.2485125	0	0	0	0	0	0	297.846	-5.22782e-13	296.73	-2.70894e-13	1.45286e-09	0	35	-884.05002	-884.05002
7.2505	15.823594	-45.8419	12.8181	0	0	0	86667905	2	0	0	0	297.69827	15.828049	-1.421085e-13	1.455678e-09	-1790.667	7.7091023e+08	8.1014077e+08	2.0118643	11.708559	1.776304	12674	941	685	9	3751	1518	25	0	0	16.997457	0	7.2485125	0	0	0	0	0	0	297.846	-5.22782e-13	296.706	-2.26486e-13	1.45368e-09	0	36	-442.00101	-442.00101
7.251	15.822474	-45.845	12.8181	0	0	0	86667909	2	0	0	0	297.66998	15.825549	-3.481659e-13	1.457014e-09	-1790.667	7.7091023e+08	8.1092559e+08	2.012279	12.667285	1.7573779	12333	926	715	13	3628	1417	31	0	0	16.997457	0	7.2496283	0	0	0	0	0	0	297.846	-5.22782e-13	297.677	-2.55795e-13	1.45535e-09	0	23	-1082.8443	-1082.8443
7.2515	15.821354	-45.8482	12.818	0	0	0	86667912	2	0	0	0	297.64532	15.825549	-2.842171e-13	1.455927e-09	-1790.667	7.7091023e+08	8.1036187e+08	2.0120832	12.591718	1.7587274	11884	892	712	19	3380	1412	31	0	0	16.997457	0	7.2496283	0	0	0	0	0	0	297.846	-5.22782e-13	297.65	-2.7498e-13	1.45443e-09	0	28	-883.90697	-883.90697
7.252	15.820234	-45.8514	12.8179	0	0	0	86667916	2	0	0	0	297.61633	15.823049	-1.598721e-13	1.456545e-09	-1790.667	7.7091023e+08	8.1074715e+08	2.0120675	12.017028	1.7702768	11984	990	713	10	3249	1329	29	0	0	16.997457	0	7.2507444	0	0	0	0	0	0	297.846	-5.22782e-13	297.627	-3.11751e-13	1.45502e-09	0	37	-497.1708	-497.1708
7.2525	15.819119	-45.8545	12.8178	0	0	0	86667919	2	0	0	0	297.59345	15.823049	-3.126388e-13	1.456501e-09	-1790.667	7.7091023e+08	8.1076397e+08	2.0118426	12.227979	1.7658349	11589	917	719	15	3028	1290	15	0	0	16.997457	0	7.2507444	0	0	0	0	0	0	297.846	-5.22782e-13	297.598	-3.1708e-13	1.45493e-09	0	34	-972.19277	-972.19277
7.253	15.817999	-45.8577	12.8177	0	0	0	86667922	2	0	0	0	297.57037	15.823049	-2.060574e-13	1.454811e-09	-1790.667	7.7091023e+08	8.098645e+08	2.0122646	12.028891	1.7702115	11296	960	750	7	2831	1153	22	0	0	16.997457	0	7.2507444	0	0	0	0	0	0	297.846	-5.22782e-13	297.574	-2.33058e-13	1.45498e-09	0	36	-640.7289	-640.7289
7.2535	15.816879	-45.8608	12.8176	0	0	0	86667926	2	0	0	0	297.54053	15.820549	-1.811884e-13	1.45732e-09	-1790.667	7.7091023e+08	8.1130257e+08	2.0122454	11.485009	1.7811389	10932	1015	782	6	2450	1091	16	0	0	16.997457	0	7.2518609	0	0	0	0	0	0	297.846	-5.22782e-13	297.552	-2.89546e-13	1.45514e-09	0	28	-563.36917	-563.36917
7.254	15.815759	-45.864	12.8175	0	0	0	86667929	2	0	0	0	297.5169	15.820549	-2.664535e-13	1.453438e-09	-1790.667	7.7091023e+08	8.0918269e+08	2.0121539	11.556683	1.7796157	10962	974	779	15	2416	1108	18	0	0	16.997457	0	7.2518609	0	0	0	0	0	0	297.846	-5.22782e-13	297.521	-2.76223e-13	1.45371e-09	0	37	-828.43932	-828.43932
7.2545	15.814644	-45.8672	12.8175	0	0	0	86667932	2	0	0	0	297.48801	15.818049	-4.831691e-13	1.456119e-09	-1790.667	7.7091023e+08	8.1071665e+08	2.0118493	11.15503	1.7874269	10719	957	742	17	2285	1019	23	0	0	16.997457	0	7.2529778	0	0	0	0	0	0	297.846	-5.22782e-13	297.498	-2.66454e-13	1.45344e-09	0	28	-1502.1559	-1502.1559
7.255	15.813524	-45.8703	12.8174	0	0	0	86667936	2	0	0	0	297.46726	15.818049	-4.583001e-13	1.448324e-09	-1790.667	7.7091023e+08	8.0641781e+08	2.0118246	11.410903	1.7822573	10502	980	701	12	2045	1014	22	0	0	16.997457	0	7.2529778	0	0	0	0	0	0	297.846	-5.22782e-13	297.474	-2.81375e-13	1.44882e-09	0	31	-1424.7623	-1424.7623
7.2555	15.812404	-45.8735	12.8173	0	0	0	86667939	2	0	0	0	297.44647	15.815549	-3.446132e-13	1.440721e-09	-1790.667	7.7091023e+08	8.0222545e+08	2.011945	11.293844	1.784719	10127	930	723	7	1923	908	19	0	0	16.997457	0	7.254095	0	0	0	0	0	0	297.846	-5.22782e-13	297.449	-2.6823e-13	1.44162e-09	0	36	-1071.275	-1071.275
7.256	15.811289	-45.8766	12.8172	0	0	0	86667942	2	0	0	0	297.41474	15.815549	-3.872458e-13	1.439201e-09	-1790.667	7.7091023e+08	8.0141998e+08	2.0118413	11.05315	1.7894694	10008	973	726	13	1855	925	26	0	0	16.997457	0	7.254095	0	0	0	0	0	0	297.846	-5.22782e-13	297.425	-2.17604e-13	1.43843e-09	0	24	-1203.7391	-1203.7391
7.2565	15.810169	-45.8798	12.8171	0	0	0	86667946	2	0	0	0	297.38962	15.813049	-3.019807e-13	1.44083e-09	-1790.667	7.7091023e+08	8.0236806e+08	2.0118621	10.884468	1.7928816	10045	968	754	15	1855	875	21	0	0	16.997457	0	7.2552126	0	0	0	0	0	0	297.846	-5.22782e-13	297.394	-2.49578e-13	1.43975e-09	0	38	-938.64516	-938.64516
7.257	15.809049	-45.883	12.817	0	0	0	86667949	2	0	0	0	297.36087	15.813049	1.776357e-14	1.446899e-09	-1790.667	7.7091023e+08	8.0578891e+08	2.0120294	11.357909	1.783505	9797	969	739	10	1659	832	22	0	0	16.997457	0	7.2552126	0	0	0	0	0	0	297.846	-5.22782e-13	297.371	-1.77636e-13	1.4471e-09	0	23	55.211445	55.211445
7.2575	15.807934	-45.8861	12.817	0	0	0	86667953	2	0	0	0	297.33853	15.813049	-2.380318e-13	1.450374e-09	-1790.667	7.7091023e+08	8.0776543e+08	2.0119702	11.05971	1.7894522	9977	953	757	16	1761	856	27	0	0	16.997457	0	7.2552126	0	0	0	0	0	0	297.846	-5.22782e-13	297.341	-2.86882e-13	1.4511e-09	0	29	-739.79339	-739.79339
7.258	15.806814	-45.8893	12.8169	0	0	0	86667956	2	0	0	0	297.31571	15.810549	-2.344791e-13	1.456694e-09	-1790.667	7.7091023e+08	8.1132672e+08	2.0121072	10.85407	1.7937117	9952	1002	760	7	1655	806	26	0	0	16.997457	0	7.2563305	0	0	0	0	0	0	297.846	-5.22782e-13	297.32	-1.71241e-13	1.45433e-09	0	22	-728.7125	-728.7125
7.2585	15.805699	-45.8924	12.8168	0	0	0	86667959	2	0	0	0	297.2856	15.810549	-2.23821e-13	1.457943e-09	-1790.667	7.7091023e+08	8.1206387e+08	2.0121942	11.279674	1.7852253	9968	997	787	16	1637	772	25	0	0	16.997457	0	7.2563305	0	0	0	0	0	0	297.846	-5.22782e-13	297.297	-2.10498e-13	1.45629e-09	0	31	-695.55187	-695.55187
7.259	15.804579	-45.8956	12.8167	0	0	0	86667963	2	0	0	0	297.26398	15.808049	-2.806644e-13	1.448342e-09	-1790.667	7.7091023e+08	8.0675742e+08	2.0118864	11.344497	1.783648	9737	993	758	18	1577	783	19	0	0	16.997457	0	7.2574488	0	0	0	0	0	0	297.846	-5.22782e-13	297.267	-2.63789e-13	1.45708e-09	0	23	-872.15291	-872.15291
7.2595	15.803464	-45.8988	12.8166	0	0	0	86667966	2	0	0	0	297.24219	15.808049	-2.806644e-13	1.456122e-09	-1790.667	7.7091023e+08	8.1113252e+08	2.0056282	10.857462	1.7878678	9870	1014	786	13	1588	783	19	0	0	16.997457	0	7.2574488	0	0	0	0	0	0	297.846	-5.22782e-13	297.246	-2.92744e-13	1.45676e-09	0	33	-872.10596	-872.10596
7.26	15.802349	-45.9019	12.8165	0	0	0	86667969	2	0	0	0	297.21134	15.805549	-1.598721e-13	1.459805e-09	-1790.667	7.7091023e+08	8.1322573e+08	2.0119811	11.251605	1.785601	9708	1024	735	19	1569	750	22	0	0	16.997457	0	7.2585675	0	0	0	0	0	0	297.846	-5.22782e-13	297.222	-3.2685e-13	1.45949e-09	0	23	-496.74239	-496.74239
7.2605	15.801229	-45.9051	12.8165	0	0	0	86667973	2	0	0	0	297.18926	15.805549	-3.197442e-13	1.455339e-09	-1790.667	7.7091023e+08	8.107793e+08	2.0119328	11.041784	1.7897795	9717	1009	773	15	1601	789	17	0	0	16.997457	0	7.2585675	0	0	0	0	0	0	297.846	-5.22782e-13	297.196	-2.85105e-13	1.45501e-09	0	36	-993.43131	-993.43131
7.261	15.800114	-45.9083	12.8164	0	0	0	86667976	2	0	0	0	297.16456	15.803049	-2.557954e-13	1.457144e-09	-1790.667	7.7091023e+08	8.1182642e+08	2.0117974	10.903969	1.7924317	9765	991	724	15	1497	735	23	0	0	16.997457	0	7.2596865	0	0	0	0	0	0	297.846	-5.22782e-13	297.169	-2.21689e-13	1.45651e-09	0	29	-794.7024	-794.7024
7.2615	15.798999	-45.9114	12.8163	0	0	0	86667980	2	0	0	0	297.13463	15.803049	-6.394885e-14	1.456964e-09	-1790.667	7.7091023e+08	8.1176768e+08	2.0118829	11.507135	1.7803728	9770	993	753	11	1580	793	19	0	0	16.997457	0	7.2596865	0	0	0	0	0	0	297.846	-5.22782e-13	297.147	-1.803e-13	1.45631e-09	0	14	-198.66491	-198.66491
7.262	15.797884	-45.9146	12.8162	0	0	0	86667983	2	0	0	0	297.11399	15.803049	-1.776357e-13	1.453547e-09	-1790.667	7.7091023e+08	8.0990532e+08	2.0118077	11.12741	1.7879456	9856	990	755	11	1552	805	23	0	0	16.997457	0	7.2596865	0	0	0	0	0	0	297.846	-5.22782e-13	297.117	-2.69118e-13	1.45578e-09	0	19	-551.81729	-551.81729
7.2625	15.796764	-45.9177	12.8161	0	0	0	86667986	2	0	0	0	297.08421	15.800549	-2.557954e-13	1.457538e-09	-1790.667	7.7091023e+08	8.1217066e+08	2.0119142	10.816127	1.794303	9851	986	794	12	1535	755	20	0	0	16.997457	0	7.2608059	0	0	0	0	0	0	297.846	-5.22782e-13	297.094	-1.62714e-13	1.45689e-09	0	24	-794.57413	-794.57413
7.263	15.795649	-45.9209	12.816	0	0	0	86667990	2	0	0	0	297.06062	15.800549	-1.385558e-13	1.458289e-09	-1790.667	7.7091023e+08	8.1263076e+08	2.0120829	11.134396	1.7880496	9990	993	780	9	1615	766	24	0	0	16.997457	0	7.2608059	0	0	0	0	0	0	297.846	-5.22782e-13	297.068	-2.88658e-13	1.45737e-09	0	22	-430.37104	-430.37104
7.2635	15.794534	-45.9241	12.816	0	0	0	86667993	2	0	0	0	297.03823	15.798049	-2.664535e-13	1.454016e-09	-1790.667	7.7091023e+08	8.1029115e+08	2.0121427	11.070483	1.7893888	9962	1017	787	21	1625	799	20	0	0	16.997457	0	7.2619256	0	0	0	0	0	0	297.846	-5.22782e-13	297.041	-2.42769e-13	1.45489e-09	0	27	-827.59221	-827.59221
7.264	15.793419	-45.9272	12.8159	0	0	0	86667996	2	0	0	0	297.00953	15.798049	-1.527667e-13	1.452616e-09	-1790.667	7.7091023e+08	8.0955245e+08	2.0119286	11.199204	1.7866086	9965	977	767	11	1626	828	24	0	0	16.997457	0	7.2619256	0	0	0	0	0	0	297.846	-5.22782e-13	297.019	-2.83329e-13	1.4517e-09	0	22	-474.46076	-474.46076
7.2645	15.792304	-45.9304	12.8158	0	0	0	86668000	2	0	0	0	296.98647	15.795549	-2.806644e-13	1.444365e-09	-1790.667	7.7091023e+08	8.0499538e+08	2.011833	11.067034	1.7891827	9783	987	769	5	1588	790	27	0	0	16.997457	0	7.2630457	0	0	0	0	0	0	297.846	-5.22782e-13	296.99	-2.52243e-13	1.44551e-09	0	30	-871.63685	-871.63685
7.265	15.791189	-45.9335	12.8157	0	0	0	86668003	2	0	0	0	296.96314	15.795549	-3.019807e-13	1.414218e-09	-1790.667	7.7091023e+08	7.8823381e+08	2.0120829	10.497778	1.8008589	9656	1043	724	9	1560	763	21	0	0	16.997457	0	7.2630457	0	0	0	0	0	0	297.846	-5.22782e-13	296.967	-2.52243e-13	1.41709e-09	0	34	-937.78674	-937.78674
7.2655	15.790074	-45.9367	12.8156	0	0	0	86668006	2	0	0	0	296.93474	15.793049	-2.629008e-13	1.382054e-09	-1790.667	7.7091023e+08	7.7034627e+08	2.0118349	10.333349	1.803945	9574	956	697	8	1530	761	20	0	0	16.997457	0	7.2641661	0	0	0	0	0	0	297.846	-5.22782e-13	296.945	-3.01981e-13	1.38284e-09	0	26	-816.38207	-816.38207
7.266	15.788959	-45.9399	12.8155	0	0	0	86668010	2	0	0	0	296.91103	15.793049	-3.659295e-13	1.37071e-09	-1790.667	7.7091023e+08	7.6406241e+08	2.0122848	10.726466	1.7964378	9593	954	725	12	1562	761	24	0	0	16.997457	0	7.2641661	0	0	0	0	0	0	297.846	-5.22782e-13	296.919	-2.62901e-13	1.37235e-09	0	31	-1136.2545	-1136.2545
7.2665	15.787844	-45.943	12.8155	0	0	0	86668013	2	0	0	0	296.88677	15.793049	-4.192202e-13	1.370825e-09	-1790.667	7.7091023e+08	7.6416573e+08	2.0120339	10.637674	1.7980003	9534	952	691	14	1616	761	16	0	0	16.997457	0	7.2641661	0	0	0	0	0	0	297.846	-5.22782e-13	296.892	-2.30926e-13	1.37411e-09	0	39	-1301.6585	-1301.6585
7.267	15.786729	-45.9462	12.8154	0	0	0	86668016	2	0	0	0	296.85738	15.790549	-2.984279e-13	1.403141e-09	-1790.667	7.7091023e+08	7.8222041e+08	2.0118886	11.038257	1.7898112	9626	968	708	7	1567	781	23	0	0	16.997457	0	7.2652869	0	0	0	0	0	0	297.846	-5.22782e-13	296.869	-3.61489e-13	1.40183e-09	0	28	-926.55443	-926.55443
7.2675	15.785614	-45.9494	12.8153	0	0	0	86668020	2	0	0	0	296.83665	15.790549	-2.73559e-13	1.438027e-09	-1790.667	7.7091023e+08	8.0170975e+08	2.0118378	11.130679	1.7879066	9792	1020	774	11	1552	775	15	0	0	16.997457	0	7.2652869	0	0	0	0	0	0	297.846	-5.22782e-13	296.844	-2.21156e-13	1.43754e-09	0	34	-849.2962	-849.2962
7.268	15.784499	-45.9525	12.8152	0	0	0	86668023	2	0	0	0	296.81347	15.788049	-3.872458e-13	1.446736e-09	-1790.667	7.7091023e+08	8.066065e+08	2.0120918	11.006607	1.7906288	10082	978	789	12	1632	762	24	0	0	16.997457	0	7.2664081	0	0	0	0	0	0	297.846	-5.22782e-13	296.818	-2.67342e-13	1.44613e-09	0	24	-1202.1857	-1202.1857
7.2685	15.783384	-45.9557	12.8151	0	0	0	86668026	2	0	0	0	296.78312	15.788049	-2.23821e-13	1.432095e-09	-1790.667	7.7091023e+08	7.9848464e+08	2.0059366	11.059843	1.7840832	9652	1019	758	8	1544	789	23	0	0	16.997457	0	7.2664081	0	0	0	0	0	0	297.846	-5.22782e-13	296.794	-3.02869e-13	1.43416e-09	0	35	-694.80404	-694.80404
7.269	15.782269	-45.9588	12.815	0	0	0	86668030	2	0	0	0	296.76186	15.785549	-4.583001e-13	1.410148e-09	-1790.667	7.7091023e+08	7.8628818e+08	2.0122634	10.814696	1.7946432	9664	943	792	8	1608	804	24	0	0	16.997457	0	7.2675296	0	0	0	0	0	0	297.846	-5.22782e-13	296.769	-2.74447e-13	1.40779e-09	0	30	-1422.6174	-1422.6174
7.2695	15.781159	-45.962	12.815	0	0	0	86668033	2	0	0	0	296.73909	15.785549	-1.350031e-13	1.386825e-09	-1790.667	7.7091023e+08	7.7332318e+08	2.0121958	10.84036	1.7940666	9439	975	690	6	1572	781	22	0	0	16.997457	0	7.2675296	0	0	0	0	0	0	297.846	-5.22782e-13	296.742	-2.46914e-13	1.38642e-09	0	32	-419.043	-419.043
7.27	15.780044	-45.9652	12.8149	0	0	0	86668036	2	0	0	0	296.70847	15.783049	-2.557954e-13	1.382583e-09	-1790.667	7.7091023e+08	7.7099738e+08	2.0117798	10.761527	1.7952816	9520	969	770	7	1459	733	24	0	0	16.997457	0	7.2686515	0	0	0	0	0	0	297.846	-5.22782e-13	296.72	-2.4869e-13	1.38245e-09	0	23	-793.93372	-793.93372
7.2705	15.778929	-45.9683	12.8148	0	0	0	86668040	2	0	0	0	296.6852	15.783049	-3.304024e-13	1.38775e-09	-1790.667	7.7091023e+08	7.7391855e+08	2.0119664	10.706008	1.7965651	9547	989	726	10	1554	778	19	0	0	16.997457	0	7.2686515	0	0	0	0	0	0	297.846	-5.22782e-13	296.692	-3.07665e-13	1.38896e-09	0	28	-1025.4427	-1025.4427
7.271	15.777819	-45.9715	12.8147	0	0	0	86668043	2	0	0	0	296.6613	15.780549	-2.73559e-13	1.417511e-09	-1790.667	7.7091023e+08	7.9055628e+08	2.0119312	10.546603	1.7997408	9798	956	774	12	1585	807	24	0	0	16.997457	0	7.2697738	0	0	0	0	0	0	297.846	-5.22782e-13	296.666	-3.61489e-13	1.41667e-09	0	20	-848.97692	-848.97692
7.2715	15.776704	-45.9746	12.8146	0	0	0	86668046	2	0	0	0	296.63256	15.780549	-2.557954e-13	1.4489e-09	-1790.667	7.7091023e+08	8.0810373e+08	2.012231	11.404464	1.7827469	9757	952	795	9	1586	767	25	0	0	16.997457	0	7.2697738	0	0	0	0	0	0	297.846	-5.22782e-13	296.644	-2.75927e-13	1.44764e-09	0	24	-793.80583	-793.80583
7.272	15.775589	-45.9778	12.8145	0	0	0	86668050	2	0	0	0	296.60942	15.780549	-2.664535e-13	1.459481e-09	-1790.667	7.7091023e+08	8.1404702e+08	2.0121491	11.639296	1.7779491	9932	983	723	9	1565	797	23	0	0	16.997457	0	7.2697738	0	0	0	0	0	0	297.846	-5.22782e-13	296.613	-1.92557e-13	1.46134e-09	0	23	-826.83656	-826.83656
7.2725	15.774479	-45.981	12.8145	0	0	0	86668053	2	0	0	0	296.58682	15.778049	-2.415845e-13	1.463681e-09	-1790.667	7.7091023e+08	8.1643165e+08	2.011809	11.185412	1.7867798	9804	1005	771	12	1527	756	12	0	0	16.997457	0	7.2708964	0	0	0	0	0	0	297.846	-5.22782e-13	296.591	-1.85629e-13	1.46232e-09	0	29	-749.62488	-749.62488
7.273	15.773364	-45.9841	12.8144	0	0	0	86668056	2	0	0	0	296.55853	15.778049	-3.907985e-13	1.462467e-09	-1790.667	7.7091023e+08	8.1579648e+08	2.0119203	10.835594	1.7939168	10015	1030	763	9	1659	789	26	0	0	16.997457	0	7.2708964	0	0	0	0	0	0	297.846	-5.22782e-13	296.57	-2.28262e-13	1.46168e-09	0	34	-1212.5635	-1212.5635
7.2735	15.772254	-45.9873	12.8143	0	0	0	86668060	2	0	0	0	296.53522	15.775549	-4.121148e-13	1.462134e-09	-1790.667	7.7091023e+08	8.1565272e+08	2.0119331	11.07011	1.7892099	9837	1022	774	7	1595	765	16	0	0	16.997457	0	7.2720193	0	0	0	0	0	0	297.846	-5.22782e-13	296.539	-2.74447e-13	1.46213e-09	0	31	-1278.6348	-1278.6348
7.274	15.771139	-45.9904	12.8142	0	0	0	86668063	2	0	0	0	296.51344	15.775549	-2.664535e-13	1.4618e-09	-1790.667	7.7091023e+08	8.155084e+08	2.0119763	11.516652	1.780264	9784	1014	738	11	1548	797	24	0	0	16.997457	0	7.2720193	0	0	0	0	0	0	297.846	-5.22782e-13	296.516	-2.76223e-13	1.45938e-09	0	28	-826.65907	-826.65907
7.2745	15.770029	-45.9936	12.8141	0	0	0	86668066	2	0	0	0	296.48173	15.773049	-9.237056e-14	1.457105e-09	-1790.667	7.7091023e+08	8.1293104e+08	2.0117968	10.728845	1.7959542	10149	1075	776	13	1692	813	15	0	0	16.997457	0	7.2731427	0	0	0	0	0	0	297.846	-5.22782e-13	296.494	-3.22409e-13	1.45496e-09	0	38	-286.55981	-286.55981
7.275	15.768914	-45.9968	12.814	0	0	0	86668070	2	0	0	0	296.46028	15.773049	-2.4869e-13	1.387798e-09	-1790.667	7.7091023e+08	7.7430398e+08	2.0118326	11.23812	1.7857405	9931	977	795	13	1587	742	16	0	0	16.997457	0	7.2731427	0	0	0	0	0	0	297.846	-5.22782e-13	296.464	-2.46914e-13	1.44475e-09	0	29	-771.46588	-771.46588
7.2755	15.767804	-45.9999	12.814	0	0	0	86668073	2	0	0	0	296.78064	15.770549	-2.415845e-13	1.445668e-09	-1790.667	7.7091023e+08	8.0663338e+08	2.0120707	11.307245	1.784561	9962	1000	736	9	1666	823	26	0	0	16.997457	0	7.2742664	0	0	0	0	0	0	297.846	-5.22782e-13	296.785	-1.67688e-13	1.44394e-09	0	17	-749.38358	-749.38358
7.276	15.766694	-46.0031	12.8139	0	0	0	86668076	2	0	0	0	296.74936	15.770549	-3.161915e-13	1.449186e-09	-1790.667	7.7091023e+08	8.0863799e+08	2.0121446	11.040733	1.7899891	9813	992	731	8	1618	831	14	0	0	16.997457	0	7.2742664	0	0	0	0	0	0	297.846	-5.22782e-13	296.76	-2.10498e-13	1.44743e-09	0	38	-980.75833	-980.75833
7.2765	15.765579	-46.0063	12.8138	0	0	0	86668080	2	0	0	0	296.72741	15.770549	-1.811884e-13	1.448807e-09	-1790.667	7.7091023e+08	8.084682e+08	2.0118298	11.477583	1.7809203	10173	1068	776	12	1714	788	17	0	0	16.997457	0	7.2742664	0	0	0	0	0	0	297.846	-5.22782e-13	296.731	-2.31815e-13	1.44657e-09	0	18	-561.97748	-561.97748
7.277	15.764469	-46.0094	12.8137	0	0	0	86668083	2	0	0	0	296.70603	15.768049	-1.882938e-13	1.457124e-09	-1790.667	7.7091023e+08	8.1315123e+08	2.0120419	11.105566	1.7885933	10127	970	779	24	1666	819	18	0	0	16.997457	0	7.2753904	0	0	0	0	0	0	297.846	-5.22782e-13	296.71	-2.03926e-13	1.45399e-09	0	32	-583.98441	-583.98441
7.2775	15.763359	-46.0126	12.8136	0	0	0	86668087	2	0	0	0	296.67405	15.768049	-2.451372e-13	1.457451e-09	-1790.667	7.7091023e+08	8.1337567e+08	2.0045539	10.822286	1.7876154	10025	988	806	15	1777	889	20	0	0	16.997457	0	7.2753904	0	0	0	0	0	0	297.846	-5.22782e-13	296.686	-2.28262e-13	1.45531e-09	0	25	-760.24079	-760.24079
7.278	15.762249	-46.0157	12.8135	0	0	0	86668090	2	0	0	0	296.65102	15.765549	-1.705303e-13	1.457169e-09	-1790.667	7.7091023e+08	8.1326026e+08	2.0120746	10.99207	1.7909059	9960	936	787	12	1688	822	12	0	0	16.997457	0	7.2765148	0	0	0	0	0	0	297.846	-5.22782e-13	296.656	-1.91847e-13	1.45657e-09	0	25	-528.83503	-528.83503
7.2785	15.761134	-46.0189	12.8135	0	0	0	86668093	2	0	0	0	296.61979	15.765549	-2.842171e-13	1.45933e-09	-1790.667	7.7091023e+08	8.1450838e+08	2.0119174	11.050123	1.7895981	9956	942	723	11	1761	848	12	0	0	16.997457	0	7.2765148	0	0	0	0	0	0	297.846	-5.22782e-13	296.632	-3.30402e-13	1.45508e-09	0	27	-881.34427	-881.34427
7.279	15.760024	-46.0221	12.8134	0	0	0	86668097	2	0	0	0	296.60017	15.763049	-2.131628e-13	1.454953e-09	-1790.667	7.7091023e+08	8.1210734e+08	2.0119709	11.157712	1.787481	10250	1029	732	7	1758	845	18	0	0	16.997457	0	7.2776396	0	0	0	0	0	0	297.846	-5.22782e-13	296.607	-2.69118e-13	1.45445e-09	0	31	-660.9727	-660.9727
7.2795	15.758914	-46.0252	12.8133	0	0	0	86668100	2	0	0	0	296.57705	15.763049	-2.167155e-13	1.452118e-09	-1790.667	7.7091023e+08	8.1056679e+08	2.0119091	11.364267	1.7832704	10142	1013	767	15	1803	866	21	0	0	16.997457	0	7.2776396	0	0	0	0	0	0	297.846	-5.22782e-13	296.581	-2.61124e-13	1.45323e-09	0	31	-671.95285	-671.95285
7.28	15.757804	-46.0284	12.8132	0	0	0	86668103	2	0	0	0	296.54851	15.760549	-1.953993e-13	1.453952e-09	-1790.667	7.7091023e+08	8.1163245e+08	2.0121667	10.94815	1.7918717	10237	1025	730	13	1858	853	22	0	0	16.997457	0	7.2787647	0	0	0	0	0	0	297.846	-5.22782e-13	296.559	-2.46558e-13	1.45288e-09	0	37	-605.82691	-605.82691
7.2805	15.756694	-46.0315	12.8131	0	0	0	86668107	2	0	0	0	296.52589	15.760549	-2.842171e-13	1.44847e-09	-1790.667	7.7091023e+08	8.0861404e+08	2.0119843	11.577824	1.7790403	10226	1038	753	10	1850	903	18	0	0	16.997457	0	7.2787647	0	0	0	0	0	0	297.846	-5.22782e-13	296.533	-2.81553e-13	1.45189e-09	0	21	-881.15536	-881.15536
7.281	15.755584	-46.0347	12.813	0	0	0	86668110	2	0	0	0	296.50314	15.760549	-1.953993e-13	1.452657e-09	-1790.667	7.7091023e+08	8.1099337e+08	2.0120598	11.098819	1.788745	10213	1008	816	5	1815	829	17	0	0	16.997457	0	7.2787647	0	0	0	0	0	0	297.846	-5.22782e-13	296.507	-2.35367e-13	1.45038e-09	0	25	-605.76199	-605.76199
7.2815	15.754474	-46.0379	12.813	0	0	0	86668113	2	0	0	0	296.47154	15.758049	-3.552714e-13	1.451109e-09	-1790.667	7.7091023e+08	8.1017103e+08	2.0120947	11.049038	1.7897776	10188	968	695	10	1873	911	21	0	0	16.997457	0	7.2798902	0	0	0	0	0	0	297.846	-5.22782e-13	296.484	-2.27374e-13	1.44817e-09	0	28	-1101.3263	-1101.3263
7.282	15.753364	-46.041	12.8129	0	0	0	86668117	2	0	0	0	296.44769	15.758049	-1.172396e-13	1.449143e-09	-1790.667	7.7091023e+08	8.0911522e+08	2.0118432	11.722265	1.7760096	10228	991	777	12	1862	877	22	0	0	16.997457	0	7.2798902	0	0	0	0	0	0	297.846	-5.22782e-13	296.455	-1.90425e-13	1.45069e-09	0	19	-363.41832	-363.41832
7.2825	15.752254	-46.0442	12.8128	0	0	0	86668120	2	0	0	0	296.42577	15.755549	-3.161915e-13	1.390287e-09	-1790.667	7.7091023e+08	7.7629368e+08	2.012263	10.98522	1.7912115	10374	1033	768	11	1924	924	14	0	0	16.997457	0	7.2810161	0	0	0	0	0	0	297.846	-5.22782e-13	296.43	-1.95399e-13	1.43692e-09	0	24	-980.07525	-980.07525
7.283	15.751144	-46.0474	12.8127	0	0	0	86668123	2	0	0	0	296.76455	15.755549	-2.23821e-13	1.447155e-09	-1790.667	7.7091023e+08	8.0808884e+08	2.0121779	11.633707	1.778087	10349	987	716	9	2029	972	10	0	0	16.997457	0	7.2810161	0	0	0	0	0	0	297.846	-5.22782e-13	296.776	-2.33591e-13	1.44914e-09	0	25	-693.72414	-693.72414
7.2835	15.750034	-46.0505	12.8126	0	0	0	86668127	2	0	0	0	296.74256	15.753049	-3.623768e-13	1.447805e-09	-1790.667	7.7091023e+08	8.0849363e+08	2.0122899	11.406484	1.7827584	10282	995	795	7	1902	876	16	0	0	16.997457	0	7.2821423	0	0	0	0	0	0	297.846	-5.22782e-13	296.749	-2.28084e-13	1.44702e-09	0	24	-1123.1121	-1123.1121
7.284	15.748924	-46.0537	12.8125	0	0	0	86668130	2	0	0	0	296.71782	15.753049	-2.309264e-13	1.439565e-09	-1790.667	7.7091023e+08	8.039338e+08	2.0121648	11.499193	1.7807821	10327	1016	775	11	1906	896	13	0	0	16.997457	0	7.2821423	0	0	0	0	0	0	297.846	-5.22782e-13	296.723	-2.69118e-13	1.44452e-09	0	24	-715.6704	-715.6704
7.2845	15.747819	-46.0568	12.8125	0	0	0	86668133	2	0	0	0	296.68962	15.753049	-2.344791e-13	1.435502e-09	-1790.667	7.7091023e+08	8.017063e+08	2.0118579	10.99039	1.7907469	10178	1042	744	10	1887	830	15	0	0	16.997457	0	7.2821423	0	0	0	0	0	0	297.846	-5.22782e-13	296.7	-2.51354e-13	1.436e-09	0	31	-726.64177	-726.64177
7.285	15.746709	-46.06	12.8124	0	0	0	86668137	2	0	0	0	296.66615	15.750549	-3.090861e-13	1.429143e-09	-1790.667	7.7091023e+08	7.9819623e+08	2.0118438	11.665701	1.7771482	10142	995	748	8	1922	884	14	0	0	16.997457	0	7.2832689	0	0	0	0	0	0	297.846	-5.22782e-13	296.674	-2.08189e-13	1.42842e-09	0	31	-957.79474	-957.79474
7.2855	15.745599	-46.0632	12.8123	0	0	0	86668140	2	0	0	0	296.64531	15.750549	-4.156675e-13	1.427889e-09	-1790.667	7.7091023e+08	7.9753716e+08	2.01188	11.35985	1.7833334	10166	952	708	13	1970	960	17	0	0	16.997457	0	7.2832689	0	0	0	0	0	0	297.846	-5.22782e-13	296.649	-1.89182e-13	1.42806e-09	0	27	-1287.9998	-1287.9998
7.286	15.744489	-46.0663	12.8122	0	0	0	86668143	2	0	0	0	296.61668	15.748049	-2.522427e-13	1.426912e-09	-1790.667	7.7091023e+08	7.9703276e+08	2.0120941	11.319328	1.7843386	10193	1001	777	14	1934	883	9	0	0	16.997457	0	7.2843959	0	0	0	0	0	0	297.846	-5.22782e-13	296.627	-2.00728e-13	1.42851e-09	0	32	-781.56499	-781.56499
7.2865	15.743384	-46.0695	12.8121	0	0	0	86668147	2	0	0	0	296.59182	15.748049	-2.273737e-13	1.430399e-09	-1790.667	7.7091023e+08	7.990219e+08	2.012249	11.001788	1.7908656	10034	1013	758	13	1901	910	19	0	0	16.997457	0	7.2843959	0	0	0	0	0	0	297.846	-5.22782e-13	296.6	-2.2311e-13	1.42984e-09	0	32	-704.47158	-704.47158
7.287	15.742274	-46.0726	12.812	0	0	0	86668150	2	0	0	0	296.5692	15.745549	-2.593481e-13	1.433527e-09	-1790.667	7.7091023e+08	8.0081072e+08	2.01192	11.26141	1.7853494	10048	966	697	8	1872	887	11	0	0	16.997457	0	7.2855232	0	0	0	0	0	0	297.846	-5.22782e-13	296.573	-2.82441e-13	1.43531e-09	0	29	-803.49483	-803.49483
7.2875	15.741164	-46.0758	12.812	0	0	0	86668153	2	0	0	0	296.53939	15.745549	-2.984279e-13	1.4373e-09	-1790.667	7.7091023e+08	8.0296006e+08	2.0118528	11.304573	1.7844214	10205	1037	744	8	1869	845	16	0	0	16.997457	0	7.2855232	0	0	0	0	0	0	297.846	-5.22782e-13	296.551	-2.54019e-13	1.43707e-09	0	38	-924.51977	-924.51977
7.288	15.740059	-46.079	12.8119	0	0	0	86668157	2	0	0	0	296.51626	15.743049	-3.055334e-13	1.436314e-09	-1790.667	7.7091023e+08	8.0245083e+08	2.0120877	11.181397	1.7871082	10215	1025	773	9	1848	924	16	0	0	16.997457	0	7.2866508	0	0	0	0	0	0	297.846	-5.22782e-13	296.521	-3.09086e-13	1.4368e-09	0	33	-946.48175	-946.48175
7.2885	15.738949	-46.0821	12.8118	0	0	0	86668160	2	0	0	0	296.49434	15.743049	-4.192202e-13	1.439231e-09	-1790.667	7.7091023e+08	8.0412224e+08	2.0117779	11.19761	1.7865069	10249	1003	776	8	1870	885	12	0	0	16.997457	0	7.2866508	0	0	0	0	0	0	297.846	-5.22782e-13	296.498	-2.92211e-13	1.43642e-09	0	26	-1298.5914	-1298.5914
7.289	15.737844	-46.0853	12.8117	0	0	0	86668163	2	0	0	0	296.46334	15.743049	-2.806644e-13	1.440878e-09	-1790.667	7.7091023e+08	8.0508422e+08	2.0122874	11.29356	1.7850285	10257	997	768	15	1865	923	8	0	0	16.997457	0	7.2866508	0	0	0	0	0	0	297.846	-5.22782e-13	296.477	-3.1708e-13	1.44002e-09	0	29	-869.34954	-869.34954
7.2895	15.736734	-46.0884	12.8116	0	0	0	86668167	2	0	0	0	296.44284	15.740549	-2.73559e-13	1.440785e-09	-1790.667	7.7091023e+08	8.0507403e+08	2.0119504	11.475209	1.7810749	10164	988	750	12	1875	886	11	0	0	16.997457	0	7.2877789	0	0	0	0	0	0	297.846	-5.22782e-13	296.445	-2.55795e-13	1.44006e-09	0	38	-847.29547	-847.29547
7.29	15.735629	-46.0916	12.8116	0	0	0	86668170	2	0	0	0	296.41915	15.740549	-1.456613e-13	1.390585e-09	-1790.667	7.7091023e+08	7.7706389e+08	2.0119549	10.904404	1.7925632	10125	1032	730	9	1884	900	16	0	0	16.997457	0	7.2877789	0	0	0	0	0	0	297.846	-5.22782e-13	296.422	-2.11386e-13	1.42759e-09	0	32	-451.13325	-451.13325
7.2905	15.734519	-46.0948	12.8115	0	0	0	86668173	2	0	0	0	298.24505	15.738049	-2.4869e-14	1.446299e-09	-1790.667	7.7091023e+08	8.0823904e+08	2.0118538	10.991574	1.7907194	10256	1047	793	8	1798	821	13	0	0	16.997457	0	7.2889073	0	0	0	0	0	0	297.846	-5.22782e-13	298.255	-1.87406e-13	1.44503e-09	0	27	-77.018625	-77.018625
7.291	15.733414	-46.0979	12.8114	0	0	0	86668177	2	0	0	0	298.22259	15.738049	-2.23821e-13	1.447425e-09	-1790.667	7.7091023e+08	8.0891029e+08	2.0121181	11.281946	1.785112	10027	971	712	6	1821	854	13	0	0	16.997457	0	7.2889073	0	0	0	0	0	0	297.846	-5.22782e-13	298.226	-2.70717e-13	1.44618e-09	0	28	-693.13058	-693.13058
7.2915	15.732309	-46.1011	12.8113	0	0	0	86668180	2	0	0	0	298.19954	15.735549	-4.085621e-13	1.444532e-09	-1790.667	7.7091023e+08	8.0733545e+08	2.0118218	11.138402	1.787737	10172	973	710	7	1767	853	18	0	0	16.997457	0	7.290036	0	0	0	0	0	0	297.846	-5.22782e-13	298.204	-2.55795e-13	1.44733e-09	0	28	-1265.1706	-1265.1706
7.292	15.731199	-46.1043	12.8112	0	0	0	86668184	2	0	0	0	298.17019	15.735549	-3.090861e-13	1.444487e-09	-1790.667	7.7091023e+08	8.0735225e+08	2.0121846	10.819667	1.794473	10206	1044	734	7	1749	834	12	0	0	16.997457	0	7.290036	0	0	0	0	0	0	297.846	-5.22782e-13	298.181	-2.1938e-13	1.44759e-09	0	25	-957.07788	-957.07788
7.2925	15.730094	-46.1074	12.8111	0	0	0	86668187	2	0	0	0	298.14755	15.733049	-2.415845e-13	1.448466e-09	-1790.667	7.7091023e+08	8.0961827e+08	2.0122675	11.343271	1.7840106	10096	1017	753	10	1805	872	15	0	0	16.997457	0	7.2911652	0	0	0	0	0	0	297.846	-5.22782e-13	298.151	-2.92211e-13	1.44896e-09	0	22	-748.02079	-748.02079
7.293	15.728989	-46.1106	12.8111	0	0	0	86668190	2	0	0	0	298.12545	15.733049	-1.953993e-13	1.442526e-09	-1790.667	7.7091023e+08	8.0634003e+08	2.0122144	11.084354	1.7891734	10019	965	796	13	1751	834	12	0	0	16.997457	0	7.2911652	0	0	0	0	0	0	297.846	-5.22782e-13	298.13	-2.37321e-13	1.44623e-09	0	31	-604.98471	-604.98471
7.2935	15.727879	-46.1137	12.811	0	0	0	86668194	2	0	0	0	298.09394	15.733049	-3.304024e-13	1.443482e-09	-1790.667	7.7091023e+08	8.0691637e+08	2.0118746	10.801834	1.7945552	10125	1013	732	12	1812	883	11	0	0	16.997457	0	7.2911652	0	0	0	0	0	0	297.846	-5.22782e-13	298.101	-3.09797e-13	1.44442e-09	0	20	-1022.9193	-1022.9193
7.294	15.726774	-46.1169	12.8109	0	0	0	86668197	2	0	0	0	298.07246	15.730549	-1.953993e-13	1.448601e-09	-1790.667	7.7091023e+08	8.0982005e+08	2.0119482	11.187406	1.7868634	10009	1024	755	9	1768	819	15	0	0	16.997457	0	7.2922947	0	0	0	0	0	0	297.846	-5.22782e-13	298.076	-2.53131e-13	1.44713e-09	0	36	-604.92008	-604.92008
7.2945	15.725669	-46.1201	12.8108	0	0	0	86668200	2	0	0	0	298.04962	15.730549	-4.085621e-13	1.444356e-09	-1790.667	7.7091023e+08	8.0748895e+08	2.0121136	11.226897	1.7862157	10253	1054	781	7	1765	846	11	0	0	16.997457	0	7.2922947	0	0	0	0	0	0	297.846	-5.22782e-13	298.053	-3.47278e-13	1.4478e-09	0	31	-1264.7651	-1264.7651
7.295	15.724564	-46.1232	12.8107	0	0	0	86668204	2	0	0	0	298.02002	15.728049	-3.019807e-13	1.449449e-09	-1790.667	7.7091023e+08	8.1037844e+08	2.0120867	11.074115	1.7892659	10150	948	764	6	1800	849	15	0	0	16.997457	0	7.2934245	0	0	0	0	0	0	297.846	-5.22782e-13	298.03	-2.54907e-13	1.447e-09	0	27	-934.77652	-934.77652
7.2955	15.723459	-46.1264	12.8106	0	0	0	86668207	2	0	0	0	297.99808	15.728049	-3.694822e-13	1.448797e-09	-1790.667	7.7091023e+08	8.1005607e+08	2.0122138	10.947735	1.7919219	10130	1031	793	14	1740	868	13	0	0	16.997457	0	7.2934245	0	0	0	0	0	0	297.846	-5.22782e-13	298.002	-3.46982e-13	1.44639e-09	0	23	-1143.6653	-1143.6653
7.296	15.722354	-46.1295	12.8106	0	0	0	86668210	2	0	0	0	297.97558	15.725549	-2.23821e-13	1.446192e-09	-1790.667	7.7091023e+08	8.0864166e+08	2.012113	11.415248	1.7824253	10022	1010	775	6	1738	840	8	0	0	16.997457	0	7.2945547	0	0	0	0	0	0	297.846	-5.22782e-13	297.979	-2.97007e-13	1.4465e-09	0	18	-692.76041	-692.76041
7.2965	15.721249	-46.1327	12.8105	0	0	0	86668213	2	0	0	0	297.94445	15.725549	-3.161915e-13	1.447487e-09	-1790.667	7.7091023e+08	8.0940791e+08	2.0118486	11.289374	1.7847235	10126	1048	799	10	1667	788	11	0	0	16.997457	0	7.2945547	0	0	0	0	0	0	297.846	-5.22782e-13	297.957	-3.19744e-13	1.44646e-09	0	33	-978.60907	-978.60907
7.297	15.720144	-46.1359	12.8104	0	0	0	86668217	2	0	0	0	297.92076	15.723049	-2.806644e-13	1.446745e-09	-1790.667	7.7091023e+08	8.0903514e+08	2.0122746	11.076357	1.7893878	9973	1026	771	14	1691	802	16	0	0	16.997457	0	7.2956853	0	0	0	0	0	0	297.846	-5.22782e-13	297.929	-2.42295e-13	1.44676e-09	0	34	-868.60674	-868.60674
7.2975	15.719039	-46.139	12.8103	0	0	0	86668220	2	0	0	0	297.89926	15.723049	-2.557954e-13	1.449079e-09	-1790.667	7.7091023e+08	8.1038255e+08	2.0121085	11.049488	1.7897808	10041	994	802	11	1665	775	14	0	0	16.997457	0	7.2956853	0	0	0	0	0	0	297.846	-5.22782e-13	297.902	-2.93987e-13	1.44845e-09	0	35	-791.59933	-791.59933
7.298	15.717934	-46.1422	12.8102	0	0	0	86668223	2	0	0	0	297.86902	15.723049	-3.694822e-13	1.443496e-09	-1790.667	7.7091023e+08	8.0730239e+08	2.0122198	10.887256	1.7931443	10102	1041	728	7	1726	801	21	0	0	16.997457	0	7.2956853	0	0	0	0	0	0	297.846	-5.22782e-13	297.88	-4.17444e-13	1.44577e-09	0	37	-1143.3601	-1143.3601
7.2985	15.716829	-46.1454	12.8101	0	0	0	86668227	2	0	0	0	297.84778	15.720549	-1.101341e-13	1.449257e-09	-1790.667	7.7091023e+08	8.1056659e+08	2.0120544	11.574128	1.7791766	10076	1012	744	6	1691	792	7	0	0	16.997457	0	7.2968163	0	0	0	0	0	0	297.846	-5.22782e-13	297.855	-2.81375e-13	1.44955e-09	0	22	-340.79102	-340.79102
7.299	15.715724	-46.1485	12.8101	0	0	0	86668230	2	0	0	0	297.82282	15.720549	-3.907985e-14	1.448065e-09	-1790.667	7.7091023e+08	8.0994213e+08	2.0121162	11.587721	1.7789578	10052	1033	742	12	1704	791	9	0	0	16.997457	0	7.2968163	0	0	0	0	0	0	297.846	-5.22782e-13	297.827	-1.71418e-13	1.44773e-09	0	32	-120.91942	-120.91942
7.2995	15.714619	-46.1517	12.81	0	0	0	86668233	2	0	0	0	297.80038	15.718049	-2.664535e-13	1.445072e-09	-1790.667	7.7091023e+08	8.0831022e+08	2.0122227	11.347547	1.7838848	10199	1014	808	10	1688	806	14	0	0	16.997457	0	7.2979476	0	0	0	0	0	0	297.846	-5.22782e-13	297.805	-2.27374e-13	1.44723e-09	0	39	-824.40653	-824.40653
7.3	15.713514	-46.1548	12.8099	0	0	0	86668237	2	0	0	0	297.77079	15.718049	-4.050094e-13	1.450044e-09	-1790.667	7.7091023e+08	8.1113365e+08	2.0119245	11.025607	1.7900976	10069	986	828	12	1745	841	16	0	0	16.997457	0	7.2979476	0	0	0	0	0	0	297.846	-5.22782e-13	297.778	-2.77822e-13	1.4464e-09	0	27	-1253.0313	-1253.0313
7.3005	15.712409	-46.158	12.8098	0	0	0	86668240	2	0	0	0	297.74883	15.715549	-2.096101e-13	1.448713e-09	-1790.667	7.7091023e+08	8.104314e+08	2.0120992	10.903733	1.7927053	10097	990	782	6	1741	801	19	0	0	16.997457	0	7.2990792	0	0	0	0	0	0	297.846	-5.22782e-13	297.753	-3.90799e-13	1.44988e-09	0	33	-648.464	-648.464
7.301	15.711304	-46.1612	12.8097	0	0	0	86668243	2	0	0	0	297.72323	15.715549	-3.907985e-13	1.446379e-09	-1790.667	7.7091023e+08	8.0916795e+08	2.0120179	11.369346	1.7832646	10052	1039	737	16	1762	819	10	0	0	16.997457	0	7.2990792	0	0	0	0	0	0	297.846	-5.22782e-13	297.728	-3.06244e-13	1.45014e-09	0	26	-1208.9362	-1208.9362
7.3015	15.710204	-46.1643	12.8097	0	0	0	86668247	2	0	0	0	297.69416	15.713049	-2.842171e-13	1.451523e-09	-1790.667	7.7091023e+08	8.1208812e+08	2.0121405	11.387865	1.7830006	10042	976	789	11	1766	850	17	0	0	16.997457	0	7.3002113	0	0	0	0	0	0	297.846	-5.22782e-13	297.704	-3.04349e-13	1.44699e-09	0	36	-879.17949	-879.17949
7.302	15.709099	-46.1675	12.8096	0	0	0	86668250	2	0	0	0	297.67232	15.713049	-2.344791e-13	1.450669e-09	-1790.667	7.7091023e+08	8.1165271e+08	2.0121808	10.977129	1.7913011	10022	1002	767	8	1728	817	7	0	0	16.997457	0	7.3002113	0	0	0	0	0	0	297.846	-5.22782e-13	297.676	-2.40696e-13	1.44745e-09	0	26	-725.28439	-725.28439
7.3025	15.707994	-46.1706	12.8095	0	0	0	86668253	2	0	0	0	297.65076	15.713049	-2.948752e-13	1.446733e-09	-1790.667	7.7091023e+08	8.0949279e+08	2.0121296	10.75425	1.7957402	9857	972	761	12	1638	771	19	0	0	16.997457	0	7.3002113	0	0	0	0	0	0	297.846	-5.22782e-13	297.655	-2.52243e-13	1.44729e-09	0	17	-912.05134	-912.05134
7.303	15.706894	-46.1738	12.8094	0	0	0	86668257	2	0	0	0	297.62033	15.710549	-1.527667e-13	1.448255e-09	-1790.667	7.7091023e+08	8.1038673e+08	2.0119597	11.091435	1.7888045	10300	1012	825	11	1767	863	14	0	0	16.997457	0	7.3013437	0	0	0	0	0	0	297.846	-5.22782e-13	297.628	-2.85105e-13	1.44861e-09	0	27	-472.48343	-472.48343
7.3035	15.705789	-46.177	12.8093	0	0	0	86668260	2	0	0	0	297.59646	15.710549	-3.304024e-13	1.450127e-09	-1790.667	7.7091023e+08	8.1147663e+08	2.0119488	11.545073	1.7796678	10239	1073	769	9	1749	803	12	0	0	16.997457	0	7.3013437	0	0	0	0	0	0	297.846	-5.22782e-13	297.601	-3.65929e-13	1.44886e-09	0	23	-1021.8283	-1021.8283
7.304	15.704689	-46.1801	12.8092	0	0	0	86668263	2	0	0	0	297.56531	15.708049	-2.948752e-13	1.449619e-09	-1790.667	7.7091023e+08	8.1123475e+08	2.0122714	10.926336	1.7924038	10124	991	793	12	1696	838	16	0	0	16.997457	0	7.3024765	0	0	0	0	0	0	297.846	-5.22782e-13	297.577	-2.55795e-13	1.4495e-09	0	29	-911.90552	-911.90552
7.3045	15.703584	-46.1833	12.8092	0	0	0	86668267	2	0	0	0	297.53481	15.708049	-2.771117e-13	1.44721e-09	-1790.667	7.7091023e+08	8.0992897e+08	2.0122861	11.218731	1.7865331	9963	1005	757	4	1630	827	9	0	0	16.997457	0	7.3024765	0	0	0	0	0	0	297.846	-5.22782e-13	297.55	-2.43716e-13	1.44868e-09	0	24	-856.92599	-856.92599
7.305	15.702479	-46.1864	12.8091	0	0	0	86668271	2	0	0	0	297.51271	15.705549	-2.167155e-13	1.449095e-09	-1790.667	7.7091023e+08	8.1102632e+08	2.0121805	11.64193	1.7779238	10243	1074	781	12	1724	841	9	0	0	16.997457	0	7.3036096	0	0	0	0	0	0	297.846	-5.22782e-13	297.52	-2.63611e-13	1.45029e-09	0	21	-670.12418	-670.12418
7.3055	15.701379	-46.1896	12.809	0	0	0	86668274	2	0	0	0	297.49103	15.705549	-4.689582e-13	1.451992e-09	-1790.667	7.7091023e+08	8.1269021e+08	2.0119802	11.120062	1.7882467	10135	1051	784	11	1683	780	15	0	0	16.997457	0	7.3036096	0	0	0	0	0	0	297.846	-5.22782e-13	297.494	-2.10498e-13	1.45163e-09	0	30	-1450.0277	-1450.0277
7.306	15.700279	-46.1928	12.8089	0	0	0	86668277	2	0	0	0	297.46085	15.705549	-2.629008e-13	1.451467e-09	-1790.667	7.7091023e+08	8.1243887e+08	2.0118048	11.063467	1.7892294	10158	1057	774	9	1740	838	16	0	0	16.997457	0	7.3036096	0	0	0	0	0	0	297.846	-5.22782e-13	297.472	-2.6823e-13	1.45232e-09	0	31	-812.85101	-812.85101
7.3065	15.699174	-46.1959	12.8088	0	0	0	86668281	2	0	0	0	297.43591	15.703049	-3.055334e-13	1.452609e-09	-1790.667	7.7091023e+08	8.1312063e+08	2.0121974	11.565465	1.7794774	10189	1027	769	7	1733	867	11	0	0	16.997457	0	7.3047431	0	0	0	0	0	0	297.846	-5.22782e-13	297.449	-2.49578e-13	1.45143e-09	0	27	-944.6145	-944.6145
7.307	15.698074	-46.1991	12.8087	0	0	0	86668284	2	0	0	0	297.41395	15.703049	3.552714e-15	1.454e-09	-1790.667	7.7091023e+08	8.1394187e+08	2.0118461	11.08826	1.7887674	10243	968	805	9	1745	806	15	0	0	16.997457	0	7.3047431	0	0	0	0	0	0	297.846	-5.22782e-13	297.417	-1.85629e-13	1.45218e-09	0	33	10.983305	10.983305
7.3075	15.696969	-46.2023	12.8087	0	0	0	86668287	2	0	0	0	297.38075	15.700549	-2.984279e-13	1.447603e-09	-1790.667	7.7091023e+08	8.1040329e+08	2.0119354	11.217378	1.786249	10211	988	761	10	1753	817	19	0	0	16.997457	0	7.305877	0	0	0	0	0	0	297.846	-5.22782e-13	297.395	-1.67866e-13	1.45176e-09	0	33	-922.54823	-922.54823
7.308	15.695869	-46.2054	12.8086	0	0	0	86668291	2	0	0	0	297.36212	15.700549	-2.4869e-13	1.453376e-09	-1790.667	7.7091023e+08	8.1367776e+08	2.0118934	11.463048	1.7812691	10110	1022	762	8	1704	797	15	0	0	16.997457	0	7.305877	0	0	0	0	0	0	297.846	-5.22782e-13	297.369	-2.7427e-13	1.45327e-09	0	26	-768.74952	-768.74952
7.3085	15.694769	-46.2086	12.8085	0	0	0	86668294	2	0	0	0	297.33864	15.698049	-2.664535e-13	1.451495e-09	-1790.667	7.7091023e+08	8.1266724e+08	2.011936	11.347112	1.7836394	9985	974	753	9	1693	842	16	0	0	16.997457	0	7.3070112	0	0	0	0	0	0	297.846	-5.22782e-13	297.343	-2.49578e-13	1.45252e-09	0	29	-823.61613	-823.61613
7.309	15.693664	-46.2117	12.8084	0	0	0	86668297	2	0	0	0	297.30898	15.698049	-4.014566e-13	1.453145e-09	-1790.667	7.7091023e+08	8.1363367e+08	2.0120941	11.392883	1.7828586	10125	1037	742	11	1723	824	14	0	0	16.997457	0	7.3070112	0	0	0	0	0	0	297.846	-5.22782e-13	297.32	-2.75335e-13	1.45329e-09	0	22	-1240.8489	-1240.8489
7.3095	15.692564	-46.2149	12.8083	0	0	0	86668301	2	0	0	0	297.28541	15.695549	-3.552714e-15	1.457789e-09	-1790.667	7.7091023e+08	8.1627668e+08	2.0118003	11.91867	1.7720205	10074	1011	692	13	1672	795	10	0	0	16.997457	0	7.3081458	0	0	0	0	0	0	297.846	-5.22782e-13	297.294	-1.97531e-13	1.45516e-09	0	20	-10.980381	-10.980381
7.31	15.691464	-46.2181	12.8083	0	0	0	86668304	2	0	0	0	297.26212	15.695549	-3.623768e-13	1.45547e-09	-1790.667	7.7091023e+08	8.150209e+08	2.0122608	11.473089	1.7813923	10143	995	764	12	1691	831	18	0	0	16.997457	0	7.3081458	0	0	0	0	0	0	297.846	-5.22782e-13	297.266	-2.67342e-13	1.45586e-09	0	38	-1119.9392	-1119.9392
7.3105	15.690364	-46.2212	12.8082	0	0	0	86668307	2	0	0	0	297.23248	15.695549	-1.350031e-13	1.453316e-09	-1790.667	7.7091023e+08	8.1385739e+08	2.0117971	11.242549	1.7856198	10077	1018	809	7	1728	806	10	0	0	16.997457	0	7.3081458	0	0	0	0	0	0	297.846	-5.22782e-13	297.243	-2.75335e-13	1.45634e-09	0	32	-417.20999	-417.20999
7.311	15.689264	-46.2244	12.8081	0	0	0	86668311	2	0	0	0	297.20908	15.693049	-1.847411e-13	1.458245e-09	-1790.667	7.7091023e+08	8.1666046e+08	2.0118237	11.599347	1.7784653	10221	1054	765	13	1698	855	11	0	0	16.997457	0	7.3092808	0	0	0	0	0	0	297.846	-5.22782e-13	297.213	-1.60583e-13	1.45719e-09	0	28	-570.88861	-570.88861
7.3115	15.688164	-46.2275	12.808	0	0	0	86668314	2	0	0	0	297.18506	15.693049	-2.202682e-13	1.460098e-09	-1790.667	7.7091023e+08	8.1774108e+08	2.012249	11.445757	1.7819318	10086	1000	777	6	1726	816	12	0	0	16.997457	0	7.3092808	0	0	0	0	0	0	297.846	-5.22782e-13	297.189	-2.75335e-13	1.45718e-09	0	28	-680.63856	-680.63856
7.312	15.687059	-46.2307	12.8079	0	0	0	86668317	2	0	0	0	297.15621	15.690549	-1.030287e-13	1.454557e-09	-1790.667	7.7091023e+08	8.1468054e+08	2.0118979	10.830164	1.7940061	10335	1011	759	5	1766	826	12	0	0	16.997457	0	7.3104161	0	0	0	0	0	0	297.846	-5.22782e-13	297.168	-1.9984e-13	1.4557e-09	0	26	-318.34634	-318.34634
7.3125	15.685959	-46.2339	12.8078	0	0	0	86668321	2	0	0	0	297.13465	15.690549	-2.4869e-13	1.458652e-09	-1790.667	7.7091023e+08	8.1701698e+08	2.0122573	11.130155	1.7882899	10320	1025	776	10	1721	816	10	0	0	16.997457	0	7.3104161	0	0	0	0	0	0	297.846	-5.22782e-13	297.141	-2.224e-13	1.45717e-09	0	37	-768.38145	-768.38145
7.313	15.684859	-46.237	12.8078	0	0	0	86668324	2	0	0	0	297.11149	15.688049	-2.202682e-13	1.458933e-09	-1790.667	7.7091023e+08	8.1721727e+08	2.012161	11.372689	1.7833242	10244	1089	783	11	1762	847	8	0	0	16.997457	0	7.3115518	0	0	0	0	0	0	297.846	-5.22782e-13	297.115	-2.36611e-13	1.45741e-09	0	32	-680.52997	-680.52997
7.3135	15.683759	-46.2402	12.8077	0	0	0	86668328	2	0	0	0	297.08007	15.688049	-3.161915e-13	1.460647e-09	-1790.667	7.7091023e+08	8.1822032e+08	2.0120227	10.857738	1.7935626	10305	1050	764	9	1750	857	17	0	0	16.997457	0	7.3115518	0	0	0	0	0	0	297.846	-5.22782e-13	297.091	-2.37144e-13	1.46005e-09	0	26	-976.83801	-976.83801
7.314	15.682659	-46.2434	12.8076	0	0	0	86668331	2	0	0	0	297.05906	15.685549	-3.019807e-13	1.4647e-09	-1790.667	7.7091023e+08	8.2053381e+08	2.0118051	11.660104	1.7772266	10268	982	802	8	1757	861	13	0	0	16.997457	0	7.3126879	0	0	0	0	0	0	297.846	-5.22782e-13	297.063	-1.91847e-13	1.46208e-09	0	28	-932.88574	-932.88574
7.3145	15.681564	-46.2465	12.8075	0	0	0	86668334	2	0	0	0	297.03618	15.685549	-3.836931e-13	1.460306e-09	-1790.667	7.7091023e+08	8.1811524e+08	2.0119379	11.229722	1.7860029	10129	1024	759	12	1720	818	13	0	0	16.997457	0	7.3126879	0	0	0	0	0	0	297.846	-5.22782e-13	297.04	-2.59348e-13	1.4623e-09	0	33	-1185.2506	-1185.2506
7.315	15.680464	-46.2497	12.8074	0	0	0	86668338	2	0	0	0	297.00371	15.685549	-2.273737e-13	1.462054e-09	-1790.667	7.7091023e+08	8.1913757e+08	2.0119802	11.332597	1.7839706	10369	965	796	15	1735	836	21	0	0	16.997457	0	7.3126879	0	0	0	0	0	0	297.846	-5.22782e-13	297.016	-1.92735e-13	1.46249e-09	0	29	-702.3334	-702.3334
7.3155	15.679364	-46.2528	12.8074	0	0	0	86668341	2	0	0	0	296.98147	15.683049	-3.410605e-13	1.464834e-09	-1790.667	7.7091023e+08	8.2073824e+08	2.0121686	11.174666	1.7873155	10430	1064	780	9	1805	863	16	0	0	16.997457	0	7.3138243	0	0	0	0	0	0	297.846	-5.22782e-13	296.985	-2.07834e-13	1.46221e-09	0	24	-1053.444	-1053.444
7.316	15.678264	-46.256	12.8073	0	0	0	86668344	2	0	0	0	296.95921	15.683049	-2.380318e-13	1.460352e-09	-1790.667	7.7091023e+08	8.1827001e+08	2.0118637	11.541347	1.7796675	10257	988	787	10	1743	839	12	0	0	16.997457	0	7.3138243	0	0	0	0	0	0	297.846	-5.22782e-13	296.964	-2.84217e-13	1.46323e-09	0	28	-735.177	-735.177
7.3165	15.677164	-46.2592	12.8072	0	0	0	86668348	2	0	0	0	296.92944	15.680549	-3.659295e-13	1.461334e-09	-1790.667	7.7091023e+08	8.188633e+08	2.0121037	11.501515	1.7806813	10440	1045	802	11	1791	833	10	0	0	16.997457	0	7.3149611	0	0	0	0	0	0	297.846	-5.22782e-13	296.94	-2.30038e-13	1.4638e-09	0	34	-1130.1375	-1130.1375
7.317	15.676064	-46.2623	12.8071	0	0	0	86668351	2	0	0	0	296.90636	15.680549	-2.380318e-13	1.465756e-09	-1790.667	7.7091023e+08	8.2138438e+08	2.0117872	11.573041	1.7789622	10062	961	772	10	1702	819	20	0	0	16.997457	0	7.3149611	0	0	0	0	0	0	297.846	-5.22782e-13	296.91	-2.0961e-13	1.46423e-09	0	24	-735.09887	-735.09887
7.3175	15.674969	-46.2655	12.807	0	0	0	86668354	2	0	0	0	296.88375	15.678049	-2.771117e-13	1.464073e-09	-1790.667	7.7091023e+08	8.2048442e+08	2.012184	11.293011	1.7849478	10358	1037	780	11	1731	836	11	0	0	16.997457	0	7.3160983	0	0	0	0	0	0	297.846	-5.22782e-13	296.887	-2.63789e-13	1.46247e-09	0	32	-855.74145	-855.74145
7.318	15.673869	-46.2686	12.8069	0	0	0	86668357	2	0	0	0	296.85404	15.678049	-1.669775e-13	1.460432e-09	-1790.667	7.7091023e+08	8.1848702e+08	2.011928	11.343134	1.7837123	10217	991	776	8	1696	808	15	0	0	16.997457	0	7.3160983	0	0	0	0	0	0	297.846	-5.22782e-13	296.866	-2.52243e-13	1.46167e-09	0	33	-515.61149	-515.61149
7.3185	15.672769	-46.2718	12.8069	0	0	0	86668361	2	0	0	0	296.82922	15.677307	-3.765876e-13	1.461636e-09	-1790.667	7.7091023e+08	8.1920491e+08	2.0119542	11.453382	1.7815174	10382	1061	795	12	1767	828	19	0	0	16.997457	0	7.3164359	0	0	0	0	0	0	297.846	-5.22782e-13	296.834	-2.93987e-13	1.46152e-09	0	23	-1162.8069	-1162.8069
7.319	15.671674	-46.275	12.8068	0	0	0	86668364	2	0	0	0	296.80667	15.675549	-1.634248e-13	1.46335e-09	-1790.667	7.7091023e+08	8.2020873e+08	2.0120314	11.304221	1.7845869	10379	1037	767	17	1719	827	9	0	0	16.997457	0	7.3172358	0	0	0	0	0	0	297.846	-5.22782e-13	296.811	-2.2311e-13	1.46253e-09	0	30	-504.58747	-504.58747
7.3195	15.670574	-46.2781	12.8067	0	0	0	86668367	2	0	0	0	296.77653	15.675549	-2.23821e-13	1.459503e-09	-1790.667	7.7091023e+08	8.1809556e+08	2.0121427	11.640765	1.7779139	10276	1021	779	10	1792	889	21	0	0	16.997457	0	7.3172358	0	0	0	0	0	0	297.846	-5.22782e-13	296.789	-2.40696e-13	1.46433e-09	0	25	-691.029	-691.029
7.32	15.669474	-46.2813	12.8066	0	0	0	86668371	2	0	0	0	296.75377	15.673049	-9.237056e-14	1.466855e-09	-1790.667	7.7091023e+08	8.2225989e+08	2.0118157	11.439155	1.781681	10519	1046	856	10	1770	862	16	0	0	16.997457	0	7.3183737	0	0	0	0	0	0	297.846	-5.22782e-13	296.758	-1.22569e-13	1.46463e-09	0	28	-285.1714	-285.1714
7.3205	15.668379	-46.2844	12.8065	0	0	0	86668374	2	0	0	0	296.73264	15.673049	-8.526513e-14	1.467015e-09	-1790.667	7.7091023e+08	8.223929e+08	2.0120995	11.088597	1.7889859	10226	1046	798	9	1751	845	16	0	0	16.997457	0	7.3183737	0	0	0	0	0	0	297.846	-5.22782e-13	296.737	-1.45661e-13	1.46276e-09	0	29	-263.22115	-263.22115
7.321	15.667279	-46.2876	12.8065	0	0	0	86668377	2	0	0	0	296.70132	15.670549	-2.700062e-13	1.463759e-09	-1790.667	7.7091023e+08	8.2061086e+08	2.0121699	11.216373	1.7864774	10294	1044	762	11	1733	811	14	0	0	16.997457	0	7.319512	0	0	0	0	0	0	297.846	-5.22782e-13	296.714	-2.39808e-13	1.46224e-09	0	25	-833.48927	-833.48927
7.3215	15.666184	-46.2908	12.8064	0	0	0	86668381	2	0	0	0	296.67878	15.670549	-1.24345e-13	1.461784e-09	-1790.667	7.7091023e+08	8.1954683e+08	2.0118573	11.95175	1.7714051	10207	1022	783	9	1813	825	20	0	0	16.997457	0	7.319512	0	0	0	0	0	0	297.846	-5.22782e-13	296.687	-2.06768e-13	1.46344e-09	0	41	-383.82349	-383.82349
7.322	15.665084	-46.2939	12.8063	0	0	0	86668384	2	0	0	0	296.65794	15.668049	-3.019807e-13	1.465352e-09	-1790.667	7.7091023e+08	8.2159054e+08	2.011912	11.058663	1.7894214	10444	1052	824	7	1758	867	8	0	0	16.997457	0	7.3206506	0	0	0	0	0	0	297.846	-5.22782e-13	296.661	-2.78e-13	1.46388e-09	0	16	-932.09325	-932.09325
7.3225	15.663989	-46.2971	12.8062	0	0	0	86668388	2	0	0	0	296.62601	15.668049	-7.81597e-14	1.462332e-09	-1790.667	7.7091023e+08	8.1994053e+08	2.0119523	11.348563	1.7836246	10329	1058	777	19	1773	844	17	0	0	16.997457	0	7.3206506	0	0	0	0	0	0	297.846	-5.22782e-13	296.64	-2.41585e-13	1.46387e-09	0	24	-241.23483	-241.23483
7.323	15.662894	-46.3003	12.8061	0	0	0	86668391	2	0	0	0	296.59812	15.668049	-1.314504e-13	1.464889e-09	-1790.667	7.7091023e+08	8.2141758e+08	2.0121686	11.530564	1.7801542	10484	1008	807	9	1854	868	23	0	0	16.997457	0	7.3206506	0	0	0	0	0	0	297.846	-5.22782e-13	296.609	-1.47438e-13	1.46527e-09	0	30	-405.69158	-405.69158
