# Scan number: 73
# Command: ascan monoE 22.097 22.197 50 6
# Date: Sat Jul 27 21:53:03 2024
# date: Sat Jul 27 21:53:03 2024
monoE	monobr	cr2latr	cr2vetr	H	K	L	Epoch	sec	no1	no2	izero	RCur	enc_det	K1_1	K1_2	"Counter 8"	"Counter 9"	ionch1	mcaRt	mcaDt	mcaLt	mca	roi1	roi2	roi3	roi4	roi5	roi6	ctm	ctran	LST1	LST2	E_det	mcaLt1	mcaLt2	mcaLt3	mcaLt4	mcaLt5	mcaLt6	mcaLt7	mcaLt8	AS_RC	AS_DM	AS_IC	AS_IC1	cyber	diode1	diode1
22.097	5.1331737	-139.7101	12.0194	0	0	0	86679872	6	0	0	0	297.23877	5.139709	8.480328e-11	7.744916e-13	-1790.667	7.7091023e+08	4014448.8	6.0122544	5.2451859	5.6969005	71	2	4	3	8	5	6	0	0	16.997457	0	22.068986	0	0	0	0	0	0	297.846	-5.22782e-13	297.258	8.54268e-11	7.65314e-13	0	49	459965.25	459965.25
22.099	5.1327087	-139.7227	12.0194	0	0	0	86679879	6	0	0	0	297.18393	5.137209	8.475354e-11	7.993606e-13	-1790.667	7.7091023e+08	4144259	6.0119389	8.5394508	5.4985523	72	0	3	5	7	6	5	0	0	16.997457	0	22.079697	0	0	0	0	0	0	297.846	-5.22782e-13	297.204	8.43787e-11	7.79525e-13	0	57	459766.09	459766.09
22.101	5.1322437	-139.7353	12.0193	0	0	0	86679886	6	0	0	0	297.12395	5.137209	8.391154e-11	8.06466e-13	-1790.667	7.7091023e+08	4182010.8	6.0121568	9.8387427	5.4206362	66	1	2	2	7	3	4	0	0	16.997457	0	22.079697	0	0	0	0	0	0	297.846	-5.22782e-13	297.151	8.32737e-11	7.96901e-13	0	53	455268.39	455268.39
22.103	5.1317787	-139.748	12.0193	0	0	0	86679894	6	0	0	0	297.07054	5.137209	8.166268e-11	7.780443e-13	-1790.667	7.7091023e+08	4035509.2	6.0121917	9.3135128	5.4522454	58	1	3	4	4	2	2	0	0	16.997457	0	22.079697	0	0	0	0	0	0	297.846	-5.22782e-13	297.09	8.30092e-11	7.69755e-13	0	70	443135.09	443135.09
22.105	5.1313137	-139.7606	12.0192	0	0	0	86679901	6	0	0	0	297.0163	5.137209	8.076029e-11	7.851497e-13	-1790.667	7.7091023e+08	4073253.2	6.0118774	9.1694697	5.4606202	67	2	2	3	3	1	2	0	0	16.997457	0	22.079697	0	0	0	0	0	0	297.846	-5.22782e-13	297.035	8.27622e-11	7.91959e-13	0	55	438305.67	438305.67
22.107	5.1308437	-139.7733	12.0191	0	0	0	86679908	6	0	0	0	296.95553	5.137209	8.193268e-11	7.709389e-13	-1790.667	7.7091023e+08	4000403.5	6.0119085	6.012866	5.6504205	55	1	3	1	3	3	7	0	0	16.997457	0	22.079697	0	0	0	0	0	0	297.846	-5.22782e-13	296.982	8.18348e-11	7.59635e-13	0	49	444736.81	444736.81
22.109	5.1303787	-139.7859	12.0191	0	0	0	86679921	6	0	0	0	296.86315	5.134709	8.54925e-11	8.029133e-13	-1790.667	7.7091023e+08	4167229.3	6.0121514	6.3228481	5.6320122	64	2	2	5	7	4	2	0	0	16.997457	0	22.090418	0	0	0	0	0	0	297.846	-5.22782e-13	296.925	8.14995e-11	7.92847e-13	0	49	464131.06	464131.06
22.111	5.1299137	-139.7986	12.019	0	0	0	86679928	6	0	0	0	296.81163	5.134709	8.091661e-11	7.389644e-13	-1790.667	7.7091023e+08	3836163.8	6.0118707	6.7553655	5.6057469	67	1	2	2	6	5	5	0	0	16.997457	0	22.090418	0	0	0	0	0	0	297.846	-5.22782e-13	296.829	8.09655e-11	7.54063e-13	0	55	439356.43	439356.43
22.113	5.1294487	-139.8112	12.019	0	0	0	86679935	6	0	0	0	296.75748	5.134709	8.163425e-11	7.389644e-13	-1790.667	7.7091023e+08	3837002	6.0119533	7.4405102	5.5646333	70	1	6	2	3	5	11	0	0	16.997457	0	22.090418	0	0	0	0	0	0	297.846	-5.22782e-13	296.776	7.99482e-11	7.70347e-13	0	53	443321.1	443321.1
22.115	5.1289837	-139.8239	12.0189	0	0	0	86679943	6	0	0	0	296.69624	5.134709	8.093082e-11	7.425172e-13	-1790.667	7.7091023e+08	3856291.9	6.0119453	6.1306586	5.6433734	71	2	5	3	9	3	8	0	0	16.997457	0	22.090418	0	0	0	0	0	0	297.846	-5.22782e-13	296.723	8.06599e-11	7.363e-13	0	56	439568.56	439568.56
22.117	5.1285187	-139.8365	12.0189	0	0	0	86679950	6	0	0	0	296.64194	5.134709	8.341416e-11	7.851497e-13	-1790.667	7.7091023e+08	4078596.2	6.012017	9.1711092	5.4606483	78	2	1	0	4	5	9	0	0	16.997457	0	22.090418	0	0	0	0	0	0	297.846	-5.22782e-13	296.662	7.97653e-11	7.32451e-13	0	67	453126.17	453126.17
22.119	5.1280537	-139.8492	12.0188	0	0	0	86679957	6	0	0	0	296.58603	5.134709	8.062884e-11	7.354117e-13	-1790.667	7.7091023e+08	3821058	6.012176	10.202597	5.3987779	73	4	2	2	6	3	9	0	0	16.997457	0	22.090418	0	0	0	0	0	0	297.846	-5.22782e-13	296.607	7.85825e-11	7.38964e-13	0	57	438062.88	438062.88
22.121	5.1275887	-139.8618	12.0187	0	0	0	86679965	6	0	0	0	296.52951	5.132209	8.007106e-11	7.31859e-13	-1790.667	7.7091023e+08	3803429.4	6.0120726	10.275777	5.3942854	71	4	0	2	2	3	7	0	0	16.997457	0	22.10115	0	0	0	0	0	0	297.846	-5.22782e-13	296.554	7.88356e-11	7.47039e-13	0	64	435099.21	435099.21
22.123	5.1271237	-139.8744	12.0187	0	0	0	86679972	6	0	0	0	296.47245	5.132209	7.674927e-11	7.602807e-13	-1790.667	7.7091023e+08	3951998.2	6.0120086	6.5931828	5.6156259	71	2	1	3	1	2	10	0	0	16.997457	0	22.10115	0	0	0	0	0	0	297.846	-5.22782e-13	296.493	7.73817e-11	7.54952e-13	0	58	417112.91	417112.91
22.125	5.1266587	-139.8871	12.0186	0	0	0	86679981	6	0	0	0	296.75387	5.132209	7.865708e-11	7.602807e-13	-1790.667	7.7091023e+08	3952861.2	6.0121706	4.9753905	5.7130416	81	3	1	2	3	0	9	0	0	16.997457	0	22.10115	0	0	0	0	0	0	297.846	-5.22782e-13	296.44	7.72831e-11	7.38668e-13	0	59	427547	427547
22.127	5.1261937	-139.8997	12.0186	0	0	0	86679988	6	0	0	0	296.69878	5.132209	7.704415e-11	7.389644e-13	-1790.667	7.7091023e+08	3842872.1	6.012025	11.647249	5.3117894	85	3	2	2	1	5	10	0	0	16.997457	0	22.10115	0	0	0	0	0	0	297.846	-5.22782e-13	296.719	7.75279e-11	7.2766e-13	0	65	418844.07	418844.07
22.129	5.1257337	-139.9124	12.0185	0	0	0	86679995	6	0	0	0	296.63872	5.132209	7.746337e-11	6.82121e-13	-1790.667	7.7091023e+08	3548041.1	6.0118147	12.578639	5.2556102	85	4	2	3	5	5	10	0	0	16.997457	0	22.10115	0	0	0	0	0	0	297.846	-5.22782e-13	296.665	7.62544e-11	7.29126e-13	0	50	421187.77	421187.77
22.131	5.1252687	-139.925	12.0185	0	0	0	86680003	6	0	0	0	296.58433	5.129709	7.638334e-11	7.034373e-13	-1790.667	7.7091023e+08	3659716.3	6.0121306	7.8884781	5.537865	78	4	2	1	6	2	11	0	0	16.997457	0	22.111893	0	0	0	0	0	0	297.846	-5.22782e-13	296.604	7.67761e-11	7.34045e-13	0	65	415379.12	415379.12
22.133	5.1248037	-139.9377	12.0184	0	0	0	86680010	6	0	0	0	296.53214	5.129709	7.576872e-11	7.283063e-13	-1790.667	7.7091023e+08	3789927.3	6.0119603	11.765816	5.3046042	77	4	4	2	8	5	10	0	0	16.997457	0	22.111893	0	0	0	0	0	0	297.846	-5.22782e-13	296.55	7.54238e-11	7.32828e-13	0	48	412100	412100
22.135	5.1243387	-139.9503	12.0183	0	0	0	86680017	6	0	0	0	296.47888	5.129709	7.585754e-11	6.856737e-13	-1790.667	7.7091023e+08	3568856.5	6.0118739	9.4091394	5.4462083	92	4	3	1	3	8	21	0	0	16.997457	0	22.111893	0	0	0	0	0	0	297.846	-5.22782e-13	296.498	7.51011e-11	7.21201e-13	0	58	412646.4	412646.4
22.137	5.1238737	-139.963	12.0183	0	0	0	86680025	6	0	0	0	296.77986	5.129709	7.305445e-11	6.785683e-13	-1790.667	7.7091023e+08	3532644.4	6.0117696	8.8611087	5.4790602	88	5	3	1	1	2	11	0	0	16.997457	0	22.111893	0	0	0	0	0	0	297.846	-5.22782e-13	296.685	7.42514e-11	7.12481e-13	0	58	397459.26	397459.26
22.139	5.1234087	-139.9756	12.0182	0	0	0	86680032	6	0	0	0	296.72498	5.129709	7.164047e-11	7.034373e-13	-1790.667	7.7091023e+08	3662912.2	6.0121123	9.2457408	5.456248	105	1	0	2	6	5	16	0	0	16.997457	0	22.111893	0	0	0	0	0	0	297.846	-5.22782e-13	296.745	7.30591e-11	7.23387e-13	0	52	389826.18	389826.18
22.141	5.1229437	-139.9882	12.0182	0	0	0	86680041	6	0	0	0	296.66013	5.129709	7.170797e-11	6.998846e-13	-1790.667	7.7091023e+08	3645208	6.0119421	6.0483723	5.6483174	128	1	2	4	4	1	31	0	0	16.997457	0	22.111893	0	0	0	0	0	0	297.846	-5.22782e-13	296.692	7.15528e-11	6.97042e-13	0	58	390253.35	390253.35
22.143	5.1224837	-140.0009	12.0181	0	0	0	86680049	6	0	0	0	296.59601	5.127209	6.898659e-11	7.602807e-13	-1790.667	7.7091023e+08	3960632.8	6.0122518	9.9017968	5.4169309	145	2	4	4	5	3	37	0	0	16.997457	0	22.122645	0	0	0	0	0	0	297.846	-5.22782e-13	296.623	6.90334e-11	7.03733e-13	0	59	375500.49	375500.49
22.145	5.1220187	-140.0135	12.0181	0	0	0	86680056	6	0	0	0	296.54267	5.127209	6.55298e-11	6.679102e-13	-1790.667	7.7091023e+08	3480193.8	6.0121437	9.2105903	5.4583898	177	2	5	2	4	4	53	0	0	16.997457	0	22.122645	0	0	0	0	0	0	297.846	-5.22782e-13	296.562	6.66175e-11	6.98518e-13	0	47	356739.58	356739.58
22.147	5.1215537	-140.0262	12.018	0	0	0	86680063	6	0	0	0	296.48845	5.127209	6.432188e-11	7.0699e-13	-1790.667	7.7091023e+08	3684625.4	6.0121296	11.062048	5.347065	273	3	1	4	2	5	77	0	0	16.997457	0	22.122645	0	0	0	0	0	0	297.846	-5.22782e-13	296.508	6.363e-11	7.0024e-13	0	63	350217.47	350217.47
22.149	5.1210887	-140.0388	12.0179	0	0	0	86680071	6	0	0	0	298.32631	5.127209	6.228618e-11	6.536993e-13	-1790.667	7.7091023e+08	3407632.9	6.011849	8.8975861	5.4769395	305	1	4	2	4	1	74	0	0	16.997457	0	22.122645	0	0	0	0	0	0	297.846	-5.22782e-13	296.453	6.18412e-11	6.88338e-13	0	51	339185.58	339185.58
22.151	5.1206287	-140.0515	12.0179	0	0	0	86680078	6	0	0	0	298.27313	5.127209	5.888623e-11	6.359357e-13	-1790.667	7.7091023e+08	3315757	6.012057	6.7705706	5.6050064	350	2	3	1	5	5	88	0	0	16.997457	0	22.122645	0	0	0	0	0	0	297.846	-5.22782e-13	298.291	5.93052e-11	7.17944e-13	0	60	320720	320720
22.153	5.1201637	-140.0641	12.0178	0	0	0	86680085	6	0	0	0	298.21696	5.124709	5.798384e-11	6.750156e-13	-1790.667	7.7091023e+08	3520286.4	6.012049	11.342013	5.3301616	371	1	2	2	5	8	102	0	0	16.997457	0	22.133409	0	0	0	0	0	0	297.846	-5.22782e-13	298.237	5.77331e-11	7.07878e-13	0	57	315853.63	315853.63
22.155	5.1196987	-140.0768	12.0178	0	0	0	86680093	6	0	0	0	298.15703	5.124709	5.337242e-11	6.998846e-13	-1790.667	7.7091023e+08	3650777.1	6.0122246	8.0566624	5.52784	467	3	1	3	6	5	128	0	0	16.997457	0	22.133409	0	0	0	0	0	0	297.846	-5.22782e-13	298.183	5.4779e-11	6.94852e-13	0	44	290778.57	290778.57
22.157	5.1192387	-140.0894	12.0177	0	0	0	86680101	6	0	0	0	298.08592	5.124709	5.134027e-11	6.288303e-13	-1790.667	7.7091023e+08	3280854.8	6.0121043	9.2456573	5.4562458	451	5	3	3	4	1	125	0	0	16.997457	0	22.133409	0	0	0	0	0	0	297.846	-5.22782e-13	298.122	5.29313e-11	6.87935e-13	0	66	279750.1	279750.1
22.159	5.1187737	-140.1021	12.0177	0	0	0	86680109	6	0	0	0	298.03296	5.124709	5.032774e-11	6.714629e-13	-1790.667	7.7091023e+08	3504049.6	6.0120518	9.7303326	5.4270592	492	3	2	3	6	8	134	0	0	16.997457	0	22.133409	0	0	0	0	0	0	297.846	-5.22782e-13	298.052	5.03636e-11	6.70871e-13	0	45	274274.93	274274.93
22.161	5.1183087	-140.1147	12.0176	0	0	0	86680116	6	0	0	0	297.97983	5.124709	4.89031e-11	7.034373e-13	-1790.667	7.7091023e+08	3671709.2	6.0122691	9.6143028	5.4342314	482	1	1	0	6	8	145	0	0	16.997457	0	22.133409	0	0	0	0	0	0	297.846	-5.22782e-13	298	4.93099e-11	6.7986e-13	0	47	266551.83	266551.83
22.163	5.1178487	-140.1273	12.0175	0	0	0	86680124	6	0	0	0	297.9179	5.122209	4.71303e-11	6.430412e-13	-1790.667	7.7091023e+08	3357193.2	6.0119971	8.8926244	5.4773728	487	5	6	3	2	6	154	0	0	16.997457	0	22.144183	0	0	0	0	0	0	297.846	-5.22782e-13	297.945	4.7969e-11	6.40081e-13	0	47	256928.37	256928.37
22.165	5.1173837	-140.14	12.0175	0	0	0	86680131	6	0	0	0	297.86522	5.122209	4.632739e-11	6.359357e-13	-1790.667	7.7091023e+08	3320820.3	6.0120864	11.096602	5.3449491	495	3	3	2	8	6	145	0	0	16.997457	0	22.144183	0	0	0	0	0	0	297.846	-5.22782e-13	297.884	4.759e-11	6.59513e-13	0	55	252590.07	252590.07
22.167	5.1169187	-140.1526	12.0174	0	0	0	86680138	6	0	0	0	297.81206	5.122209	4.802203e-11	6.217249e-13	-1790.667	7.7091023e+08	3247319.8	6.0121952	9.0311692	5.4692237	485	2	3	1	4	2	151	0	0	16.997457	0	22.144183	0	0	0	0	0	0	297.846	-5.22782e-13	297.831	4.76138e-11	6.43041e-13	0	55	261869.87	261869.87
22.169	5.1164587	-140.1653	12.0174	0	0	0	86680145	6	0	0	0	297.74934	5.122209	4.783729e-11	7.034373e-13	-1790.667	7.7091023e+08	3674910.9	6.0118902	10.311752	5.391959	515	4	1	0	5	2	166	0	0	16.997457	0	22.144183	0	0	0	0	0	0	297.846	-5.22782e-13	297.775	4.71421e-11	6.44521e-13	0	58	260902.45	260902.45
22.171	5.1159937	-140.1779	12.0173	0	0	0	86680152	6	0	0	0	297.69686	5.122209	4.638423e-11	6.394885e-13	-1790.667	7.7091023e+08	3341556.3	6.0119453	9.6104295	5.4341715	504	1	7	0	4	3	141	0	0	16.997457	0	22.144183	0	0	0	0	0	0	297.846	-5.22782e-13	297.723	4.71383e-11	6.46239e-13	0	61	253016.31	253016.31
22.173	5.1155337	-140.1906	12.0173	0	0	0	86680162	6	0	0	0	297.62892	5.122209	4.499867e-11	6.785683e-13	-1790.667	7.7091023e+08	3546534.7	6.011935	9.4109653	5.4461539	463	1	1	1	6	6	130	0	0	16.997457	0	22.144183	0	0	0	0	0	0	297.846	-5.22782e-13	297.663	4.67321e-11	6.30122e-13	0	46	245495.99	245495.99
22.175	5.1150687	-140.2032	12.0172	0	0	0	86680169	6	0	0	0	297.57598	5.119709	4.67395e-11	6.608047e-13	-1790.667	7.7091023e+08	3454445.6	6.0118544	8.7875289	5.483561	469	0	4	4	8	9	135	0	0	16.997457	0	22.154967	0	0	0	0	0	0	297.846	-5.22782e-13	297.594	4.64384e-11	6.47886e-13	0	56	255032.39	255032.39
22.177	5.1146087	-140.2159	12.0171	0	0	0	86680176	6	0	0	0	297.51229	5.119709	4.664003e-11	6.07514e-13	-1790.667	7.7091023e+08	3176553.1	6.012233	9.1808765	5.4602573	447	2	6	3	5	5	138	0	0	16.997457	0	22.154967	0	0	0	0	0	0	297.846	-5.22782e-13	297.54	4.5806e-11	6.28534e-13	0	58	254528.64	254528.64
22.179	5.1141437	-140.2285	12.0171	0	0	0	86680184	6	0	0	0	297.45753	5.119709	4.489564e-11	6.536993e-13	-1790.667	7.7091023e+08	3418790	6.011801	9.2998475	5.4527126	440	2	1	4	5	3	129	0	0	16.997457	0	22.154967	0	0	0	0	0	0	297.846	-5.22782e-13	297.477	4.50952e-11	6.33271e-13	0	76	245046.53	245046.53
22.181	5.1136837	-140.2412	12.017	0	0	0	86680191	6	0	0	0	297.40549	5.119709	4.370193e-11	5.968559e-13	-1790.667	7.7091023e+08	3122183.8	6.0121994	9.6459875	5.4322634	455	2	3	3	4	6	136	0	0	16.997457	0	22.154967	0	0	0	0	0	0	297.846	-5.22782e-13	297.424	4.43396e-11	6.36824e-13	0	48	238567.65	238567.65
22.183	5.1132187	-140.2538	12.017	0	0	0	86680199	6	0	0	0	297.34442	5.119709	4.29381e-11	6.288303e-13	-1790.667	7.7091023e+08	3290159.8	6.0118954	8.5787361	5.4961507	433	1	3	3	2	6	112	0	0	16.997457	0	22.154967	0	0	0	0	0	0	297.846	-5.22782e-13	297.371	4.29461e-11	5.9944e-13	0	56	234433.84	234433.84
22.185	5.1127587	-140.2664	12.0169	0	0	0	86680206	6	0	0	0	297.29019	5.117209	4.208189e-11	6.07514e-13	-1790.667	7.7091023e+08	3179320.9	6.0118147	9.4660589	5.4427328	456	2	5	4	8	6	124	0	0	16.997457	0	22.165762	0	0	0	0	0	0	297.846	-5.22782e-13	297.311	4.25156e-11	6.10475e-13	0	59	229794.3	229794.3
22.187	5.1122987	-140.2791	12.0169	0	0	0	86680213	6	0	0	0	297.23592	5.117209	4.125056e-11	5.719869e-13	-1790.667	7.7091023e+08	2994047.6	6.012201	9.7124631	5.4282682	481	1	5	2	5	3	135	0	0	16.997457	0	22.165762	0	0	0	0	0	0	297.846	-5.22782e-13	297.255	4.19223e-11	5.73467e-13	0	56	225289.21	225289.21
22.189	5.1118337	-140.2917	12.0168	0	0	0	86680222	6	0	0	0	297.16692	5.117209	4.238032e-11	6.039613e-13	-1790.667	7.7091023e+08	3162104.8	6.0119085	9.7084272	5.4282467	412	0	2	2	2	1	108	0	0	16.997457	0	22.165762	0	0	0	0	0	0	297.846	-5.22782e-13	297.201	4.16638e-11	5.68707e-13	0	45	231494.84	231494.84
22.191	5.1113737	-140.3044	12.0167	0	0	0	86680230	6	0	0	0	297.10679	5.117209	4.022738e-11	5.222489e-13	-1790.667	7.7091023e+08	2734885.8	6.0120922	7.9172599	5.5360992	412	3	1	0	3	2	124	0	0	16.997457	0	22.165762	0	0	0	0	0	0	297.846	-5.22782e-13	297.133	4.11446e-11	5.68757e-13	0	44	219768.45	219768.45
22.193	5.1109087	-140.317	12.0167	0	0	0	86680237	6	0	0	0	297.05397	5.117209	4.05791e-11	5.57776e-13	-1790.667	7.7091023e+08	2921568	6.0117898	9.3120489	5.451969	451	3	2	0	2	1	132	0	0	16.997457	0	22.165762	0	0	0	0	0	0	297.846	-5.22782e-13	297.073	4.12241e-11	5.71987e-13	0	54	221723.91	221723.91
22.195	5.1104487	-140.3297	12.0166	0	0	0	86680244	6	0	0	0	296.9934	5.117209	4.041567e-11	6.039613e-13	-1790.667	7.7091023e+08	3164169.9	6.0120688	9.3580832	5.4494544	423	1	0	2	4	4	108	0	0	16.997457	0	22.165762	0	0	0	0	0	0	297.846	-5.22782e-13	297.021	4.13284e-11	6.02185e-13	0	60	220864.76	220864.76
22.197	5.1099887	-140.3423	12.0166	0	0	0	86680252	6	0	0	0	296.94072	5.114709	4.10445e-11	5.542233e-13	-1790.667	7.7091023e+08	2904223	6.012128	8.6471399	5.4922509	420	3	3	0	1	2	125	0	0	16.997457	0	22.176567	0	0	0	0	0	0	297.846	-5.22782e-13	296.968	4.09681e-11	5.58368e-13	0	53	224335.56	224335.56
