# Scan number: 55
# Command: ascan monoE 19.96 20.04 40 1
# Date: Sat Jul 27 20:46:38 2024
# date: Sat Jul 27 20:46:38 2024
# C Sat Jul 27 20: 54:25 2024.  do ./2023-07_EXAFS.mac.
monoE	monobr	cr2latr	cr2vetr	H	K	L	Epoch	sec	no1	no2	izero	RCur	enc_det	K1_1	K1_2	"Counter 8"	"Counter 9"	ionch1	mcaRt	mcaDt	mcaLt	mca	roi1	roi2	roi3	roi4	roi5	roi6	ctm	ctran	LST1	LST2	E_det	mcaLt1	mcaLt2	mcaLt3	mcaLt4	mcaLt5	mcaLt6	mcaLt7	mcaLt8	AS_RC	AS_DM	AS_IC	AS_IC1	cyber	diode1	diode1
19.96	5.6844737	-126.1987	12.0822	0	0	0	86675886	1	0	0	0	297.90321	5.6871113	-1.076472e-12	4.164491e-11	-1790.667	7.7091023e+08	1.686995e+08	1.011959	10.850653	0.90215488	1537	30	30	25	79	66	117	0	0	16.997457	0	19.950782	0	0	0	0	0	0	297.846	-5.22782e-13	297.907	-9.39693e-13	4.17266e-11	0	7	-4927.9186	-4927.9186
19.962	5.6839037	-126.2113	12.0822	0	0	0	86675888	1	0	0	0	297.88734	5.6871113	-1.097789e-12	4.181544e-11	-1790.667	7.7091023e+08	1.6943155e+08	1.011881	10.531041	0.90531936	1596	33	35	37	77	58	116	0	0	16.997457	0	19.950782	0	0	0	0	0	0	297.846	-5.22782e-13	297.887	-9.8647e-13	4.17479e-11	0	16	-5026.3263	-5026.3263
19.964	5.6833337	-126.224	12.0821	0	0	0	86675890	1	0	0	0	297.86423	5.6871113	-9.912071e-13	4.177991e-11	-1790.667	7.7091023e+08	1.6932881e+08	1.0121555	11.262206	0.89816448	1570	36	29	34	88	75	117	0	0	16.997457	0	19.950782	0	0	0	0	0	0	297.846	-5.22782e-13	297.87	-1.01608e-12	4.16751e-11	0	5	-4539.0736	-4539.0736
19.966	5.6827587	-126.2366	12.082	0	0	0	86675893	1	0	0	0	297.84812	5.6871113	-9.947598e-13	4.164491e-11	-1790.667	7.7091023e+08	1.6882276e+08	1.0122269	10.216745	0.90881024	1570	35	34	28	87	87	104	0	0	16.997457	0	19.950782	0	0	0	0	0	0	297.846	-5.22782e-13	297.852	-9.52127e-13	4.16591e-11	0	11	-4556.0876	-4556.0876
19.968	5.6821887	-126.2493	12.082	0	0	0	86675895	1	0	0	0	297.8327	5.6871113	-9.80549e-13	4.12399e-11	-1790.667	7.7091023e+08	1.6722161e+08	1.0119866	11.414001	0.8964784	1532	42	29	29	87	73	100	0	0	16.997457	0	19.950782	0	0	0	0	0	0	297.846	-5.22782e-13	297.833	-9.9476e-13	4.14975e-11	0	10	-4491.7352	-4491.7352
19.97	5.6816187	-126.2619	12.0819	0	0	0	86675897	1	0	0	0	297.8074	5.6871113	-9.698908e-13	4.110134e-11	-1790.667	7.7091023e+08	1.6670034e+08	1.0122362	11.698235	0.8938224	1503	33	37	35	82	77	116	0	0	16.997457	0	19.950782	0	0	0	0	0	0	297.846	-5.22782e-13	297.816	-9.22521e-13	4.11617e-11	0	10	-4443.6382	-4443.6382
19.972	5.6810487	-126.2746	12.0819	0	0	0	86675900	1	0	0	0	297.7934	5.6846113	-8.100187e-13	4.104095e-11	-1790.667	7.7091023e+08	1.6649592e+08	1.0120688	11.312148	0.89758208	1547	29	34	34	71	51	98	0	0	16.997457	0	19.959528	0	0	0	0	0	0	297.846	-5.22782e-13	297.8	-9.11271e-13	4.09853e-11	0	4	-3711.7772	-3711.7772
19.974	5.6804787	-126.2872	12.0818	0	0	0	86675902	1	0	0	0	297.77934	5.6846113	-9.876544e-13	4.061462e-11	-1790.667	7.7091023e+08	1.6480647e+08	1.0122624	10.892607	0.90200064	1529	36	35	24	80	69	108	0	0	16.997457	0	19.959528	0	0	0	0	0	0	297.846	-5.22782e-13	297.779	-9.68707e-13	4.06928e-11	0	5	-4526.5034	-4526.5034
19.976	5.6799087	-126.2999	12.0817	0	0	0	86675904	1	0	0	0	297.76264	5.6846113	-9.450218e-13	4.062173e-11	-1790.667	7.7091023e+08	1.6487544e+08	1.0121261	11.065783	0.9001264	1496	38	27	21	73	57	114	0	0	16.997457	0	19.959528	0	0	0	0	0	0	297.846	-5.22782e-13	297.763	-8.89955e-13	4.07763e-11	0	9	-4331.8227	-4331.8227
19.978	5.6793387	-126.3125	12.0817	0	0	0	86675907	1	0	0	0	297.73884	5.6846113	-1.065814e-12	4.068212e-11	-1790.667	7.7091023e+08	1.6516073e+08	1.0118954	11.707139	0.89343136	1487	31	30	33	71	65	111	0	0	16.997457	0	19.959528	0	0	0	0	0	0	297.846	-5.22782e-13	297.743	-8.84626e-13	4.06158e-11	0	4	-4886.3127	-4886.3127
19.98	5.6787637	-126.3252	12.0816	0	0	0	86675909	1	0	0	0	297.72397	5.6846113	-9.663381e-13	4.035172e-11	-1790.667	7.7091023e+08	1.6385923e+08	1.012144	11.293318	0.89783936	1462	37	32	28	73	52	91	0	0	16.997457	0	19.959528	0	0	0	0	0	0	297.846	-5.22782e-13	297.724	-9.9476e-13	4.0222e-11	0	7	-4430.9814	-4430.9814
19.982	5.6781937	-126.3378	12.0816	0	0	0	86675911	1	0	0	0	297.70767	5.6821113	-1.07292e-12	4.019896e-11	-1790.667	7.7091023e+08	1.6327862e+08	1.0121187	10.761362	0.90320096	1477	37	23	36	75	60	103	0	0	16.997457	0	19.968281	0	0	0	0	0	0	297.846	-5.22782e-13	297.708	-9.46206e-13	4.02416e-11	0	10	-4920.499	-4920.499
19.984	5.6776237	-126.3504	12.0815	0	0	0	86675914	1	0	0	0	297.68756	5.6821113	-9.094947e-13	3.997158e-11	-1790.667	7.7091023e+08	1.6239455e+08	1.0118266	11.011342	0.90041088	1514	33	34	28	67	66	119	0	0	16.997457	0	19.968281	0	0	0	0	0	0	297.846	-5.22782e-13	297.695	-9.92984e-13	3.99574e-11	0	4	-4171.699	-4171.699
19.986	5.6770537	-126.3631	12.0814	0	0	0	86675916	1	0	0	0	297.67052	5.6821113	-1.065814e-12	3.97975e-11	-1790.667	7.7091023e+08	1.6172663e+08	1.0121955	10.18551	0.90909824	1541	49	36	28	73	55	125	0	0	16.997457	0	19.968281	0	0	0	0	0	0	297.846	-5.22782e-13	297.671	-9.53904e-13	3.98579e-11	0	9	-4889.5083	-4889.5083
19.988	5.6764837	-126.3757	12.0814	0	0	0	86675918	1	0	0	0	297.6551	5.6821113	-8.775203e-13	3.981881e-11	-1790.667	7.7091023e+08	1.6185258e+08	1.0120477	11.418877	0.8964832	1455	34	38	25	67	65	104	0	0	16.997457	0	19.968281	0	0	0	0	0	0	297.846	-5.22782e-13	297.655	-8.65086e-13	3.99064e-11	0	7	-4026.3536	-4026.3536
19.99	5.6759137	-126.3884	12.0813	0	0	0	86675920	1	0	0	0	297.6298	5.6821113	-9.166001e-13	3.994671e-11	-1790.667	7.7091023e+08	1.6241194e+08	1.0120045	11.185721	0.89880448	1477	38	19	22	68	73	98	0	0	16.997457	0	19.968281	0	0	0	0	0	0	297.846	-5.22782e-13	297.639	-8.88178e-13	3.9984e-11	0	13	-4206.352	-4206.352
19.992	5.6753487	-126.401	12.0813	0	0	0	86675923	1	0	0	0	297.6148	5.6796113	-8.775203e-13	3.984368e-11	-1790.667	7.7091023e+08	1.6203244e+08	1.0120672	12.083783	0.8897712	1396	28	22	20	80	56	100	0	0	16.997457	0	19.977041	0	0	0	0	0	0	297.846	-5.22782e-13	297.615	-1.02673e-12	3.97193e-11	0	9	-4027.6697	-4027.6697
19.994	5.6747787	-126.4137	12.0812	0	0	0	86675925	1	0	0	0	297.60046	5.6796113	-9.414691e-13	3.991474e-11	-1790.667	7.7091023e+08	1.6236088e+08	1.0121978	10.715471	0.903736	1466	32	32	38	66	59	100	0	0	16.997457	0	19.977041	0	0	0	0	0	0	297.846	-5.22782e-13	297.6	-8.68638e-13	3.98508e-11	0	8	-4321.89	-4321.89
19.996	5.6742087	-126.4263	12.0811	0	0	0	86675927	1	0	0	0	297.57635	5.6796113	-1.12621e-12	3.951683e-11	-1790.667	7.7091023e+08	1.6078138e+08	1.0119811	11.331816	0.89730528	1432	40	27	18	79	67	95	0	0	16.997457	0	19.977041	0	0	0	0	0	0	297.846	-5.22782e-13	297.585	-1.02792e-12	3.96554e-11	0	10	-5170.8028	-5170.8028
19.998	5.6736387	-126.439	12.0811	0	0	0	86675930	1	0	0	0	297.56135	5.6796113	-9.272583e-13	3.945289e-11	-1790.667	7.7091023e+08	1.6056025e+08	1.0122355	11.652529	0.89428448	1546	30	39	23	69	55	115	0	0	16.997457	0	19.977041	0	0	0	0	0	0	297.846	-5.22782e-13	297.561	-1.06049e-12	3.92202e-11	0	15	-4258.0453	-4258.0453
20	5.6730687	-126.4516	12.081	0	0	0	86675932	1	0	0	0	297.54701	5.6796113	-9.05942e-13	3.891643e-11	-1790.667	7.7091023e+08	1.5841553e+08	1.0119936	10.795167	0.9027472	1397	42	28	33	76	57	101	0	0	16.997457	0	19.977041	0	0	0	0	0	0	297.846	-5.22782e-13	297.547	-1.00719e-12	3.91746e-11	0	6	-4160.8389	-4160.8389
20.002	5.6724987	-126.4643	12.0809	0	0	0	86675943	1	0	0	0	297.46167	5.6771113	-9.166001e-13	3.898748e-11	-1790.667	7.7091023e+08	1.5874331e+08	1.0120627	10.707826	0.9036928	1465	32	42	24	86	61	109	0	0	16.997457	0	19.98581	0	0	0	0	0	0	297.846	-5.22782e-13	297.532	-9.71667e-13	3.89075e-11	0	11	-4210.4775	-4210.4775
20.004	5.6719287	-126.4769	12.0809	0	0	0	86675945	1	0	0	0	297.4383	5.6771113	-9.734435e-13	3.855405e-11	-1790.667	7.7091023e+08	1.5701668e+08	1.0119629	10.973841	0.90091168	1495	32	23	27	61	69	128	0	0	16.997457	0	19.98581	0	0	0	0	0	0	297.846	-5.22782e-13	297.444	-9.85878e-13	3.8634e-11	0	9	-4472.3229	-4472.3229
20.006	5.6713637	-126.4895	12.0808	0	0	0	86675948	1	0	0	0	297.42352	5.6771113	-9.343637e-13	3.823075e-11	-1790.667	7.7091023e+08	1.5573783e+08	1.012249	10.998844	0.90091328	1394	31	29	34	56	59	114	0	0	16.997457	0	19.98581	0	0	0	0	0	0	297.846	-5.22782e-13	297.424	-9.27258e-13	3.8123e-11	0	5	-4293.4786	-4293.4786
20.008	5.6707937	-126.5022	12.0808	0	0	0	86675950	1	0	0	0	297.40704	5.6771113	-8.56204e-13	3.761969e-11	-1790.667	7.7091023e+08	1.5328583e+08	1.0121718	10.89709	0.90187456	1394	32	31	29	73	61	101	0	0	16.997457	0	19.98581	0	0	0	0	0	0	297.846	-5.22782e-13	297.407	-8.65086e-13	3.75788e-11	0	7	-3934.971	-3934.971
20.01	5.6702237	-126.5148	12.0807	0	0	0	86675952	1	0	0	0	297.38509	5.6746113	-8.917311e-13	3.661071e-11	-1790.667	7.7091023e+08	1.4921086e+08	1.0118986	10.43586	0.90629824	1348	29	35	31	70	57	101	0	0	16.997457	0	19.994586	0	0	0	0	0	0	297.846	-5.22782e-13	297.392	-9.10679e-13	3.69482e-11	0	15	-4098.917	-4098.917
20.012	5.6696537	-126.5275	12.0806	0	0	0	86675955	1	0	0	0	297.36965	5.6746113	-8.419931e-13	3.490186e-11	-1790.667	7.7091023e+08	1.4228081e+08	1.0120909	10.209265	0.90876384	1316	28	23	29	67	58	106	0	0	16.997457	0	19.994586	0	0	0	0	0	0	297.846	-5.22782e-13	297.373	-1.00719e-12	3.51275e-11	0	11	-3870.9243	-3870.9243
20.014	5.6690887	-126.5401	12.0806	0	0	0	86675957	1	0	0	0	297.3528	5.6746113	-9.023893e-13	3.334222e-11	-1790.667	7.7091023e+08	1.359558e+08	1.0122486	10.200276	0.90899648	1192	23	22	17	49	49	112	0	0	16.997457	0	19.994586	0	0	0	0	0	0	297.846	-5.22782e-13	297.353	-9.37916e-13	3.3238e-11	0	6	-4149.2634	-4149.2634
20.016	5.6685187	-126.5528	12.0805	0	0	0	86675959	1	0	0	0	297.33027	5.6746113	-8.526513e-13	3.076295e-11	-1790.667	7.7091023e+08	1.2546906e+08	1.0122534	9.7504751	0.91355392	1196	29	24	16	57	64	81	0	0	16.997457	0	19.994586	0	0	0	0	0	0	297.846	-5.22782e-13	297.337	-8.1594e-13	3.08304e-11	0	6	-3921.2042	-3921.2042
20.018	5.6679487	-126.5654	12.0805	0	0	0	86675962	1	0	0	0	297.31295	5.6721113	-7.780443e-13	2.827605e-11	-1790.667	7.7091023e+08	1.1535405e+08	1.012056	9.024639	0.9207216	1031	19	22	22	49	42	92	0	0	16.997457	0	20.003369	0	0	0	0	0	0	297.846	-5.22782e-13	297.313	-9.50351e-13	2.84679e-11	0	10	-3578.6831	-3578.6831
20.02	5.6673837	-126.5781	12.0804	0	0	0	86675964	1	0	0	0	297.29632	5.6721113	-1.012523e-12	2.648548e-11	-1790.667	7.7091023e+08	1.0807553e+08	1.011959	8.8541449	0.92235872	995	27	12	19	31	37	88	0	0	16.997457	0	20.003369	0	0	0	0	0	0	297.846	-5.22782e-13	297.296	-1.00719e-12	2.6608e-11	0	11	-4657.949	-4657.949
20.022	5.6668137	-126.5907	12.0803	0	0	0	86675966	1	0	0	0	297.27402	5.6721113	-8.384404e-13	2.449596e-11	-1790.667	7.7091023e+08	99981450	1.0118774	10.516467	0.90546368	921	23	17	12	39	41	90	0	0	16.997457	0	20.003369	0	0	0	0	0	0	297.846	-5.22782e-13	297.282	-9.45022e-13	2.4583e-11	0	8	-3857.7399	-3857.7399
20.024	5.6662487	-126.6033	12.0803	0	0	0	86675969	1	0	0	0	297.25963	5.6721113	-8.881784e-13	2.256328e-11	-1790.667	7.7091023e+08	92115477	1.0118122	11.061848	0.89988704	862	18	20	14	36	46	67	0	0	16.997457	0	20.003369	0	0	0	0	0	0	297.846	-5.22782e-13	297.26	-9.02389e-13	2.24318e-11	0	14	-4087.2562	-4087.2562
20.026	5.6656787	-126.616	12.0802	0	0	0	86675971	1	0	0	0	297.24379	5.6721113	-8.668621e-13	2.049916e-11	-1790.667	7.7091023e+08	83708939	1.0121866	8.8500997	0.92260704	801	27	14	17	40	40	63	0	0	16.997457	0	20.003369	0	0	0	0	0	0	297.846	-5.22782e-13	297.244	-9.48575e-13	2.06673e-11	0	13	-3989.8133	-3989.8133
20.028	5.6651137	-126.6286	12.0802	0	0	0	86675974	1	0	0	0	297.22026	5.6696113	-1.16529e-12	1.895373e-11	-1790.667	7.7091023e+08	77416912	1.0119216	9.111441	0.91972096	713	12	14	20	38	28	59	0	0	16.997457	0	20.012161	0	0	0	0	0	0	297.846	-5.22782e-13	297.229	-1.10845e-12	1.88649e-11	0	10	-5364.2311	-5364.2311
20.03	5.6645437	-126.6413	12.0801	0	0	0	86675976	1	0	0	0	297.20466	5.6696113	-9.379164e-13	1.78737e-11	-1790.667	7.7091023e+08	73023223	1.0120845	9.0067738	0.92092832	687	21	11	18	23	27	60	0	0	16.997457	0	20.012161	0	0	0	0	0	0	297.846	-5.22782e-13	297.205	-9.43245e-13	1.78471e-11	0	9	-4318.2571	-4318.2571
20.032	5.6639787	-126.6539	12.08	0	0	0	86675978	1	0	0	0	297.19069	5.6696113	-9.627854e-13	1.725198e-11	-1790.667	7.7091023e+08	70500280	1.0119658	8.6142994	0.924792	666	16	18	9	30	30	50	0	0	16.997457	0	20.012161	0	0	0	0	0	0	297.846	-5.22782e-13	297.191	-9.7522e-13	1.72224e-11	0	9	-4433.48	-4433.48
20.034	5.6634087	-126.6666	12.08	0	0	0	86675981	1	0	0	0	297.16712	5.6696113	-1.03384e-12	1.72804e-11	-1790.667	7.7091023e+08	70633551	1.0119766	8.5784431	0.9251648	670	17	25	16	40	32	40	0	0	16.997457	0	20.012161	0	0	0	0	0	0	297.846	-5.22782e-13	297.171	-9.9476e-13	1.72395e-11	0	9	-4761.4528	-4761.4528
20.036	5.6628437	-126.6792	12.0799	0	0	0	86675983	1	0	0	0	297.15122	5.6671113	-8.100187e-13	1.740119e-11	-1790.667	7.7091023e+08	71144534	1.0119818	8.5963289	0.92498848	667	12	16	11	26	25	56	0	0	16.997457	0	20.02096	0	0	0	0	0	0	297.846	-5.22782e-13	297.151	-8.10019e-13	1.74207e-11	0	12	-3731.2305	-3731.2305
20.038	5.6622737	-126.6919	12.0799	0	0	0	86675985	1	0	0	0	297.13073	5.6671113	-9.769963e-13	1.737988e-11	-1790.667	7.7091023e+08	71074645	1.0120774	8.7056737	0.92396928	643	16	14	15	36	30	35	0	0	16.997457	0	20.02096	0	0	0	0	0	0	297.846	-5.22782e-13	297.136	-9.96536e-13	1.74953e-11	0	10	-4501.1226	-4501.1226
20.04	5.6617087	-126.7045	12.0798	0	0	0	86675988	1	0	0	0	297.11364	5.6671113	-9.80549e-13	1.721645e-11	-1790.667	7.7091023e+08	70423377	1.0121283	9.8774827	0.91215552	633	15	12	11	34	27	47	0	0	16.997457	0	20.02096	0	0	0	0	0	0	297.846	-5.22782e-13	297.118	-9.3614e-13	1.72911e-11	0	8	-4518.2276	-4518.2276
