# Scan number: 20
# Command: ascan monoE 7.223 7.323 200 2
# Date: Sat Jul 27 15:42:27 2024
# date: Sat Jul 27 15:42:27 2024
# C Sat Jul 27 15: 56:45 2024.  do ./2023-07_EXAFS.mac.
monoE	monobr	cr2latr	cr2vetr	H	K	L	Epoch	sec	no1	no2	izero	RCur	enc_det	K1_1	K1_2	"Counter 8"	"Counter 9"	ionch1	mcaRt	mcaDt	mcaLt	mca	roi1	roi2	roi3	roi4	roi5	roi6	ctm	ctran	LST1	LST2	E_det	mcaLt1	mcaLt2	mcaLt3	mcaLt4	mcaLt5	mcaLt6	mcaLt7	mcaLt8	AS_RC	AS_DM	AS_IC	AS_IC1	cyber	diode1	diode1
7.223	15.885429	-45.668	12.8228	0	0	0	86657631	2	0	0	0	297.33744	15.888049	5.731948e-10	1.442224e-09	-1790.667	7.7091023e+08	8.0042434e+08	2.0117997	9.7038528	1.8165776	8667	1037	831	6	696	456	16	0	0	16.997457	0	7.2218403	0	0	0	0	0	0	297.846	-5.22782e-13	297.349	5.7352e-10	1.43883e-09	0	18	1788125.5	1788125.5
7.2235	15.884299	-45.6712	12.8227	0	0	0	86657635	2	0	0	0	297.31516	15.888049	5.67848e-10	1.435618e-09	-1790.667	7.7091023e+08	7.9679806e+08	2.0122246	10.028145	1.8104358	8540	1071	799	9	713	472	18	0	0	16.997457	0	7.2218403	0	0	0	0	0	0	297.846	-5.22782e-13	297.319	5.69116e-10	1.43729e-09	0	35	1771349.6	1771349.6
7.224	15.883174	-45.6743	12.8226	0	0	0	86657638	2	0	0	0	297.28519	15.888049	5.663594e-10	1.436938e-09	-1790.667	7.7091023e+08	7.9757075e+08	2.0118134	10.174192	1.8071277	8697	1030	768	9	710	460	13	0	0	16.997457	0	7.2218403	0	0	0	0	0	0	297.846	-5.22782e-13	297.295	5.63598e-10	1.43627e-09	0	41	1766610.2	1766610.2
7.2245	15.882044	-45.6775	12.8225	0	0	0	86657642	2	0	0	0	297.26172	15.885549	5.623839e-10	1.433637e-09	-1790.667	7.7091023e+08	7.957785e+08	2.0119533	9.977186	1.811217	8543	1158	769	6	654	478	13	0	0	16.997457	0	7.2229476	0	0	0	0	0	0	297.846	-5.22782e-13	297.265	5.63382e-10	1.43428e-09	0	34	1754114.5	1754114.5
7.225	15.880914	-45.6806	12.8224	0	0	0	86657645	2	0	0	0	297.24144	15.885549	5.605258e-10	1.430328e-09	-1790.667	7.7091023e+08	7.9398165e+08	2.0117901	10.551685	1.7995123	8771	1067	788	4	711	531	9	0	0	16.997457	0	7.2229476	0	0	0	0	0	0	297.846	-5.22782e-13	297.245	5.60238e-10	1.43361e-09	0	25	1748224.1	1748224.1
7.2255	15.879789	-45.6838	12.8224	0	0	0	86657649	2	0	0	0	297.21181	15.883049	5.580318e-10	1.431379e-09	-1790.667	7.7091023e+08	7.94605e+08	2.0118522	10.012807	1.8104093	8521	1042	807	7	716	472	15	0	0	16.997457	0	7.2240552	0	0	0	0	0	0	297.846	-5.22782e-13	297.223	5.57366e-10	1.4294e-09	0	35	1740351.1	1740351.1
7.226	15.878659	-45.687	12.8223	0	0	0	86657652	2	0	0	0	297.18913	15.883049	5.533387e-10	1.433277e-09	-1790.667	7.7091023e+08	7.9569864e+08	2.0122054	9.7346561	1.8163242	8591	1079	805	8	673	455	17	0	0	16.997457	0	7.2240552	0	0	0	0	0	0	297.846	-5.22782e-13	297.193	5.55453e-10	1.43187e-09	0	22	1725621	1725621
7.2265	15.877534	-45.6901	12.8222	0	0	0	86657656	2	0	0	0	297.16054	15.880549	5.517151e-10	1.4258e-09	-1790.667	7.7091023e+08	7.9158751e+08	2.0121501	10.359307	1.8037053	8589	1041	776	7	671	467	13	0	0	16.997457	0	7.2251632	0	0	0	0	0	0	297.846	-5.22782e-13	297.172	5.51238e-10	1.42501e-09	0	39	1720464.4	1720464.4
7.227	15.876404	-45.6933	12.8221	0	0	0	86657659	2	0	0	0	297.13853	15.880549	5.482086e-10	1.423258e-09	-1790.667	7.7091023e+08	7.9021597e+08	2.0118413	10.365144	1.803311	8598	1050	774	10	717	472	12	0	0	16.997457	0	7.2251632	0	0	0	0	0	0	297.846	-5.22782e-13	297.142	5.4954e-10	1.42592e-09	0	36	1709437	1709437
7.2275	15.875279	-45.6964	12.822	0	0	0	86657662	2	0	0	0	297.10874	15.878049	5.500027e-10	1.42269e-09	-1790.667	7.7091023e+08	7.8994035e+08	2.0120051	10.158845	1.8076086	8794	1178	818	9	672	446	18	0	0	16.997457	0	7.2262715	0	0	0	0	0	0	297.846	-5.22782e-13	297.119	5.50286e-10	1.42445e-09	0	29	1714938.4	1714938.4
7.228	15.874149	-45.6996	12.8219	0	0	0	86657666	2	0	0	0	297.08634	15.878049	5.436362e-10	1.42072e-09	-1790.667	7.7091023e+08	7.8888621e+08	2.0120848	10.106341	1.8087366	8775	1077	812	10	715	466	17	0	0	16.997457	0	7.2262715	0	0	0	0	0	0	297.846	-5.22782e-13	297.091	5.46296e-10	1.42227e-09	0	31	1694995.4	1694995.4
7.2285	15.873024	-45.7028	12.8218	0	0	0	86657669	2	0	0	0	297.06471	15.875549	5.468088e-10	1.423059e-09	-1790.667	7.7091023e+08	7.9022477e+08	2.0120086	9.951337	1.8117869	8658	1060	813	12	704	467	9	0	0	16.997457	0	7.2273802	0	0	0	0	0	0	297.846	-5.22782e-13	297.068	5.46975e-10	1.42485e-09	0	35	1704794.8	1704794.8
7.229	15.871899	-45.7059	12.8218	0	0	0	86657673	2	0	0	0	297.03362	15.875549	5.411742e-10	1.422622e-09	-1790.667	7.7091023e+08	7.9002188e+08	2.0119142	10.021803	1.8102842	8679	1134	798	15	693	457	7	0	0	16.997457	0	7.2273802	0	0	0	0	0	0	297.846	-5.22782e-13	297.041	5.42565e-10	1.42034e-09	0	33	1687136.2	1687136.2
7.2295	15.870769	-45.7091	12.8217	0	0	0	86657676	2	0	0	0	297.0119	15.875549	5.442047e-10	1.420467e-09	-1790.667	7.7091023e+08	7.8886488e+08	2.012257	10.322928	1.8045331	8602	1033	805	11	699	495	13	0	0	16.997457	0	7.2273802	0	0	0	0	0	0	297.846	-5.22782e-13	297.016	5.41795e-10	1.42063e-09	0	30	1696492	1696492
7.23	15.869644	-45.7123	12.8216	0	0	0	86657680	2	0	0	0	296.9823	15.873049	5.439915e-10	1.422137e-09	-1790.667	7.7091023e+08	7.8983211e+08	2.011824	9.8247322	1.8141677	8804	1118	783	12	721	490	13	0	0	16.997457	0	7.2284892	0	0	0	0	0	0	297.846	-5.22782e-13	296.993	5.4461e-10	1.42385e-09	0	25	1695735.5	1695735.5
7.2305	15.868519	-45.7154	12.8215	0	0	0	86657683	2	0	0	0	296.96136	15.873049	5.474448e-10	1.424539e-09	-1790.667	7.7091023e+08	7.9120601e+08	2.0121558	9.6495747	1.8179914	8520	1086	763	8	679	467	13	0	0	16.997457	0	7.2284892	0	0	0	0	0	0	297.846	-5.22782e-13	296.965	5.46998e-10	1.41978e-09	0	27	1706407.6	1706407.6
7.231	15.867389	-45.7186	12.8214	0	0	0	86657686	2	0	0	0	296.9319	15.870549	5.474519e-10	1.424347e-09	-1790.667	7.7091023e+08	7.9113924e+08	2.011839	9.8886639	1.812895	8603	1096	789	8	719	501	12	0	0	16.997457	0	7.2295986	0	0	0	0	0	0	297.846	-5.22782e-13	296.943	5.4693e-10	1.4223e-09	0	22	1706337.3	1706337.3
7.2315	15.866264	-45.7217	12.8213	0	0	0	86657690	2	0	0	0	296.90783	15.870549	5.473808e-10	1.419785e-09	-1790.667	7.7091023e+08	7.8864509e+08	2.0120291	10.038662	1.8100483	8632	1081	772	8	777	510	12	0	0	16.997457	0	7.2295986	0	0	0	0	0	0	297.846	-5.22782e-13	296.912	5.45512e-10	1.42064e-09	0	22	1706023.3	1706023.3
7.232	15.865139	-45.7249	12.8213	0	0	0	86657693	2	0	0	0	296.88599	15.868049	5.434941e-10	1.414918e-09	-1790.667	7.7091023e+08	7.8598126e+08	2.0122714	9.9522959	1.8120042	8700	1080	847	11	698	487	14	0	0	16.997457	0	7.2307083	0	0	0	0	0	0	297.846	-5.22782e-13	296.89	5.3981e-10	1.41309e-09	0	22	1693817.8	1693817.8
7.2325	15.864014	-45.7281	12.8212	0	0	0	86657697	2	0	0	0	296.85596	15.868049	5.401084e-10	1.415961e-09	-1790.667	7.7091023e+08	7.8660032e+08	2.0121386	10.051459	1.8098893	8589	1083	783	9	727	507	15	0	0	16.997457	0	7.2307083	0	0	0	0	0	0	297.846	-5.22782e-13	296.864	5.3751e-10	1.41231e-09	0	21	1683175	1683175
7.233	15.862889	-45.7312	12.8211	0	0	0	86657700	2	0	0	0	296.83498	15.865549	5.431282e-10	1.414255e-09	-1790.667	7.7091023e+08	7.8569223e+08	2.0117965	9.6609852	1.8174371	8700	1099	800	13	702	457	10	0	0	16.997457	0	7.2318184	0	0	0	0	0	0	297.846	-5.22782e-13	296.839	5.37257e-10	1.41644e-09	0	34	1692494.1	1692494.1
7.2335	15.861764	-45.7344	12.821	0	0	0	86657705	2	0	0	0	296.79726	15.865549	5.389502e-10	1.415161e-09	-1790.667	7.7091023e+08	7.8623524e+08	2.0122573	9.6872543	1.8173248	8710	1084	799	6	757	502	12	0	0	16.997457	0	7.2318184	0	0	0	0	0	0	297.846	-5.22782e-13	296.812	5.41554e-10	1.41455e-09	0	27	1679383.7	1679383.7
7.234	15.860639	-45.7375	12.8209	0	0	0	86657708	2	0	0	0	296.77711	15.865549	5.450715e-10	1.416803e-09	-1790.667	7.7091023e+08	7.8718724e+08	2.0121136	9.4928239	1.8211072	8637	1039	771	7	768	533	20	0	0	16.997457	0	7.2318184	0	0	0	0	0	0	297.846	-5.22782e-13	296.781	5.40461e-10	1.41527e-09	0	30	1698365.9	1698365.9
7.2345	15.859514	-45.7407	12.8208	0	0	0	86657712	2	0	0	0	296.74776	15.863049	5.374936e-10	1.415261e-09	-1790.667	7.7091023e+08	7.8637019e+08	2.011976	10.054259	1.8096867	8754	1109	793	12	757	503	8	0	0	16.997457	0	7.2329289	0	0	0	0	0	0	297.846	-5.22782e-13	296.755	5.38922e-10	1.41342e-09	0	22	1674663.5	1674663.5
7.235	15.858389	-45.7439	12.8207	0	0	0	86657715	2	0	0	0	296.72396	15.863049	5.400302e-10	1.412454e-09	-1790.667	7.7091023e+08	7.8485016e+08	2.0117901	9.9438287	1.8117411	8691	1110	828	10	733	480	14	0	0	16.997457	0	7.2329289	0	0	0	0	0	0	297.846	-5.22782e-13	296.728	5.35087e-10	1.41418e-09	0	29	1682475.7	1682475.7
7.2355	15.857264	-45.747	12.8207	0	0	0	86657719	2	0	0	0	296.69562	15.860549	5.324132e-10	1.407923e-09	-1790.667	7.7091023e+08	7.8237197e+08	2.0118877	9.7452438	1.8158243	8662	1021	793	9	760	483	9	0	0	16.997457	0	7.2340397	0	0	0	0	0	0	297.846	-5.22782e-13	296.705	5.32479e-10	1.40959e-09	0	26	1658655	1658655
7.236	15.856139	-45.7502	12.8206	0	0	0	86657722	2	0	0	0	296.67174	15.860549	5.244623e-10	1.409314e-09	-1790.667	7.7091023e+08	7.8318451e+08	2.012256	9.8223208	1.8146058	8725	1090	818	8	739	456	14	0	0	16.997457	0	7.2340397	0	0	0	0	0	0	297.846	-5.22782e-13	296.675	5.28011e-10	1.40694e-09	0	20	1633796.7	1633796.7
7.2365	15.855014	-45.7534	12.8205	0	0	0	86657726	2	0	0	0	296.64139	15.858049	5.288001e-10	1.405496e-09	-1790.667	7.7091023e+08	7.8110225e+08	2.0120819	9.8872475	1.8131424	8606	1035	779	8	802	517	12	0	0	16.997457	0	7.2351508	0	0	0	0	0	0	297.846	-5.22782e-13	296.653	5.30137e-10	1.40797e-09	0	22	1647220.6	1647220.6
7.237	15.853889	-45.7565	12.8204	0	0	0	86657729	2	0	0	0	296.62054	15.858049	5.264411e-10	1.406177e-09	-1790.667	7.7091023e+08	7.8152022e+08	2.0121754	9.9900001	1.811159	8776	1063	804	9	786	519	13	0	0	16.997457	0	7.2351508	0	0	0	0	0	0	297.846	-5.22782e-13	296.624	5.28671e-10	1.40787e-09	0	28	1639783.5	1639783.5
7.2375	15.852764	-45.7597	12.8203	0	0	0	86657732	2	0	0	0	296.59271	15.855549	5.246825e-10	1.405008e-09	-1790.667	7.7091023e+08	7.8091001e+08	2.0120755	10.638774	1.7980154	8726	1062	771	6	775	502	15	0	0	16.997457	0	7.2362623	0	0	0	0	0	0	297.846	-5.22782e-13	296.601	5.25271e-10	1.40493e-09	0	34	1634217.3	1634217.3
7.238	15.851639	-45.7628	12.8202	0	0	0	86657736	2	0	0	0	296.57106	15.855549	5.19865e-10	1.404642e-09	-1790.667	7.7091023e+08	7.8074608e+08	2.0120774	10.013038	1.8106074	8661	1038	763	13	819	474	14	0	0	16.997457	0	7.2362623	0	0	0	0	0	0	297.846	-5.22782e-13	296.574	5.21654e-10	1.4041e-09	0	37	1619124.8	1619124.8
7.2385	15.850519	-45.766	12.8202	0	0	0	86657739	2	0	0	0	296.54928	15.855549	5.212435e-10	1.401514e-09	-1790.667	7.7091023e+08	7.7904685e+08	2.0119101	9.7764369	1.815217	8812	1094	785	8	797	492	13	0	0	16.997457	0	7.2362623	0	0	0	0	0	0	297.846	-5.22782e-13	296.553	5.20268e-10	1.40105e-09	0	33	1623330.3	1623330.3
7.239	15.849394	-45.7692	12.8201	0	0	0	86657743	2	0	0	0	296.51953	15.853049	5.199396e-10	1.399972e-09	-1790.667	7.7091023e+08	7.7822909e+08	2.0120614	9.6200641	1.8184998	8732	1051	775	8	879	526	10	0	0	16.997457	0	7.2373742	0	0	0	0	0	0	297.846	-5.22782e-13	296.53	5.19735e-10	1.40025e-09	0	25	1619181.9	1619181.9
7.2395	15.848269	-45.7723	12.82	0	0	0	86657746	2	0	0	0	296.4967	15.853049	5.174172e-10	1.400476e-09	-1790.667	7.7091023e+08	7.7854867e+08	2.0120317	10.008097	1.8106656	8836	1109	754	10	875	543	13	0	0	16.997457	0	7.2373742	0	0	0	0	0	0	297.846	-5.22782e-13	296.5	5.19178e-10	1.40083e-09	0	27	1611239.6	1611239.6
7.24	15.847149	-45.7755	12.8199	0	0	0	86657749	2	0	0	0	296.46855	15.850549	5.152536e-10	1.399927e-09	-1790.667	7.7091023e+08	7.7828288e+08	2.0118704	10.619404	1.7982218	8573	1041	758	10	799	477	11	0	0	16.997457	0	7.2384864	0	0	0	0	0	0	297.846	-5.22782e-13	296.479	5.15628e-10	1.39848e-09	0	23	1604415.4	1604415.4
7.2405	15.846024	-45.7786	12.8198	0	0	0	86657753	2	0	0	0	296.80091	15.850549	5.168275e-10	1.401169e-09	-1790.667	7.7091023e+08	7.7901282e+08	2.0118842	9.8632001	1.813448	8692	1069	791	6	938	549	13	0	0	16.997457	0	7.2384864	0	0	0	0	0	0	297.846	-5.22782e-13	296.808	5.17117e-10	1.4029e-09	0	27	1609229.2	1609229.2
7.241	15.844899	-45.7818	12.8197	0	0	0	86657756	2	0	0	0	296.77839	15.848049	5.182592e-10	1.405576e-09	-1790.667	7.7091023e+08	7.8150258e+08	2.0121088	10.324515	1.8043683	8868	1059	793	9	948	589	13	0	0	16.997457	0	7.239599	0	0	0	0	0	0	297.846	-5.22782e-13	296.783	5.18581e-10	1.40473e-09	0	19	1613599.8	1613599.8
7.2415	15.843779	-45.785	12.8196	0	0	0	86657760	2	0	0	0	296.74963	15.848049	5.171401e-10	1.40777e-09	-1790.667	7.7091023e+08	7.8276211e+08	2.0121421	10.576462	1.7993286	9014	1051	822	9	1049	568	8	0	0	16.997457	0	7.239599	0	0	0	0	0	0	297.846	-5.22782e-13	296.761	5.22038e-10	1.40839e-09	0	24	1610028.5	1610028.5
7.242	15.842654	-45.7881	12.8196	0	0	0	86657763	2	0	0	0	296.72742	15.845549	5.20064e-10	1.407473e-09	-1790.667	7.7091023e+08	7.8263664e+08	2.0122755	10.139144	1.808248	8943	1046	759	10	1109	570	11	0	0	16.997457	0	7.240712	0	0	0	0	0	0	297.846	-5.22782e-13	296.731	5.21078e-10	1.40761e-09	0	20	1619044	1619044
7.2425	15.841534	-45.7913	12.8195	0	0	0	86657766	2	0	0	0	296.69871	15.845549	5.267538e-10	1.410944e-09	-1790.667	7.7091023e+08	7.8460649e+08	2.005928	9.8934279	1.807473	9026	1054	791	4	1099	611	17	0	0	16.997457	0	7.240712	0	0	0	0	0	0	297.846	-5.22782e-13	296.709	5.24552e-10	1.41047e-09	0	26	1639781.8	1639781.8
7.243	15.840409	-45.7944	12.8194	0	0	0	86657770	2	0	0	0	296.67604	15.843049	5.265122e-10	1.414664e-09	-1790.667	7.7091023e+08	7.8671503e+08	2.0118765	10.904208	1.7924973	9136	1015	767	8	1164	601	17	0	0	16.997457	0	7.2418252	0	0	0	0	0	0	297.846	-5.22782e-13	296.68	5.266e-10	1.41322e-09	0	28	1638941.2	1638941.2
7.2435	15.839289	-45.7976	12.8193	0	0	0	86657773	2	0	0	0	296.64526	15.843049	5.31287e-10	1.418123e-09	-1790.667	7.7091023e+08	7.8867863e+08	2.0119888	10.128438	1.8082058	9348	1084	761	10	1267	630	12	0	0	16.997457	0	7.2418252	0	0	0	0	0	0	297.846	-5.22782e-13	296.657	5.31341e-10	1.41614e-09	0	21	1653714.9	1653714.9
7.244	15.838169	-45.8008	12.8192	0	0	0	86657777	2	0	0	0	296.62313	15.843049	5.344063e-10	1.419565e-09	-1790.667	7.7091023e+08	7.8952065e+08	2.0120474	10.689943	1.7969606	9423	1029	825	7	1326	654	13	0	0	16.997457	0	7.2418252	0	0	0	0	0	0	297.846	-5.22782e-13	296.627	5.31549e-10	1.41845e-09	0	24	1663334.4	1663334.4
7.2445	15.837044	-45.8039	12.8191	0	0	0	86657780	2	0	0	0	296.59458	15.840549	5.359375e-10	1.419314e-09	-1790.667	7.7091023e+08	7.8942111e+08	2.0119782	10.666103	1.7973786	9863	1087	812	7	1463	717	10	0	0	16.997457	0	7.2429389	0	0	0	0	0	0	297.846	-5.22782e-13	296.604	5.34144e-10	1.41876e-09	0	30	1668010.1	1668010.1
7.245	15.835924	-45.8071	12.8191	0	0	0	86657784	2	0	0	0	296.57154	15.840549	5.330527e-10	1.415733e-09	-1790.667	7.7091023e+08	7.8746933e+08	2.0122259	10.815581	1.794592	9721	1006	782	4	1599	768	7	0	0	16.997457	0	7.2429389	0	0	0	0	0	0	297.846	-5.22782e-13	296.579	5.31779e-10	1.41406e-09	0	28	1658942.1	1658942.1
7.2455	15.834804	-45.8103	12.819	0	0	0	86657787	2	0	0	0	296.54887	15.838049	5.350849e-10	1.418357e-09	-1790.667	7.7091023e+08	7.8896893e+08	2.0121888	10.764254	1.7955917	10018	1048	807	8	1842	832	7	0	0	16.997457	0	7.2440529	0	0	0	0	0	0	297.846	-5.22782e-13	296.553	5.3201e-10	1.41516e-09	0	24	1665176.7	1665176.7
7.246	15.833679	-45.8134	12.8189	0	0	0	86657791	2	0	0	0	296.51864	15.838049	5.359411e-10	1.412541e-09	-1790.667	7.7091023e+08	7.8577366e+08	2.0119699	10.990065	1.7908531	10256	1034	776	15	2031	972	12	0	0	16.997457	0	7.2440529	0	0	0	0	0	0	297.846	-5.22782e-13	296.527	5.32697e-10	1.41092e-09	0	25	1667751.1	1667751.1
7.2465	15.832559	-45.8166	12.8188	0	0	0	86657794	2	0	0	0	296.49719	15.835549	5.315037e-10	1.403299e-09	-1790.667	7.7091023e+08	7.8067214e+08	2.0117862	11.051783	1.789448	10643	1076	775	8	2397	1005	11	0	0	16.997457	0	7.2451673	0	0	0	0	0	0	297.846	-5.22782e-13	296.5	5.31466e-10	1.40589e-09	0	32	1653853.4	1653853.4
7.247	15.831439	-45.8197	12.8187	0	0	0	86657797	2	0	0	0	296.46841	15.835549	5.307221e-10	1.400361e-09	-1790.667	7.7091023e+08	7.7907728e+08	2.0120915	11.581215	1.7790669	10936	1086	747	9	2598	1079	18	0	0	16.997457	0	7.2451673	0	0	0	0	0	0	297.846	-5.22782e-13	296.48	5.30749e-10	1.40292e-09	0	24	1651332.2	1651332.2
7.2475	15.830319	-45.8229	12.8186	0	0	0	86657801	2	0	0	0	296.82623	15.833049	5.268532e-10	1.406832e-09	-1790.667	7.7091023e+08	7.8271714e+08	2.0120416	11.752632	1.7755738	11255	1012	719	14	2950	1180	13	0	0	16.997457	0	7.246282	0	0	0	0	0	0	297.846	-5.22782e-13	296.64	5.23561e-10	1.39871e-09	0	19	1639205.7	1639205.7
7.248	15.829194	-45.8261	12.8186	0	0	0	86657804	2	0	0	0	296.80497	15.833049	5.258975e-10	1.409754e-09	-1790.667	7.7091023e+08	7.8438273e+08	2.0122522	12.085388	1.7690637	11536	954	718	10	3128	1259	16	0	0	16.997457	0	7.246282	0	0	0	0	0	0	297.846	-5.22782e-13	296.808	5.24774e-10	1.40827e-09	0	17	1636143.9	1636143.9
7.2485	15.828074	-45.8292	12.8185	0	0	0	86657808	2	0	0	0	296.77531	15.833049	5.243415e-10	1.415037e-09	-1790.667	7.7091023e+08	7.8736221e+08	2.0121693	12.412856	1.7624016	11926	997	710	13	3520	1325	8	0	0	16.997457	0	7.246282	0	0	0	0	0	0	297.846	-5.22782e-13	296.786	5.22429e-10	1.41175e-09	0	24	1631214.9	1631214.9
7.249	15.826954	-45.8324	12.8184	0	0	0	86657811	2	0	0	0	296.75222	15.830549	5.217196e-10	1.410076e-09	-1790.667	7.7091023e+08	7.846417e+08	2.012104	12.128836	1.7680592	12243	940	695	10	3682	1419	11	0	0	16.997457	0	7.2473971	0	0	0	0	0	0	297.846	-5.22782e-13	296.757	5.20959e-10	1.41361e-09	0	32	1622970.6	1622970.6
7.2495	15.825834	-45.8355	12.8183	0	0	0	86657815	2	0	0	0	296.72336	15.830549	5.233183e-10	1.40879e-09	-1790.667	7.7091023e+08	7.8396598e+08	2.012009	12.459507	1.7613226	12541	912	733	18	3817	1445	13	0	0	16.997457	0	7.2473971	0	0	0	0	0	0	297.846	-5.22782e-13	296.734	5.26106e-10	1.41573e-09	0	30	1627856	1627856
7.25	15.824714	-45.8387	12.8182	0	0	0	86657818	2	0	0	0	296.70015	15.828049	5.286402e-10	1.420647e-09	-1790.667	7.7091023e+08	7.9060442e+08	2.0120637	12.603991	1.7584634	12534	989	702	12	3844	1453	11	0	0	16.997457	0	7.2485125	0	0	0	0	0	0	297.846	-5.22782e-13	296.705	5.29889e-10	1.41785e-09	0	27	1644321.8	1644321.8
7.2505	15.823594	-45.8419	12.8181	0	0	0	86657821	2	0	0	0	296.67057	15.828049	5.339338e-10	1.418199e-09	-1790.667	7.7091023e+08	7.8928226e+08	2.01224	12.251167	1.7657171	12645	978	741	7	3971	1548	18	0	0	16.997457	0	7.2485125	0	0	0	0	0	0	297.846	-5.22782e-13	296.682	5.32417e-10	1.42042e-09	0	28	1660697.8	1660697.8
7.251	15.822474	-45.845	12.8181	0	0	0	86657826	2	0	0	0	296.63991	15.825549	5.319265e-10	1.422642e-09	-1790.667	7.7091023e+08	7.9179528e+08	2.0119107	11.92196	1.7720515	12444	925	765	19	3710	1508	9	0	0	16.997457	0	7.2496283	0	0	0	0	0	0	297.846	-5.22782e-13	296.657	5.32026e-10	1.41929e-09	0	24	1654365.3	1654365.3
7.2515	15.821354	-45.8482	12.818	0	0	0	86657829	2	0	0	0	296.61933	15.825549	5.299299e-10	1.411527e-09	-1790.667	7.7091023e+08	7.8564905e+08	2.0122822	12.106469	1.7686659	12202	987	711	18	3590	1429	7	0	0	16.997457	0	7.2496283	0	0	0	0	0	0	297.846	-5.22782e-13	296.623	5.30535e-10	1.41796e-09	0	24	1648066.7	1648066.7
7.252	15.820234	-45.8514	12.8179	0	0	0	86657832	2	0	0	0	296.58973	15.823049	5.337348e-10	1.422348e-09	-1790.667	7.7091023e+08	7.9171229e+08	2.0119414	12.346077	1.7635456	12036	918	711	14	3331	1339	11	0	0	16.997457	0	7.2507444	0	0	0	0	0	0	297.846	-5.22782e-13	296.601	5.31551e-10	1.42031e-09	0	33	1659810.3	1659810.3
7.2525	15.819119	-45.8545	12.8178	0	0	0	86657836	2	0	0	0	296.56717	15.823049	5.325234e-10	1.420965e-09	-1790.667	7.7091023e+08	7.9098279e+08	2.0122659	11.980254	1.7711914	11687	953	750	10	3094	1317	10	0	0	16.997457	0	7.2507444	0	0	0	0	0	0	297.846	-5.22782e-13	296.575	5.34034e-10	1.42117e-09	0	20	1655953.8	1655953.8
7.253	15.817999	-45.8577	12.8177	0	0	0	86657839	2	0	0	0	296.54476	15.820549	5.326655e-10	1.415479e-09	-1790.667	7.7091023e+08	7.8796916e+08	2.011944	11.823693	1.7740579	11218	1018	765	11	2809	1153	13	0	0	16.997457	0	7.2518609	0	0	0	0	0	0	297.846	-5.22782e-13	296.548	5.31876e-10	1.41751e-09	0	31	1656306.3	1656306.3
7.2535	15.816879	-45.8608	12.8176	0	0	0	86657843	2	0	0	0	296.51372	15.820549	5.343388e-10	1.422512e-09	-1790.667	7.7091023e+08	7.9192466e+08	2.0118787	11.359762	1.7833341	11014	960	752	13	2617	1125	12	0	0	16.997457	0	7.2518609	0	0	0	0	0	0	297.846	-5.22782e-13	296.525	5.30959e-10	1.42025e-09	0	26	1661419.8	1661419.8
7.254	15.815759	-45.864	12.8175	0	0	0	86657846	2	0	0	0	296.4927	15.820549	5.271907e-10	1.41617e-09	-1790.667	7.7091023e+08	7.8843422e+08	2.0120634	11.643148	1.7777958	10741	1027	807	9	2364	1043	16	0	0	16.997457	0	7.2518609	0	0	0	0	0	0	297.846	-5.22782e-13	296.496	5.26864e-10	1.41403e-09	0	22	1639105.9	1639105.9
7.2545	15.814644	-45.8672	12.8175	0	0	0	86657849	2	0	0	0	296.46351	15.818049	5.296563e-10	1.415106e-09	-1790.667	7.7091023e+08	7.8788204e+08	2.012057	11.421927	1.7822413	10568	1006	721	5	2318	1006	12	0	0	16.997457	0	7.2529778	0	0	0	0	0	0	297.846	-5.22782e-13	296.475	5.27902e-10	1.41421e-09	0	25	1646683	1646683
7.255	15.813524	-45.8703	12.8174	0	0	0	86657853	2	0	0	0	296.81768	15.818049	5.264518e-10	1.411154e-09	-1790.667	7.7091023e+08	7.8572179e+08	2.0121149	11.136652	1.7880326	10514	1001	768	18	2047	919	5	0	0	16.997457	0	7.2529778	0	0	0	0	0	0	297.846	-5.22782e-13	296.821	5.24728e-10	1.41007e-09	0	26	1636632.1	1636632.1
7.2555	15.812404	-45.8735	12.8173	0	0	0	86657856	2	0	0	0	296.79404	15.815549	5.257697e-10	1.405716e-09	-1790.667	7.7091023e+08	7.8273388e+08	2.0119398	11.248988	1.785617	10161	1014	824	11	1958	899	7	0	0	16.997457	0	7.254095	0	0	0	0	0	0	297.846	-5.22782e-13	296.798	5.24257e-10	1.40395e-09	0	28	1634423.5	1634423.5
7.256	15.811289	-45.8766	12.8172	0	0	0	86657860	2	0	0	0	296.7657	15.815549	5.243699e-10	1.404615e-09	-1790.667	7.7091023e+08	7.8216075e+08	2.0120294	10.804375	1.7946422	10106	987	779	7	1908	910	10	0	0	16.997457	0	7.254095	0	0	0	0	0	0	297.846	-5.22782e-13	296.777	5.23103e-10	1.39971e-09	0	35	1629984.3	1629984.3
7.2565	15.810169	-45.8798	12.8171	0	0	0	86657863	2	0	0	0	296.74272	15.813049	5.198189e-10	1.404507e-09	-1790.667	7.7091023e+08	7.8214054e+08	2.0122666	10.568572	1.7995987	10164	1020	781	9	1828	860	13	0	0	16.997457	0	7.2552126	0	0	0	0	0	0	297.846	-5.22782e-13	296.746	5.19144e-10	1.40141e-09	0	28	1615750.6	1615750.6
7.257	15.809049	-45.883	12.817	0	0	0	86657867	2	0	0	0	296.71173	15.813049	5.15449e-10	1.401327e-09	-1790.667	7.7091023e+08	7.8040952e+08	2.0118157	10.845606	1.7936221	10048	1015	780	6	1824	861	8	0	0	16.997457	0	7.2552126	0	0	0	0	0	0	297.846	-5.22782e-13	296.723	5.14467e-10	1.40236e-09	0	28	1602081.3	1602081.3
7.2575	15.807934	-45.8861	12.817	0	0	0	86657870	2	0	0	0	296.68893	15.810549	5.084573e-10	1.403951e-09	-1790.667	7.7091023e+08	7.8191079e+08	2.0119395	10.624701	1.798177	9801	989	788	14	1774	826	13	0	0	16.997457	0	7.2563305	0	0	0	0	0	0	297.846	-5.22782e-13	296.693	5.0982e-10	1.40415e-09	0	21	1580265.1	1580265.1
7.258	15.806814	-45.8893	12.8169	0	0	0	86657873	2	0	0	0	296.65993	15.810549	5.046203e-10	1.403425e-09	-1790.667	7.7091023e+08	7.8165778e+08	2.0118742	10.722579	1.7961494	10000	1012	807	5	1754	862	9	0	0	16.997457	0	7.2563305	0	0	0	0	0	0	297.846	-5.22782e-13	296.671	5.0583e-10	1.40527e-09	0	19	1568255.4	1568255.4
7.2585	15.805699	-45.8924	12.8168	0	0	0	86657877	2	0	0	0	296.63729	15.810549	5.041407e-10	1.406832e-09	-1790.667	7.7091023e+08	7.835954e+08	2.0119091	10.788034	1.7948637	9890	1053	748	14	1703	835	9	0	0	16.997457	0	7.2563305	0	0	0	0	0	0	297.846	-5.22782e-13	296.645	5.06305e-10	1.40674e-09	0	18	1566680.5	1566680.5
7.259	15.804579	-45.8956	12.8167	0	0	0	86657880	2	0	0	0	296.61495	15.808049	4.994902e-10	1.403141e-09	-1790.667	7.7091023e+08	7.815795e+08	2.012249	10.840583	1.7941094	9966	1071	797	11	1651	805	10	0	0	16.997457	0	7.2574488	0	0	0	0	0	0	297.846	-5.22782e-13	296.619	5.00119e-10	1.40445e-09	0	22	1552145	1552145
7.2595	15.803464	-45.8988	12.8166	0	0	0	86657883	2	0	0	0	296.58627	15.808049	4.963958e-10	1.400521e-09	-1790.667	7.7091023e+08	7.8015999e+08	2.0118893	10.812094	1.7943619	10064	1056	789	6	1696	823	13	0	0	16.997457	0	7.2574488	0	0	0	0	0	0	297.846	-5.22782e-13	296.597	4.97637e-10	1.40135e-09	0	25	1542446.2	1542446.2
7.26	15.802349	-45.9019	12.8165	0	0	0	86657887	2	0	0	0	296.56387	15.805549	4.924949e-10	1.398107e-09	-1790.667	7.7091023e+08	7.7885511e+08	2.0054691	10.515293	1.7945882	9761	1088	717	9	1655	816	6	0	0	16.997457	0	7.2585675	0	0	0	0	0	0	297.846	-5.22782e-13	296.568	4.92106e-10	1.39701e-09	0	25	1530242.6	1530242.6
7.2605	15.801229	-45.9051	12.8165	0	0	0	86657890	2	0	0	0	296.54246	15.805549	4.90644e-10	1.396725e-09	-1790.667	7.7091023e+08	7.7812504e+08	2.0121613	11.033549	1.7901485	9741	1080	741	10	1634	761	7	0	0	16.997457	0	7.2585675	0	0	0	0	0	0	297.846	-5.22782e-13	296.546	4.88691e-10	1.39106e-09	0	26	1524409.6	1524409.6
7.261	15.800114	-45.9083	12.8164	0	0	0	86657894	2	0	0	0	296.5112	15.803049	4.833822e-10	1.392383e-09	-1790.667	7.7091023e+08	7.7574578e+08	2.0119235	11.30365	1.7845027	9704	1016	796	5	1593	759	7	0	0	16.997457	0	7.2596865	0	0	0	0	0	0	297.846	-5.22782e-13	296.523	4.8546e-10	1.39301e-09	0	30	1501766.6	1501766.6
7.2615	15.798999	-45.9114	12.8163	0	0	0	86657897	2	0	0	0	296.48903	15.803049	4.887184e-10	1.394593e-09	-1790.667	7.7091023e+08	7.7701682e+08	2.0121872	10.500446	1.8008986	9819	1099	741	11	1611	791	10	0	0	16.997457	0	7.2596865	0	0	0	0	0	0	297.846	-5.22782e-13	296.493	4.88455e-10	1.3941e-09	0	24	1518263.4	1518263.4
7.262	15.797884	-45.9146	12.8162	0	0	0	86657900	2	0	0	0	298.33758	15.800549	4.877698e-10	1.406217e-09	-1790.667	7.7091023e+08	7.835334e+08	2.0121395	10.717126	1.796496	9807	1052	784	7	1640	781	5	0	0	16.997457	0	7.2608059	0	0	0	0	0	0	297.846	-5.22782e-13	296.47	4.83247e-10	1.38355e-09	0	25	1515234.9	1515234.9
7.2625	15.796764	-45.9177	12.8161	0	0	0	86657904	2	0	0	0	298.3165	15.800549	4.869456e-10	1.40046e-09	-1790.667	7.7091023e+08	7.8036561e+08	2.012264	10.548676	1.7999968	9863	1056	772	7	1607	774	12	0	0	16.997457	0	7.2608059	0	0	0	0	0	0	297.846	-5.22782e-13	298.325	4.82931e-10	1.39909e-09	0	24	1512593.2	1512593.2
7.263	15.795649	-45.9209	12.816	0	0	0	86657907	2	0	0	0	298.29614	15.800549	4.850271e-10	1.401144e-09	-1790.667	7.7091023e+08	7.8078674e+08	2.0118733	10.595005	1.7987152	9768	1025	773	9	1696	833	10	0	0	16.997457	0	7.2608059	0	0	0	0	0	0	297.846	-5.22782e-13	298.3	4.81794e-10	1.4015e-09	0	33	1506552.7	1506552.7
7.2635	15.794534	-45.9241	12.816	0	0	0	86657910	2	0	0	0	298.26595	15.798049	4.806147e-10	1.39984e-09	-1790.667	7.7091023e+08	7.8010006e+08	2.0122368	11.058897	1.7897056	9797	1075	774	12	1621	836	7	0	0	16.997457	0	7.2619256	0	0	0	0	0	0	297.846	-5.22782e-13	298.278	4.82078e-10	1.39752e-09	0	15	1492767	1492767
7.264	15.793419	-45.9272	12.8159	0	0	0	86657914	2	0	0	0	298.24431	15.798049	4.799716e-10	1.394362e-09	-1790.667	7.7091023e+08	7.7708711e+08	2.011888	10.66655	1.797289	9745	996	787	8	1678	777	7	0	0	16.997457	0	7.2619256	0	0	0	0	0	0	297.846	-5.22782e-13	298.248	4.80015e-10	1.3935e-09	0	25	1490689.3	1490689.3
7.2645	15.792304	-45.9304	12.8158	0	0	0	86657917	2	0	0	0	298.22147	15.795549	4.822667e-10	1.387544e-09	-1790.667	7.7091023e+08	7.7332704e+08	2.0122557	10.817965	1.7945706	9592	1019	728	12	1581	784	8	0	0	16.997457	0	7.2630457	0	0	0	0	0	0	297.846	-5.22782e-13	298.225	4.78425e-10	1.38474e-09	0	25	1497736.9	1497736.9
7.265	15.791189	-45.9335	12.8157	0	0	0	86657921	2	0	0	0	298.19178	15.795549	4.840643e-10	1.354609e-09	-1790.667	7.7091023e+08	7.5500992e+08	2.0121443	10.728121	1.796279	9522	980	766	7	1630	788	12	0	0	16.997457	0	7.2630457	0	0	0	0	0	0	297.846	-5.22782e-13	298.203	4.8199e-10	1.35409e-09	0	29	1503238.7	1503238.7
7.2655	15.790074	-45.9367	12.8156	0	0	0	86657924	2	0	0	0	298.16678	15.793049	4.818546e-10	1.325585e-09	-1790.667	7.7091023e+08	7.3887089e+08	2.0118896	10.344218	1.8037754	9345	1036	699	11	1561	734	5	0	0	16.997457	0	7.2641661	0	0	0	0	0	0	297.846	-5.22782e-13	298.172	4.82028e-10	1.32669e-09	0	25	1496296.2	1496296.2
7.266	15.788959	-45.9399	12.8155	0	0	0	86657927	2	0	0	0	298.14316	15.793049	4.850591e-10	1.319439e-09	-1790.667	7.7091023e+08	7.3548289e+08	2.0118502	10.562806	1.7993424	9235	973	741	7	1494	736	6	0	0	16.997457	0	7.2641661	0	0	0	0	0	0	297.846	-5.22782e-13	298.147	4.81885e-10	1.31659e-09	0	25	1506166.1	1506166.1
7.2665	15.787844	-45.943	12.8155	0	0	0	86657931	2	0	0	0	298.11528	15.790549	4.820322e-10	1.326157e-09	-1790.667	7.7091023e+08	7.3926557e+08	2.0121302	10.507869	1.8006982	9251	978	734	5	1559	747	7	0	0	16.997457	0	7.2652869	0	0	0	0	0	0	297.846	-5.22782e-13	298.127	4.83177e-10	1.32542e-09	0	26	1496686.7	1496686.7
7.267	15.786729	-45.9462	12.8154	0	0	0	86657934	2	0	0	0	298.09368	15.790549	4.797336e-10	1.353079e-09	-1790.667	7.7091023e+08	7.5431194e+08	2.0120314	10.611747	1.7985197	9587	997	790	7	1584	806	12	0	0	16.997457	0	7.2652869	0	0	0	0	0	0	297.846	-5.22782e-13	298.097	4.78177e-10	1.34987e-09	0	38	1489469.6	1489469.6
7.2675	15.785614	-45.9494	12.8153	0	0	0	86657937	2	0	0	0	298.07048	15.790549	4.793179e-10	1.384054e-09	-1790.667	7.7091023e+08	7.7161944e+08	2.0121616	11.162189	1.7875603	9815	1025	745	8	1601	807	8	0	0	16.997457	0	7.2652869	0	0	0	0	0	0	297.846	-5.22782e-13	298.074	4.79218e-10	1.38525e-09	0	29	1488099	1488099
7.268	15.784499	-45.9525	12.8152	0	0	0	86657941	2	0	0	0	298.04026	15.788049	4.781207e-10	1.388861e-09	-1790.667	7.7091023e+08	7.7433914e+08	2.012112	11.052283	1.7897277	9890	1052	760	9	1713	828	12	0	0	16.997457	0	7.2664081	0	0	0	0	0	0	297.846	-5.22782e-13	298.051	4.7825e-10	1.39188e-09	0	21	1484302.4	1484302.4
7.2685	15.783384	-45.9557	12.8151	0	0	0	86657944	2	0	0	0	298.01931	15.788049	4.816663e-10	1.384336e-09	-1790.667	7.7091023e+08	7.7185594e+08	2.011897	11.038657	1.7898106	9711	1012	768	9	1616	783	6	0	0	16.997457	0	7.2664081	0	0	0	0	0	0	297.846	-5.22782e-13	298.023	4.80258e-10	1.38121e-09	0	23	1495229.2	1495229.2
7.269	15.782269	-45.9588	12.815	0	0	0	86657947	2	0	0	0	297.9961	15.785549	4.77371e-10	1.350299e-09	-1790.667	7.7091023e+08	7.5291681e+08	2.0056774	10.271067	1.799673	9440	962	784	7	1547	700	7	0	0	16.997457	0	7.2675296	0	0	0	0	0	0	297.846	-5.22782e-13	297.999	4.78461e-10	1.35225e-09	0	16	1481815.7	1481815.7
7.2695	15.781159	-45.962	12.815	0	0	0	86657951	2	0	0	0	297.96785	15.785549	4.730367e-10	1.33395e-09	-1790.667	7.7091023e+08	7.4383895e+08	2.0120624	10.010998	1.8106349	9304	956	690	10	1563	826	14	0	0	16.997457	0	7.2675296	0	0	0	0	0	0	297.846	-5.22782e-13	297.977	4.71775e-10	1.33136e-09	0	29	1468282.7	1468282.7
7.27	15.780044	-45.9652	12.8149	0	0	0	86657954	2	0	0	0	297.94505	15.783049	4.68745e-10	1.329637e-09	-1790.667	7.7091023e+08	7.4147205e+08	2.012193	10.333355	1.8042659	9334	998	737	8	1624	792	7	0	0	16.997457	0	7.2686515	0	0	0	0	0	0	297.846	-5.22782e-13	297.949	4.69987e-10	1.32663e-09	0	20	1454883.3	1454883.3
7.2705	15.778929	-45.9683	12.8148	0	0	0	86657957	2	0	0	0	297.92153	15.783049	4.612168e-10	1.321503e-09	-1790.667	7.7091023e+08	7.3697401e+08	2.0118925	10.56831	1.7992694	9292	1019	716	10	1573	763	9	0	0	16.997457	0	7.2686515	0	0	0	0	0	0	297.846	-5.22782e-13	297.925	4.62948e-10	1.32508e-09	0	21	1431440.5	1431440.5
7.271	15.777819	-45.9715	12.8147	0	0	0	86657961	2	0	0	0	297.89164	15.780549	4.592025e-10	1.347518e-09	-1790.667	7.7091023e+08	7.5152067e+08	2.0118909	10.13892	1.8079069	9584	972	772	7	1592	729	6	0	0	16.997457	0	7.2697738	0	0	0	0	0	0	297.846	-5.22782e-13	297.902	4.57614e-10	1.34809e-09	0	37	1425112.4	1425112.4
7.2715	15.776704	-45.9746	12.8146	0	0	0	86657964	2	0	0	0	297.86919	15.780549	4.526868e-10	1.376973e-09	-1790.667	7.7091023e+08	7.6798745e+08	2.0118835	10.662359	1.7973693	9762	1029	806	13	1615	806	12	0	0	16.997457	0	7.2697738	0	0	0	0	0	0	297.846	-5.22782e-13	297.874	4.54206e-10	1.37679e-09	0	21	1404815.8	1404815.8
7.272	15.775589	-45.9778	12.8145	0	0	0	86657967	2	0	0	0	297.8475	15.780549	4.562111e-10	1.38626e-09	-1790.667	7.7091023e+08	7.7320692e+08	2.0118045	10.413847	1.8022982	9706	1003	753	11	1691	817	4	0	0	16.997457	0	7.2697738	0	0	0	0	0	0	297.846	-5.22782e-13	297.85	4.51922e-10	1.38659e-09	0	38	1415676.7	1415676.7
7.2725	15.774479	-45.981	12.8145	0	0	0	86657971	2	0	0	0	297.81766	15.778049	4.531273e-10	1.386436e-09	-1790.667	7.7091023e+08	7.7334489e+08	2.011855	11.206279	1.786401	9696	1018	733	7	1594	796	5	0	0	16.997457	0	7.2708964	0	0	0	0	0	0	297.846	-5.22782e-13	297.829	4.50613e-10	1.38624e-09	0	30	1406031.8	1406031.8
7.273	15.773364	-45.9841	12.8144	0	0	0	86657974	2	0	0	0	297.79518	15.778049	4.507505e-10	1.38539e-09	-1790.667	7.7091023e+08	7.7280122e+08	2.011904	11.437587	1.7817907	9718	1006	796	4	1617	796	5	0	0	16.997457	0	7.2708964	0	0	0	0	0	0	297.846	-5.22782e-13	297.799	4.52752e-10	1.3846e-09	0	24	1398581.7	1398581.7
7.2735	15.772254	-45.9873	12.8143	0	0	0	86657977	2	0	0	0	297.77358	15.775549	4.500862e-10	1.38362e-09	-1790.667	7.7091023e+08	7.7185362e+08	2.0118982	10.661931	1.797391	9736	979	783	9	1670	813	10	0	0	16.997457	0	7.2720193	0	0	0	0	0	0	297.846	-5.22782e-13	297.777	4.51607e-10	1.38619e-09	0	23	1396445.6	1396445.6
7.274	15.771139	-45.9904	12.8142	0	0	0	86657980	2	0	0	0	297.74266	15.775549	4.495107e-10	1.385962e-09	-1790.667	7.7091023e+08	7.7319993e+08	2.0118269	11.08081	1.7889002	9759	1054	796	12	1727	793	4	0	0	16.997457	0	7.2720193	0	0	0	0	0	0	297.846	-5.22782e-13	297.754	4.50862e-10	1.38251e-09	0	26	1394585.2	1394585.2
7.2745	15.770029	-45.9936	12.8141	0	0	0	86657984	2	0	0	0	297.71905	15.773049	4.494396e-10	1.376478e-09	-1790.667	7.7091023e+08	7.6794856e+08	2.011791	10.885616	1.7927952	9554	1016	797	9	1626	772	11	0	0	16.997457	0	7.2731427	0	0	0	0	0	0	297.846	-5.22782e-13	297.722	4.49424e-10	1.37542e-09	0	24	1394289.8	1394289.8
7.275	15.768914	-45.9968	12.814	0	0	0	86657987	2	0	0	0	297.69828	15.773049	4.49802e-10	1.371909e-09	-1790.667	7.7091023e+08	7.6543892e+08	2.0121434	10.802443	1.7947827	9890	985	823	11	1641	802	8	0	0	16.997457	0	7.2731427	0	0	0	0	0	0	297.846	-5.22782e-13	297.702	4.49473e-10	1.37088e-09	0	23	1395339.2	1395339.2
7.2755	15.767804	-45.9999	12.814	0	0	0	86657991	2	0	0	0	297.66751	15.770549	4.495426e-10	1.373348e-09	-1790.667	7.7091023e+08	7.6628129e+08	2.0122368	10.734466	1.7962339	9900	1069	739	4	1668	792	8	0	0	16.997457	0	7.2742664	0	0	0	0	0	0	297.846	-5.22782e-13	297.679	4.49283e-10	1.3717e-09	0	25	1394459.7	1394459.7
7.276	15.766694	-46.0031	12.8139	0	0	0	86657994	2	0	0	0	297.646	15.770549	4.464731e-10	1.372342e-09	-1790.667	7.7091023e+08	7.6575945e+08	2.011928	10.786804	1.7949053	9660	1017	772	8	1676	801	7	0	0	16.997457	0	7.2742664	0	0	0	0	0	0	297.846	-5.22782e-13	297.65	4.46487e-10	1.37188e-09	0	34	1384864	1384864
7.2765	15.765579	-46.0063	12.8138	0	0	0	86657997	2	0	0	0	297.62538	15.770549	4.437375e-10	1.373818e-09	-1790.667	7.7091023e+08	7.6662259e+08	2.0118602	10.738432	1.7958179	9838	1030	736	12	1710	767	8	0	0	16.997457	0	7.2742664	0	0	0	0	0	0	297.846	-5.22782e-13	297.628	4.42121e-10	1.3719e-09	0	24	1376304.9	1376304.9
7.277	15.764469	-46.0094	12.8137	0	0	0	86658001	2	0	0	0	297.59535	15.768049	4.434e-10	1.384461e-09	-1790.667	7.7091023e+08	7.7260148e+08	2.0118742	10.927649	1.7920237	9788	944	756	9	1760	834	4	0	0	16.997457	0	7.2753904	0	0	0	0	0	0	297.846	-5.22782e-13	297.606	4.42046e-10	1.37998e-09	0	25	1375184.3	1375184.3
7.2775	15.763359	-46.0126	12.8136	0	0	0	86658004	2	0	0	0	297.57295	15.768049	4.42391e-10	1.381185e-09	-1790.667	7.7091023e+08	7.7081307e+08	2.0121216	10.702208	1.7967802	10163	1044	807	8	1765	831	8	0	0	16.997457	0	7.2753904	0	0	0	0	0	0	297.846	-5.22782e-13	297.576	4.42795e-10	1.38127e-09	0	26	1371981.4	1371981.4
7.278	15.762249	-46.0157	12.8135	0	0	0	86658007	2	0	0	0	297.55104	15.765549	4.433005e-10	1.384876e-09	-1790.667	7.7091023e+08	7.7291283e+08	2.0054598	10.900754	1.7868496	9850	996	720	11	1820	848	8	0	0	16.997457	0	7.2765148	0	0	0	0	0	0	297.846	-5.22782e-13	297.554	4.4276e-10	1.38121e-09	0	24	1374728.3	1374728.3
7.2785	15.761134	-46.0189	12.8135	0	0	0	86658011	2	0	0	0	297.52165	15.765549	4.426681e-10	1.379384e-09	-1790.667	7.7091023e+08	7.6988743e+08	2.011928	11.206556	1.7864602	10041	1050	746	14	1804	851	10	0	0	16.997457	0	7.2765148	0	0	0	0	0	0	297.846	-5.22782e-13	297.533	4.41962e-10	1.37702e-09	0	15	1372693.6	1372693.6
7.279	15.760024	-46.0221	12.8134	0	0	0	86658014	2	0	0	0	297.49911	15.763049	4.383729e-10	1.375797e-09	-1790.667	7.7091023e+08	7.6792504e+08	2.0122198	10.629852	1.7983238	10030	1015	768	9	1866	859	10	0	0	16.997457	0	7.2776396	0	0	0	0	0	0	297.846	-5.22782e-13	297.503	4.39146e-10	1.37393e-09	0	21	1359301.5	1359301.5
7.2795	15.758914	-46.0252	12.8133	0	0	0	86658017	2	0	0	0	297.47599	15.763049	4.390834e-10	1.37203e-09	-1790.667	7.7091023e+08	7.6586198e+08	2.0120186	10.724084	1.796248	9898	965	798	8	1862	869	6	0	0	16.997457	0	7.2776396	0	0	0	0	0	0	297.846	-5.22782e-13	297.48	4.39172e-10	1.3763e-09	0	31	1361431.7	1361431.7
7.28	15.757804	-46.0284	12.8132	0	0	0	86658021	2	0	0	0	297.44606	15.760549	4.401137e-10	1.377391e-09	-1790.667	7.7091023e+08	7.6889418e+08	2.0118346	10.861712	1.7933149	9864	980	821	8	1847	821	9	0	0	16.997457	0	7.2787647	0	0	0	0	0	0	297.846	-5.22782e-13	297.456	4.39409e-10	1.37675e-09	0	28	1364553.1	1364553.1
7.2805	15.756694	-46.0315	12.8131	0	0	0	86658024	2	0	0	0	297.42276	15.760549	4.379785e-10	1.379478e-09	-1790.667	7.7091023e+08	7.7009899e+08	2.0120771	11.271886	1.7852781	9945	996	828	10	1784	841	7	0	0	16.997457	0	7.2787647	0	0	0	0	0	0	297.846	-5.22782e-13	297.427	4.38924e-10	1.3776e-09	0	25	1357860.3	1357860.3
7.281	15.755584	-46.0347	12.813	0	0	0	86658027	2	0	0	0	297.39987	15.760549	4.363194e-10	1.373106e-09	-1790.667	7.7091023e+08	7.6658141e+08	2.0120307	10.970838	1.7912941	10053	1022	761	10	1829	850	13	0	0	16.997457	0	7.2787647	0	0	0	0	0	0	297.846	-5.22782e-13	297.404	4.36925e-10	1.37645e-09	0	23	1352644.1	1352644.1
7.2815	15.754474	-46.0379	12.813	0	0	0	86658031	2	0	0	0	297.37113	15.758049	4.337366e-10	1.372108e-09	-1790.667	7.7091023e+08	7.6606385e+08	2.0120704	10.736674	1.796041	9929	1032	837	3	1867	839	5	0	0	16.997457	0	7.2798902	0	0	0	0	0	0	297.846	-5.22782e-13	297.382	4.33445e-10	1.36984e-09	0	25	1344565.1	1344565.1
7.282	15.753364	-46.041	12.8129	0	0	0	86658034	2	0	0	0	297.35023	15.758049	4.313421e-10	1.365589e-09	-1790.667	7.7091023e+08	7.6246364e+08	2.011815	10.783464	1.7948717	10043	990	758	4	1931	893	5	0	0	16.997457	0	7.2798902	0	0	0	0	0	0	297.846	-5.22782e-13	297.353	4.3083e-10	1.36653e-09	0	22	1337070.6	1337070.6
7.2825	15.752254	-46.0442	12.8128	0	0	0	86658037	2	0	0	0	297.31979	15.755549	4.293277e-10	1.36361e-09	-1790.667	7.7091023e+08	7.6139806e+08	2.0121462	11.255325	1.7856726	10115	1012	804	8	1934	927	5	0	0	16.997457	0	7.2810161	0	0	0	0	0	0	297.846	-5.22782e-13	297.33	4.27472e-10	1.36485e-09	0	29	1330755.1	1330755.1
7.283	15.751144	-46.0474	12.8127	0	0	0	86658041	2	0	0	0	297.29861	15.755549	4.278959e-10	1.367297e-09	-1790.667	7.7091023e+08	7.6349627e+08	2.0117904	10.749669	1.7955296	10269	1008	767	11	1925	925	9	0	0	16.997457	0	7.2810161	0	0	0	0	0	0	297.846	-5.22782e-13	297.309	4.27262e-10	1.3639e-09	0	21	1326246	1326246
7.2835	15.750034	-46.0505	12.8126	0	0	0	86658044	2	0	0	0	297.27724	15.753049	4.244356e-10	1.360485e-09	-1790.667	7.7091023e+08	7.5973177e+08	2.012033	10.709359	1.7965571	9917	914	759	7	1922	945	5	0	0	16.997457	0	7.2821423	0	0	0	0	0	0	297.846	-5.22782e-13	297.28	4.2426e-10	1.3605e-09	0	25	1315450.5	1315450.5
7.284	15.748924	-46.0537	12.8125	0	0	0	86658047	2	0	0	0	297.24628	15.753049	4.284324e-10	1.360531e-09	-1790.667	7.7091023e+08	7.5979679e+08	2.0120291	11.149373	1.7877005	10200	1027	742	5	1993	926	12	0	0	16.997457	0	7.2821423	0	0	0	0	0	0	297.846	-5.22782e-13	297.259	4.28501e-10	1.3594e-09	0	23	1327766.7	1327766.7
7.2845	15.747819	-46.0568	12.8125	0	0	0	86658051	2	0	0	0	297.2238	15.750549	4.340492e-10	1.352698e-09	-1790.667	7.7091023e+08	7.5546151e+08	2.0121456	10.707265	1.7966998	10023	1012	777	2	1968	907	5	0	0	16.997457	0	7.2832689	0	0	0	0	0	0	297.846	-5.22782e-13	297.231	4.2961e-10	1.35492e-09	0	38	1345101.9	1345101.9
7.285	15.746709	-46.06	12.8124	0	0	0	86658054	2	0	0	0	297.20127	15.750549	4.25505e-10	1.349342e-09	-1790.667	7.7091023e+08	7.5362626e+08	2.012255	10.758366	1.7957693	9883	969	754	9	1864	855	6	0	0	16.997457	0	7.2832689	0	0	0	0	0	0	297.846	-5.22782e-13	297.205	4.2635e-10	1.35234e-09	0	17	1318553.1	1318553.1
7.2855	15.745599	-46.0632	12.8123	0	0	0	86658057	2	0	0	0	297.17058	15.750549	4.213661e-10	1.346622e-09	-1790.667	7.7091023e+08	7.5214606e+08	2.0118778	10.454758	1.8015408	9985	1033	740	8	1828	862	9	0	0	16.997457	0	7.2832689	0	0	0	0	0	0	297.846	-5.22782e-13	297.183	4.22403e-10	1.34836e-09	0	23	1305657.7	1305657.7
7.286	15.744489	-46.0663	12.8122	0	0	0	86658061	2	0	0	0	297.14941	15.748049	4.192486e-10	1.352701e-09	-1790.667	7.7091023e+08	7.5558059e+08	2.0122384	11.153939	1.7877946	10041	1019	785	9	1974	948	4	0	0	16.997457	0	7.2843959	0	0	0	0	0	0	297.846	-5.22782e-13	297.157	4.2185e-10	1.35289e-09	0	22	1299026.8	1299026.8
7.2865	15.743384	-46.0695	12.8121	0	0	0	86658064	2	0	0	0	297.12518	15.748049	4.275265e-10	1.358357e-09	-1790.667	7.7091023e+08	7.5877919e+08	2.0120966	10.305366	1.8047427	10072	989	805	10	1874	903	4	0	0	16.997457	0	7.2843959	0	0	0	0	0	0	297.846	-5.22782e-13	297.129	4.2624e-10	1.35703e-09	0	36	1324604.7	1324604.7
7.287	15.742274	-46.0726	12.812	0	0	0	86658067	2	0	0	0	297.09711	15.745549	4.258958e-10	1.364011e-09	-1790.667	7.7091023e+08	7.6197702e+08	2.0058256	10.83634	1.7884675	10051	1017	742	8	1911	912	5	0	0	16.997457	0	7.2855232	0	0	0	0	0	0	297.846	-5.22782e-13	297.108	4.28166e-10	1.36139e-09	0	24	1319481.7	1319481.7
7.2875	15.741164	-46.0758	12.812	0	0	0	86658071	2	0	0	0	297.0764	15.745549	4.283542e-10	1.365999e-09	-1790.667	7.7091023e+08	7.6312714e+08	2.0122454	11.446063	1.7819226	10064	999	786	13	1856	852	4	0	0	16.997457	0	7.2855232	0	0	0	0	0	0	297.846	-5.22782e-13	297.079	4.29296e-10	1.36324e-09	0	27	1327027.2	1327027.2
7.288	15.740059	-46.079	12.8119	0	0	0	86658074	2	0	0	0	297.05357	15.743049	4.325003e-10	1.364054e-09	-1790.667	7.7091023e+08	7.6208007e+08	2.0117971	10.966863	1.7911661	10132	1063	760	18	1858	867	8	0	0	16.997457	0	7.2866508	0	0	0	0	0	0	297.846	-5.22782e-13	297.058	4.30575e-10	1.36696e-09	0	22	1339800	1339800
7.2885	15.738949	-46.0821	12.8118	0	0	0	86658078	2	0	0	0	297.02415	15.743049	4.29317e-10	1.366988e-09	-1790.667	7.7091023e+08	7.6375888e+08	2.0121731	11.349783	1.7837958	10006	1043	716	7	1869	897	7	0	0	16.997457	0	7.2866508	0	0	0	0	0	0	297.846	-5.22782e-13	297.036	4.29431e-10	1.36626e-09	0	22	1329867.6	1329867.6
7.289	15.737844	-46.0853	12.8117	0	0	0	86658081	2	0	0	0	297.00228	15.740549	4.326317e-10	1.37071e-09	-1790.667	7.7091023e+08	7.6587816e+08	2.0120851	10.916166	1.7924426	10086	1012	772	9	1850	905	0	0	0	16.997457	0	7.2877789	0	0	0	0	0	0	297.846	-5.22782e-13	297.006	4.30777e-10	1.3701e-09	0	35	1340063.7	1340063.7
7.2895	15.736734	-46.0884	12.8116	0	0	0	86658084	2	0	0	0	296.97769	15.740549	4.332996e-10	1.369605e-09	-1790.667	7.7091023e+08	7.6530046e+08	2.0118781	10.981023	1.7909533	10016	1016	768	8	1819	868	7	0	0	16.997457	0	7.2877789	0	0	0	0	0	0	297.846	-5.22782e-13	296.982	4.31998e-10	1.37046e-09	0	28	1342060.7	1342060.7
7.29	15.735629	-46.0916	12.8116	0	0	0	86658088	2	0	0	0	296.94839	15.740549	4.298499e-10	1.369902e-09	-1790.667	7.7091023e+08	7.6550615e+08	2.0120541	11.017612	1.7903738	9965	981	765	8	1889	887	6	0	0	16.997457	0	7.2877789	0	0	0	0	0	0	297.846	-5.22782e-13	296.959	4.31461e-10	1.3661e-09	0	21	1331304.8	1331304.8
7.2905	15.734519	-46.0948	12.8115	0	0	0	86658091	2	0	0	0	296.92706	15.738049	4.322196e-10	1.370781e-09	-1790.667	7.7091023e+08	7.6603712e+08	2.0117885	10.583586	1.7988691	10034	1001	775	7	1846	826	5	0	0	16.997457	0	7.2889073	0	0	0	0	0	0	297.846	-5.22782e-13	296.931	4.34573e-10	1.37034e-09	0	28	1338572.5	1338572.5
7.291	15.733414	-46.0979	12.8114	0	0	0	86658094	2	0	0	0	296.90067	15.738049	4.389555e-10	1.372429e-09	-1790.667	7.7091023e+08	7.6699791e+08	2.0120646	10.760195	1.7955626	9955	969	758	8	1765	839	5	0	0	16.997457	0	7.2889073	0	0	0	0	0	0	297.846	-5.22782e-13	296.911	4.37987e-10	1.37271e-09	0	21	1359360.7	1359360.7
7.2915	15.732309	-46.1011	12.8113	0	0	0	86658098	2	0	0	0	296.87623	15.735549	4.341381e-10	1.36966e-09	-1790.667	7.7091023e+08	7.6549019e+08	2.0118307	10.872994	1.7930845	10096	1088	784	6	1799	815	4	0	0	16.997457	0	7.290036	0	0	0	0	0	0	297.846	-5.22782e-13	296.884	4.35394e-10	1.37145e-09	0	23	1344370.3	1344370.3
7.292	15.731199	-46.1043	12.8112	0	0	0	86658101	2	0	0	0	296.85557	15.735549	4.344649e-10	1.375415e-09	-1790.667	7.7091023e+08	7.6874655e+08	2.0118205	10.573047	1.7991098	9966	994	831	9	1781	840	8	0	0	16.997457	0	7.290036	0	0	0	0	0	0	297.846	-5.22782e-13	296.859	4.34584e-10	1.37403e-09	0	23	1345310.4	1345310.4
7.2925	15.730094	-46.1074	12.8111	0	0	0	86658104	2	0	0	0	296.82571	15.733049	4.378933e-10	1.37441e-09	-1790.667	7.7091023e+08	7.6822476e+08	2.0119971	10.664954	1.7974186	10074	1048	766	12	1831	867	7	0	0	16.997457	0	7.2911652	0	0	0	0	0	0	297.846	-5.22782e-13	296.836	4.36462e-10	1.37478e-09	0	33	1355853.9	1355853.9
7.293	15.728989	-46.1106	12.8111	0	0	0	86658108	2	0	0	0	296.804	15.733049	4.334204e-10	1.37187e-09	-1790.667	7.7091023e+08	7.6684489e+08	2.0119184	10.929525	1.7920253	9947	1038	724	9	1751	828	6	0	0	16.997457	0	7.2911652	0	0	0	0	0	0	297.846	-5.22782e-13	296.811	4.36268e-10	1.37294e-09	0	12	1341932.7	1341932.7
7.2935	15.727879	-46.1137	12.811	0	0	0	86658111	2	0	0	0	296.78094	15.730549	4.386393e-10	1.370868e-09	-1790.667	7.7091023e+08	7.6632465e+08	2.0116262	10.727257	1.7958339	9968	1016	796	12	1794	838	4	0	0	16.997457	0	7.2922947	0	0	0	0	0	0	297.846	-5.22782e-13	296.785	4.35777e-10	1.37373e-09	0	24	1358018.7	1358018.7
7.294	15.726774	-46.1169	12.8109	0	0	0	86658114	2	0	0	0	296.74932	15.730549	4.396306e-10	1.37614e-09	-1790.667	7.7091023e+08	7.6931174e+08	2.0119373	11.014244	1.7903376	10020	967	758	6	1863	886	8	0	0	16.997457	0	7.2922947	0	0	0	0	0	0	297.846	-5.22782e-13	296.761	4.39015e-10	1.3759e-09	0	27	1361015	1361015
7.2945	15.725669	-46.1201	12.8108	0	0	0	86658118	2	0	0	0	296.72841	15.730549	4.385861e-10	1.374394e-09	-1790.667	7.7091023e+08	7.6837564e+08	2.0117981	10.939484	1.7917178	9903	1020	768	7	1731	844	8	0	0	16.997457	0	7.2922947	0	0	0	0	0	0	297.846	-5.22782e-13	296.732	4.39452e-10	1.37497e-09	0	25	1357708.9	1357708.9
7.295	15.724564	-46.1232	12.8107	0	0	0	86658121	2	0	0	0	296.705	15.728049	4.382628e-10	1.379263e-09	-1790.667	7.7091023e+08	7.7113786e+08	2.0120576	10.823801	1.7942765	9932	1001	806	6	1773	883	5	0	0	16.997457	0	7.2934245	0	0	0	0	0	0	297.846	-5.22782e-13	296.709	4.4008e-10	1.37824e-09	0	26	1356635.6	1356635.6
7.2955	15.723459	-46.1264	12.8106	0	0	0	86658124	2	0	0	0	296.67557	15.728049	4.425011e-10	1.380469e-09	-1790.667	7.7091023e+08	7.718523e+08	2.0118454	10.728761	1.7959994	9914	985	760	10	1798	824	8	0	0	16.997457	0	7.2934245	0	0	0	0	0	0	297.846	-5.22782e-13	296.686	4.41724e-10	1.38201e-09	0	23	1369682.1	1369682.1
7.296	15.722354	-46.1295	12.8106	0	0	0	86658128	2	0	0	0	296.65477	15.725549	4.425544e-10	1.380293e-09	-1790.667	7.7091023e+08	7.7179407e+08	2.0054323	10.765926	1.789529	9890	948	758	10	1722	860	11	0	0	16.997457	0	7.2945547	0	0	0	0	0	0	297.846	-5.22782e-13	296.658	4.40332e-10	1.37824e-09	0	20	1369773.9	1369773.9
7.2965	15.721249	-46.1327	12.8105	0	0	0	86658131	2	0	0	0	296.63248	15.725549	4.384475e-10	1.373119e-09	-1790.667	7.7091023e+08	7.678227e+08	2.0121469	10.362727	1.8036336	9970	1073	756	9	1730	842	3	0	0	16.997457	0	7.2945547	0	0	0	0	0	0	297.846	-5.22782e-13	296.636	4.3782e-10	1.37628e-09	0	23	1356990	1356990
7.297	15.720144	-46.1359	12.8104	0	0	0	86658134	2	0	0	0	296.60242	15.723049	4.358043e-10	1.380867e-09	-1790.667	7.7091023e+08	7.7219546e+08	2.0122576	10.85857	1.7937552	9925	1031	773	9	1696	795	6	0	0	16.997457	0	7.2956853	0	0	0	0	0	0	297.846	-5.22782e-13	296.613	4.39584e-10	1.37948e-09	0	22	1348737.3	1348737.3
7.2975	15.719039	-46.139	12.8103	0	0	0	86658138	2	0	0	0	296.58151	15.723049	4.423235e-10	1.381176e-09	-1790.667	7.7091023e+08	7.724085e+08	2.0120499	10.875865	1.7932221	9972	1022	764	12	1764	854	13	0	0	16.997457	0	7.2956853	0	0	0	0	0	0	297.846	-5.22782e-13	296.585	4.41533e-10	1.37893e-09	0	28	1368840	1368840
7.298	15.717934	-46.1422	12.8102	0	0	0	86658141	2	0	0	0	296.5568	15.720549	4.37602e-10	1.377757e-09	-1790.667	7.7091023e+08	7.7053661e+08	2.0119744	10.710641	1.796479	9922	1066	770	9	1696	786	5	0	0	16.997457	0	7.2968163	0	0	0	0	0	0	297.846	-5.22782e-13	296.561	4.39329e-10	1.37762e-09	0	23	1354156.3	1354156.3
7.2985	15.716829	-46.1454	12.8101	0	0	0	86658144	2	0	0	0	296.5291	15.720549	4.416201e-10	1.378183e-09	-1790.667	7.7091023e+08	7.7081504e+08	2.0118048	10.414593	1.8022835	9974	985	830	11	1693	795	5	0	0	16.997457	0	7.2968163	0	0	0	0	0	0	297.846	-5.22782e-13	296.54	4.40421e-10	1.37753e-09	0	30	1366517.4	1366517.4
7.299	15.715724	-46.1485	12.8101	0	0	0	86658148	2	0	0	0	296.50503	15.720549	4.400533e-10	1.373532e-09	-1790.667	7.7091023e+08	7.682538e+08	2.0121408	10.862858	1.7935648	9885	1001	766	11	1722	827	10	0	0	16.997457	0	7.2968163	0	0	0	0	0	0	297.846	-5.22782e-13	296.509	4.40448e-10	1.37385e-09	0	18	1361596.6	1361596.6
7.2995	15.714619	-46.1517	12.81	0	0	0	86658151	2	0	0	0	296.4852	15.718049	4.387957e-10	1.372749e-09	-1790.667	7.7091023e+08	7.6785589e+08	2.0122272	10.464138	1.801665	9889	1036	783	12	1674	799	1	0	0	16.997457	0	7.2979476	0	0	0	0	0	0	297.846	-5.22782e-13	296.488	4.38193e-10	1.37333e-09	0	29	1357632.9	1357632.9
7.3	15.713514	-46.1548	12.8099	0	0	0	86658155	2	0	0	0	296.4538	15.718049	4.385825e-10	1.374183e-09	-1790.667	7.7091023e+08	7.6869811e+08	2.0122637	10.717085	1.7966077	9848	1087	772	8	1728	823	7	0	0	16.997457	0	7.2979476	0	0	0	0	0	0	297.846	-5.22782e-13	296.466	4.38366e-10	1.37311e-09	0	22	1356900.9	1356900.9
7.3005	15.712409	-46.158	12.8098	0	0	0	86658158	2	0	0	0	296.43361	15.715549	4.373852e-10	1.376604e-09	-1790.667	7.7091023e+08	7.7009256e+08	2.0122445	10.854172	1.793832	9724	992	759	8	1702	840	9	0	0	16.997457	0	7.2990792	0	0	0	0	0	0	297.846	-5.22782e-13	296.437	4.38534e-10	1.37445e-09	0	28	1353124.5	1353124.5
7.301	15.711304	-46.1612	12.8097	0	0	0	86658161	2	0	0	0	296.78548	15.715549	4.363727e-10	1.380926e-09	-1790.667	7.7091023e+08	7.7255067e+08	2.0120218	10.670405	1.7973309	9972	1048	713	6	1787	877	6	0	0	16.997457	0	7.2990792	0	0	0	0	0	0	297.846	-5.22782e-13	296.602	4.35071e-10	1.36588e-09	0	26	1349920.1	1349920.1
7.3015	15.710204	-46.1643	12.8097	0	0	0	86658165	2	0	0	0	296.75661	15.713049	4.33495e-10	1.376947e-09	-1790.667	7.7091023e+08	7.7036485e+08	2.0121779	10.965074	1.7915411	9945	1024	753	11	1766	845	11	0	0	16.997457	0	7.3002113	0	0	0	0	0	0	297.846	-5.22782e-13	296.769	4.37554e-10	1.37639e-09	0	30	1340946.5	1340946.5
7.302	15.709099	-46.1675	12.8096	0	0	0	86658168	2	0	0	0	296.73498	15.713049	4.405507e-10	1.378659e-09	-1790.667	7.7091023e+08	7.7136295e+08	2.0118762	10.887859	1.7928259	9690	1033	762	5	1699	807	6	0	0	16.997457	0	7.3002113	0	0	0	0	0	0	297.846	-5.22782e-13	296.739	4.39031e-10	1.37657e-09	0	24	1362699.5	1362699.5
7.3025	15.707994	-46.1706	12.8095	0	0	0	86658171	2	0	0	0	296.70455	15.713049	4.419611e-10	1.37949e-09	-1790.667	7.7091023e+08	7.7186821e+08	2.0118106	10.973646	1.7910416	9994	1052	792	9	1742	828	3	0	0	16.997457	0	7.3002113	0	0	0	0	0	0	297.846	-5.22782e-13	296.716	4.4176e-10	1.37676e-09	0	30	1366989.2	1366989.2
7.303	15.706894	-46.1738	12.8094	0	0	0	86658175	2	0	0	0	296.68356	15.710549	4.393854e-10	1.378346e-09	-1790.667	7.7091023e+08	7.7126839e+08	2.0121853	10.981414	1.7912189	9881	1018	761	9	1773	812	5	0	0	16.997457	0	7.3013437	0	0	0	0	0	0	297.846	-5.22782e-13	296.694	4.40102e-10	1.3789e-09	0	24	1358950.1	1358950.1
7.3035	15.705789	-46.177	12.8093	0	0	0	86658178	2	0	0	0	296.66051	15.710549	4.404264e-10	1.382961e-09	-1790.667	7.7091023e+08	7.738912e+08	2.011993	10.69766	1.7967568	10029	1029	877	2	1669	798	13	0	0	16.997457	0	7.3013437	0	0	0	0	0	0	297.846	-5.22782e-13	296.664	4.40461e-10	1.37934e-09	0	22	1362097.2	1362097.2
7.304	15.704689	-46.1801	12.8092	0	0	0	86658181	2	0	0	0	296.64029	15.708049	4.373959e-10	1.374216e-09	-1790.667	7.7091023e+08	7.6903778e+08	2.0120688	11.146418	1.7877952	9913	999	781	8	1696	772	6	0	0	16.997457	0	7.3024765	0	0	0	0	0	0	297.846	-5.22782e-13	296.644	4.38303e-10	1.37784e-09	0	20	1352652.7	1352652.7
7.3045	15.703584	-46.1833	12.8092	0	0	0	86658185	2	0	0	0	296.60938	15.708049	4.354028e-10	1.376307e-09	-1790.667	7.7091023e+08	7.7024821e+08	2.0119587	10.657857	1.797527	10070	991	804	5	1766	825	10	0	0	16.997457	0	7.3024765	0	0	0	0	0	0	297.846	-5.22782e-13	296.617	4.36684e-10	1.37667e-09	0	29	1346417.3	1346417.3
7.305	15.702479	-46.1864	12.8091	0	0	0	86658188	2	0	0	0	296.58661	15.705549	4.389946e-10	1.380194e-09	-1790.667	7.7091023e+08	7.7246396e+08	2.0055824	10.82848	1.7884083	9991	1053	748	8	1724	784	9	0	0	16.997457	0	7.3036096	0	0	0	0	0	0	297.846	-5.22782e-13	296.59	4.38722e-10	1.37961e-09	0	20	1357452	1357452
7.3055	15.701379	-46.1896	12.809	0	0	0	86658191	2	0	0	0	296.56507	15.705549	4.428138e-10	1.386415e-09	-1790.667	7.7091023e+08	7.759863e+08	2.0118819	11.621215	1.7780768	9941	1013	773	2	1797	875	7	0	0	16.997457	0	7.3036096	0	0	0	0	0	0	297.846	-5.22782e-13	296.569	4.44878e-10	1.382e-09	0	35	1369188.8	1369188.8
7.306	15.700279	-46.1928	12.8089	0	0	0	86658195	2	0	0	0	296.53639	15.703049	4.391829e-10	1.378064e-09	-1790.667	7.7091023e+08	7.7135254e+08	2.0122461	11.092321	1.7890413	10122	1078	788	12	1813	856	6	0	0	16.997457	0	7.3047431	0	0	0	0	0	0	297.846	-5.22782e-13	296.547	4.41902e-10	1.38112e-09	0	27	1357889.6	1357889.6
7.3065	15.699174	-46.1959	12.8088	0	0	0	86658198	2	0	0	0	296.51583	15.703049	4.478906e-10	1.385162e-09	-1790.667	7.7091023e+08	7.7536612e+08	2.0119126	11.137374	1.7878384	10060	994	804	6	1679	807	2	0	0	16.997457	0	7.3047431	0	0	0	0	0	0	297.846	-5.22782e-13	296.519	4.43284e-10	1.38162e-09	0	27	1384738.8	1384738.8
7.307	15.698074	-46.1991	12.8087	0	0	0	86658201	2	0	0	0	296.48296	15.703049	4.490914e-10	1.380743e-09	-1790.667	7.7091023e+08	7.7293297e+08	2.0119622	10.835225	1.7939616	10120	1006	801	10	1696	827	10	0	0	16.997457	0	7.3047431	0	0	0	0	0	0	297.846	-5.22782e-13	296.494	4.48361e-10	1.38682e-09	0	37	1388377.4	1388377.4
7.3075	15.696969	-46.2023	12.8087	0	0	0	86658205	2	0	0	0	296.46154	15.700549	4.536247e-10	1.385247e-09	-1790.667	7.7091023e+08	7.7549488e+08	2.012017	11.083835	1.7890083	9969	1079	807	9	1720	876	13	0	0	16.997457	0	7.305877	0	0	0	0	0	0	297.846	-5.22782e-13	296.472	4.49638e-10	1.38472e-09	0	25	1402317.5	1402317.5
7.308	15.695869	-46.2054	12.8086	0	0	0	86658208	2	0	0	0	296.4401	15.700549	4.512373e-10	1.388331e-09	-1790.667	7.7091023e+08	7.7726208e+08	2.0121421	10.648568	1.7978778	9983	1026	764	9	1684	768	6	0	0	16.997457	0	7.305877	0	0	0	0	0	0	297.846	-5.22782e-13	296.443	4.52942e-10	1.38739e-09	0	20	1394862.9	1394862.9
7.3085	15.694769	-46.2086	12.8085	0	0	0	86658211	2	0	0	0	296.76162	15.698049	4.562608e-10	1.396222e-09	-1790.667	7.7091023e+08	7.8172083e+08	2.0118006	10.903856	1.7924368	9903	1052	766	8	1741	788	4	0	0	16.997457	0	7.3070112	0	0	0	0	0	0	297.846	-5.22782e-13	296.594	4.53308e-10	1.38017e-09	0	29	1410316.5	1410316.5
7.309	15.693664	-46.2117	12.8084	0	0	0	86658215	2	0	0	0	296.73338	15.698049	4.559375e-10	1.392808e-09	-1790.667	7.7091023e+08	7.7985025e+08	2.0119904	11.160355	1.7874451	10141	1063	759	9	1751	841	2	0	0	16.997457	0	7.3070112	0	0	0	0	0	0	297.846	-5.22782e-13	296.744	4.5413e-10	1.39216e-09	0	26	1409242.1	1409242.1
7.3095	15.692564	-46.2149	12.8083	0	0	0	86658218	2	0	0	0	296.71158	15.695549	4.525305e-10	1.395129e-09	-1790.667	7.7091023e+08	7.8119074e+08	2.0122061	10.862076	1.7936387	10155	1011	775	7	1746	831	7	0	0	16.997457	0	7.3081458	0	0	0	0	0	0	297.846	-5.22782e-13	296.715	4.54952e-10	1.39708e-09	0	23	1398637.1	1398637.1
7.31	15.691464	-46.2181	12.8083	0	0	0	86658221	2	0	0	0	296.68294	15.695549	4.558203e-10	1.39309e-09	-1790.667	7.7091023e+08	7.8008991e+08	2.0119699	10.690021	1.7968899	9986	1015	809	10	1729	812	5	0	0	16.997457	0	7.3081458	0	0	0	0	0	0	297.846	-5.22782e-13	296.691	4.55007e-10	1.3912e-09	0	25	1408729.9	1408729.9
7.3105	15.690364	-46.2212	12.8082	0	0	0	86658225	2	0	0	0	296.65962	15.695549	4.569998e-10	1.397089e-09	-1790.667	7.7091023e+08	7.8237025e+08	2.0118349	11.330711	1.7838797	10197	1060	805	16	1797	832	4	0	0	16.997457	0	7.3081458	0	0	0	0	0	0	297.846	-5.22782e-13	296.667	4.5792e-10	1.39427e-09	0	22	1412300	1412300
7.311	15.689264	-46.2244	12.8081	0	0	0	86658228	2	0	0	0	296.6367	15.693049	4.569642e-10	1.395216e-09	-1790.667	7.7091023e+08	7.8136235e+08	2.0120557	11.072902	1.7892627	10102	1037	767	14	1777	862	8	0	0	16.997457	0	7.3092808	0	0	0	0	0	0	297.846	-5.22782e-13	296.64	4.56053e-10	1.39555e-09	0	21	1412114.9	1412114.9
7.3115	15.688164	-46.2275	12.808	0	0	0	86658231	2	0	0	0	296.60665	15.693049	4.569607e-10	1.398595e-09	-1790.667	7.7091023e+08	7.8329577e+08	2.0121837	10.725478	1.7963674	10151	1015	800	9	1744	829	7	0	0	16.997457	0	7.3092808	0	0	0	0	0	0	297.846	-5.22782e-13	296.619	4.56807e-10	1.39711e-09	0	20	1412028.9	1412028.9
7.312	15.687059	-46.2307	12.8079	0	0	0	86658235	2	0	0	0	296.58599	15.690549	4.56879e-10	1.400341e-09	-1790.667	7.7091023e+08	7.8431479e+08	2.0118458	10.95513	1.7914454	10228	1110	830	12	1787	820	6	0	0	16.997457	0	7.3104161	0	0	0	0	0	0	297.846	-5.22782e-13	296.593	4.56909e-10	1.39613e-09	0	16	1411701.4	1411701.4
7.3125	15.685959	-46.2339	12.8078	0	0	0	86658238	2	0	0	0	296.56497	15.690549	4.582148e-10	1.396895e-09	-1790.667	7.7091023e+08	7.8242578e+08	2.0118205	11.059404	1.7893251	10033	1045	761	10	1673	832	4	0	0	16.997457	0	7.3104161	0	0	0	0	0	0	297.846	-5.22782e-13	296.569	4.60381e-10	1.3989e-09	0	21	1415753.6	1415753.6
7.313	15.684859	-46.237	12.8078	0	0	0	86658242	2	0	0	0	296.53632	15.688049	4.62812e-10	1.401562e-09	-1790.667	7.7091023e+08	7.8508106e+08	2.011815	10.617405	1.7982125	10119	1013	833	5	1792	848	5	0	0	16.997457	0	7.3115518	0	0	0	0	0	0	297.846	-5.22782e-13	296.547	4.61256e-10	1.39762e-09	0	19	1429881.5	1429881.5
7.3135	15.683759	-46.2402	12.8077	0	0	0	86658245	2	0	0	0	296.51377	15.688049	4.626344e-10	1.396693e-09	-1790.667	7.7091023e+08	7.8239478e+08	2.0118717	10.945573	1.7916608	10240	1066	833	6	1839	908	5	0	0	16.997457	0	7.3115518	0	0	0	0	0	0	297.846	-5.22782e-13	296.518	4.6405e-10	1.40024e-09	0	32	1429256.8	1429256.8
7.314	15.682659	-46.2434	12.8076	0	0	0	86658248	2	0	0	0	296.49045	15.685549	4.666276e-10	1.399185e-09	-1790.667	7.7091023e+08	7.8383191e+08	2.0120474	11.165304	1.7873962	10276	999	812	10	1799	820	9	0	0	16.997457	0	7.3126879	0	0	0	0	0	0	297.846	-5.22782e-13	296.494	4.65941e-10	1.40433e-09	0	19	1441516.7	1441516.7
7.3145	15.681564	-46.2465	12.8075	0	0	0	86658252	2	0	0	0	298.30423	15.685549	4.616858e-10	1.41406e-09	-1790.667	7.7091023e+08	7.9220659e+08	2.0120221	10.795333	1.7948176	10182	1065	786	6	1748	833	9	0	0	16.997457	0	7.3126879	0	0	0	0	0	0	297.846	-5.22782e-13	297.394	4.64297e-10	1.39924e-09	0	31	1426174.6	1426174.6
7.315	15.680464	-46.2497	12.8074	0	0	0	86658255	2	0	0	0	298.28295	15.685549	4.68102e-10	1.409424e-09	-1790.667	7.7091023e+08	7.8965082e+08	2.0118458	11.584745	1.7787786	10217	1091	780	10	1732	813	5	0	0	16.997457	0	7.3126879	0	0	0	0	0	0	297.846	-5.22782e-13	298.287	4.65267e-10	1.41462e-09	0	15	1445917.7	1445917.7
7.3155	15.679364	-46.2528	12.8074	0	0	0	86658258	2	0	0	0	298.25167	15.683049	4.614655e-10	1.407736e-09	-1790.667	7.7091023e+08	7.8874655e+08	2.0119846	10.918795	1.7923002	10206	1010	829	7	1793	824	10	0	0	16.997457	0	7.3138243	0	0	0	0	0	0	297.846	-5.22782e-13	298.263	4.6233e-10	1.40902e-09	0	29	1425342.5	1425342.5
7.316	15.678264	-46.256	12.8073	0	0	0	86658262	2	0	0	0	298.23107	15.683049	4.638068e-10	1.41293e-09	-1790.667	7.7091023e+08	7.9169833e+08	2.011975	11.279345	1.7850374	10203	1044	820	14	1828	885	12	0	0	16.997457	0	7.3138243	0	0	0	0	0	0	297.846	-5.22782e-13	298.239	4.63059e-10	1.41265e-09	0	23	1432498.1	1432498.1
7.3165	15.677164	-46.2592	12.8072	0	0	0	86658265	2	0	0	0	298.20901	15.680549	4.656968e-10	1.410399e-09	-1790.667	7.7091023e+08	7.9032171e+08	2.0118166	11.455247	1.7813581	10425	1051	786	16	1890	904	5	0	0	16.997457	0	7.3149611	0	0	0	0	0	0	297.846	-5.22782e-13	298.213	4.64443e-10	1.41257e-09	0	24	1438259	1438259
7.317	15.676064	-46.2623	12.8071	0	0	0	86658268	2	0	0	0	298.17801	15.680549	4.666028e-10	1.415287e-09	-1790.667	7.7091023e+08	7.9310243e+08	2.0118134	11.192497	1.7866413	10219	1097	773	14	1700	854	5	0	0	16.997457	0	7.3149611	0	0	0	0	0	0	297.846	-5.22782e-13	298.191	4.66447e-10	1.41541e-09	0	30	1440980.5	1440980.5
7.3175	15.674969	-46.2655	12.807	0	0	0	86658272	2	0	0	0	298.15511	15.678049	4.667626e-10	1.417593e-09	-1790.667	7.7091023e+08	7.9443646e+08	2.0121533	11.200753	1.786777	10353	1066	796	12	1822	886	7	0	0	16.997457	0	7.3160983	0	0	0	0	0	0	297.846	-5.22782e-13	298.159	4.69829e-10	1.41811e-09	0	22	1441397.5	1441397.5
7.318	15.673869	-46.2686	12.8069	0	0	0	86658275	2	0	0	0	298.13336	15.678049	4.771898e-10	1.420114e-09	-1790.667	7.7091023e+08	7.9589113e+08	2.0121027	10.974406	1.7912864	10201	1070	791	5	1779	862	8	0	0	16.997457	0	7.3160983	0	0	0	0	0	0	297.846	-5.22782e-13	298.137	4.74026e-10	1.42319e-09	0	38	1473519.2	1473519.2
7.3185	15.672769	-46.2718	12.8069	0	0	0	86658279	2	0	0	0	298.10418	15.675549	4.781917e-10	1.421391e-09	-1790.667	7.7091023e+08	7.9664875e+08	2.0122448	11.025776	1.7903792	10380	1056	783	9	1871	880	5	0	0	16.997457	0	7.3172358	0	0	0	0	0	0	297.846	-5.22782e-13	298.114	4.78052e-10	1.42257e-09	0	14	1476534.5	1476534.5
7.319	15.671674	-46.275	12.8068	0	0	0	86658282	2	0	0	0	298.08087	15.675549	4.826006e-10	1.421633e-09	-1790.667	7.7091023e+08	7.9682633e+08	2.0119072	10.98624	1.7908742	10261	1057	786	5	1844	892	6	0	0	16.997457	0	7.3172358	0	0	0	0	0	0	297.846	-5.22782e-13	298.085	4.78376e-10	1.42356e-09	0	24	1490068.9	1490068.9
7.3195	15.670574	-46.2781	12.8067	0	0	0	86658285	2	0	0	0	298.05802	15.675549	4.853149e-10	1.427802e-09	-1790.667	7.7091023e+08	8.003262e+08	2.0117907	11.335732	1.7837395	10472	1101	812	11	1773	835	7	0	0	16.997457	0	7.3172358	0	0	0	0	0	0	297.846	-5.22782e-13	298.061	4.80847e-10	1.42665e-09	0	28	1498370	1498370
7.32	15.669474	-46.2813	12.8066	0	0	0	86658289	2	0	0	0	298.02847	15.673049	4.856204e-10	1.427306e-09	-1790.667	7.7091023e+08	8.0009031e+08	2.012111	11.280745	1.7851299	10581	1093	836	4	1890	876	11	0	0	16.997457	0	7.3183737	0	0	0	0	0	0	297.846	-5.22782e-13	298.036	4.8606e-10	1.42895e-09	0	24	1499233.6	1499233.6
7.3205	15.668379	-46.2844	12.8065	0	0	0	86658292	2	0	0	0	298.00567	15.673049	4.830127e-10	1.428772e-09	-1790.667	7.7091023e+08	8.0095428e+08	2.0122	11.118036	1.7884829	10228	1032	747	10	1842	835	6	0	0	16.997457	0	7.3183737	0	0	0	0	0	0	297.846	-5.22782e-13	298.01	4.8537e-10	1.42896e-09	0	26	1491103.8	1491103.8
7.321	15.667279	-46.2876	12.8065	0	0	0	86658295	2	0	0	0	297.97647	15.670549	4.918661e-10	1.432049e-09	-1790.667	7.7091023e+08	8.0283364e+08	2.0118845	11.311934	1.7843014	10390	1096	799	6	1775	800	12	0	0	16.997457	0	7.319512	0	0	0	0	0	0	297.846	-5.22782e-13	297.989	4.89124e-10	1.42835e-09	0	29	1518354.4	1518354.4
7.3215	15.666184	-46.2908	12.8064	0	0	0	86658299	2	0	0	0	297.9541	15.670549	4.868781e-10	1.429902e-09	-1790.667	7.7091023e+08	8.0167224e+08	2.0120378	11.290858	1.7848614	10303	1004	844	13	1795	870	6	0	0	16.997457	0	7.319512	0	0	0	0	0	0	297.846	-5.22782e-13	297.962	4.8817e-10	1.42871e-09	0	31	1502877.1	1502877.1
7.322	15.665084	-46.2939	12.8063	0	0	0	86658302	2	0	0	0	297.93352	15.668049	4.862635e-10	1.421187e-09	-1790.667	7.7091023e+08	7.968282e+08	2.0119379	11.43854	1.7818016	10382	1043	758	15	1847	888	15	0	0	16.997457	0	7.3206506	0	0	0	0	0	0	297.846	-5.22782e-13	297.936	4.86997e-10	1.42845e-09	0	25	1500900.3	1500900.3
7.3225	15.663989	-46.2971	12.8062	0	0	0	86658305	2	0	0	0	297.90341	15.668049	4.947722e-10	1.432616e-09	-1790.667	7.7091023e+08	8.0327854e+08	2.0120704	10.871286	1.7933325	10409	1143	806	7	1800	859	11	0	0	16.997457	0	7.3206506	0	0	0	0	0	0	297.846	-5.22782e-13	297.914	4.92183e-10	1.43296e-09	0	18	1527082.2	1527082.2
7.323	15.662894	-46.3003	12.8061	0	0	0	86658309	2	0	0	0	297.87932	15.668049	4.95838e-10	1.436225e-09	-1790.667	7.7091023e+08	8.0534461e+08	2.005	11.357734	1.7772774	10638	1119	819	9	1909	926	5	0	0	16.997457	0	7.3206506	0	0	0	0	0	0	297.846	-5.22782e-13	297.888	4.95768e-10	1.43572e-09	0	17	1530290.5	1530290.5
