# Scan number: 28
# Command: ascan monoE 5.673 5.703 15 2
# Date: Fri Jul 26 22:30:20 2024
# date: Fri Jul 26 22:30:20 2024
monoE	monobr	cr2latr	cr2vetr	H	K	L	Epoch	sec	no1	no2	izero	RCur	enc_det	K1_1	K1_2	"Counter 8"	"Counter 9"	ionch1	mcaRt	mcaDt	mcaLt	mca	roi1	roi2	roi3	roi4	roi5	roi6	ctm	ctran	LST1	LST2	E_det	mcaLt1	mcaLt2	mcaLt3	mcaLt4	mcaLt5	mcaLt6	mcaLt7	mcaLt8	AS_RC	AS_DM	AS_IC	AS_IC1	cyber	diode1	diode1
5.673	20.395599	-35.868	13.1998	0	0	0	86595712	2	0	0	0	296.53365	20.397365	1.073956e-08	1.124013e-09	-1790.667	7.7091023e+08	5.7311611e+08	2.0119008	4.8401909	1.914521	1594	6	1209	73	48	17	0	0	0	16.997457	0	5.6725301	0	0	0	0	0	0	297.846	-5.22782e-13	296.546	1.07353e-08	1.1233e-09	0	35	40674606	40674606
5.675	20.388094	-35.8806	13.1991	0	0	0	86595717	2	0	0	0	296.49461	20.392365	1.136554e-08	1.118666e-09	-1790.667	7.7091023e+08	5.7039539e+08	2.0120893	4.9669526	1.9121498	1634	5	1192	82	80	21	0	0	0	16.997457	0	5.6738617	0	0	0	0	0	0	297.846	-5.22782e-13	296.506	1.13372e-08	1.12202e-09	0	35	43033416	43033416
5.677	20.380589	-35.8933	13.1984	0	0	0	86595722	2	0	0	0	296.78071	20.384865	1.142435e-08	1.121901e-09	-1790.667	7.7091023e+08	5.7205068e+08	2.0120595	4.6630191	1.9182368	1603	6	1176	83	59	20	0	0	0	16.997457	0	5.6758603	0	0	0	0	0	0	297.846	-5.22782e-13	296.632	1.13862e-08	1.11272e-09	0	34	43244030	43244030
5.679	20.373094	-35.9059	13.1977	0	0	0	86595726	2	0	0	0	296.74478	20.377365	1.190127e-08	1.117819e-09	-1790.667	7.7091023e+08	5.6997523e+08	2.0121859	4.4443766	1.9227568	1642	6	1200	84	72	27	0	0	0	16.997457	0	5.6778605	0	0	0	0	0	0	297.846	-5.22782e-13	296.756	1.18824e-08	1.11872e-09	0	32	45036736	45036736
5.681	20.365604	-35.9186	13.197	0	0	0	86595731	2	0	0	0	296.71249	20.369865	1.208021e-08	1.116542e-09	-1790.667	7.7091023e+08	5.6933017e+08	2.0121066	5.186111	1.9077565	1636	7	1180	87	76	18	0	0	0	16.997457	0	5.6798621	0	0	0	0	0	0	297.846	-5.22782e-13	296.717	1.20674e-08	1.11656e-09	0	35	45701141	45701141
5.683	20.358119	-35.9312	13.1963	0	0	0	86595736	2	0	0	0	296.67344	20.362365	1.231147e-08	1.119178e-09	-1790.667	7.7091023e+08	5.7068053e+08	2.0118198	4.6339736	1.9185926	1655	4	1207	80	56	17	0	0	0	16.997457	0	5.6818653	0	0	0	0	0	0	297.846	-5.22782e-13	296.677	1.22764e-08	1.11614e-09	0	33	46563055	46563055
5.685	20.350639	-35.9439	13.1956	0	0	0	86595741	2	0	0	0	296.63549	20.354865	1.254512e-08	1.11574e-09	-1790.667	7.7091023e+08	5.6893384e+08	2.0122582	4.1088643	1.9295773	1624	5	1133	92	62	17	0	0	0	16.997457	0	5.68387	0	0	0	0	0	0	297.846	-5.22782e-13	296.646	1.25497e-08	1.11501e-09	0	33	47433524	47433524
5.687	20.343164	-35.9565	13.1949	0	0	0	86595745	2	0	0	0	296.59593	20.347365	1.289751e-08	1.112472e-09	-1790.667	7.7091023e+08	5.6727395e+08	2.0120653	4.703911	1.9174195	1690	10	1170	105	69	22	0	0	0	16.997457	0	5.6858762	0	0	0	0	0	0	297.846	-5.22782e-13	296.607	1.28896e-08	1.1139e-09	0	33	48752343	48752343
5.689	20.335699	-35.9692	13.1942	0	0	0	86595750	2	0	0	0	296.56465	20.339865	1.355439e-08	1.110362e-09	-1790.667	7.7091023e+08	5.6620468e+08	2.011807	5.1062869	1.9090784	1690	5	1178	121	59	27	0	0	0	16.997457	0	5.6878839	0	0	0	0	0	0	297.846	-5.22782e-13	296.569	1.34958e-08	1.11213e-09	0	28	51221073	51221073
5.691	20.328234	-35.9818	13.1935	0	0	0	86595755	2	0	0	0	296.52661	20.332365	1.340704e-08	1.111387e-09	-1790.667	7.7091023e+08	5.6673417e+08	2.0122035	4.3204059	1.9252682	1753	4	1218	113	91	29	0	0	0	16.997457	0	5.6898931	0	0	0	0	0	0	297.846	-5.22782e-13	296.531	1.33618e-08	1.10851e-09	0	23	50650146	50650146
5.693	20.320779	-35.9944	13.1928	0	0	0	86595760	2	0	0	0	296.48756	20.324865	1.350497e-08	1.108397e-09	-1790.667	7.7091023e+08	5.6521642e+08	2.0122106	4.7391462	1.916849	1684	5	1209	99	65	19	0	0	0	16.997457	0	5.6919039	0	0	0	0	0	0	297.846	-5.22782e-13	296.495	1.35376e-08	1.10783e-09	0	34	51005916	51005916
5.695	20.313329	-36.0071	13.1921	0	0	0	86595765	2	0	0	0	296.4501	20.317365	1.374944e-08	1.105795e-09	-1790.667	7.7091023e+08	5.6389664e+08	2.0119206	4.6681285	1.9180016	1623	7	1162	97	60	22	1	0	0	16.997457	0	5.6939161	0	0	0	0	0	0	297.846	-5.22782e-13	296.461	1.3799e-08	1.1039e-09	0	28	51914788	51914788
5.697	20.305879	-36.0197	13.1914	0	0	0	86595769	2	0	0	0	296.4185	20.309865	1.409869e-08	1.098165e-09	-1790.667	7.7091023e+08	5.6001293e+08	2.0122653	5.1621981	1.9083882	1685	8	1169	99	80	23	0	0	0	16.997457	0	5.6959299	0	0	0	0	0	0	297.846	-5.22782e-13	296.423	1.40927e-08	1.0997e-09	0	13	53218671	53218671
5.699	20.298439	-36.0324	13.1907	0	0	0	86595774	2	0	0	0	297.48418	20.302365	1.438958e-08	1.094945e-09	-1790.667	7.7091023e+08	5.583782e+08	2.0120608	4.3807344	1.9239178	1738	6	1231	103	74	26	0	0	0	16.997457	0	5.6979452	0	0	0	0	0	0	297.846	-5.22782e-13	297.487	1.43693e-08	1.09748e-09	0	35	54301595	54301595
5.701	20.291004	-36.045	13.1901	0	0	0	86595779	2	0	0	0	297.44344	20.294865	1.440032e-08	1.091077e-09	-1790.667	7.7091023e+08	5.5641312e+08	2.0054259	5.3106644	1.8989245	1712	12	1155	97	85	28	0	0	0	16.997457	0	5.699962	0	0	0	0	0	0	297.846	-5.22782e-13	297.448	1.43828e-08	1.09045e-09	0	31	54327016	54327016
5.703	20.283579	-36.0577	13.1894	0	0	0	86595784	2	0	0	0	297.40545	20.287365	1.454175e-08	1.080956e-09	-1790.667	7.7091023e+08	5.5125926e+08	2.0119222	4.6738824	1.9178874	1619	1	1123	118	69	26	0	0	0	16.997457	0	5.7019804	0	0	0	0	0	0	297.846	-5.22782e-13	297.417	1.46014e-08	1.08314e-09	0	46	54845329	54845329
