# Scan number: 25
# Command: k-scan 3 12 8.979 180 1 10
# Date: Sun Jul 28 03:38:47 2024
# date: Sun Jul 28 03:38:47 2024
# C Sun Jul 28 04: 00:25 2024.  do ./2023-07_EXAFS.mac.
Energy	monobr	monoh	cr2latr	cr2vetr	Epoch	sec	no1	no2	izero	RCur	enc_det	K1_1	K1_2	"Counter 8"	"Counter 9"	ionch1	mcaRt	mcaDt	mcaLt	mca	roi1	roi2	roi3	roi4	roi5	roi6	ctm	ctran	LST1	LST2	E_det	mcaLt1	mcaLt2	mcaLt3	mcaLt4	mcaLt5	mcaLt6	mcaLt7	mcaLt8	AS_RC	AS_DM	AS_IC	AS_IC1	cyber	diode1	diode1
9.01329	12.670699	25	-58.6672	12.5891	86700613	1	0	0	0	296.76511	12.676037	7.539214e-11	2.966587e-10	-1790.667	7.7091023e+08	2.1056773e+08	1.0118358	19.503432	0.81449312	6642	38	45	5061	47	46	0	0	0	16.997457	0	9.0095574	0	0	0	0	0	0	297.846	-5.22782e-13	296.769	7.62448e-11	2.97741e-10	0	14	202203.51	202203.51
9.01444	12.669064	25	-58.6672	12.589	86700615	1.0200544	0	0	0	296.74329	12.673537	7.59357e-11	2.995577e-10	-1790.667	7.7091023e+08	2.1266582e+08	1.0280234	19.256403	0.83006304	6751	30	48	5198	50	53	0	0	0	16.997457	0	9.0113056	0	0	0	0	0	0	297.846	-5.22782e-13	296.75	7.50937e-11	2.99043e-10	0	10	203647.71	203647.71
9.0156	12.667399	25	-58.6672	12.5889	86700619	1.0404384	0	0	0	296.72041	12.671037	7.656098e-11	3.032525e-10	-1790.667	7.7091023e+08	2.1533013e+08	1.052153	18.760345	0.85476544	6830	44	59	5184	47	54	0	0	0	16.997457	0	9.0130544	0	0	0	0	0	0	297.846	-5.22782e-13	296.729	7.5565e-11	3.00806e-10	0	10	205310.74	205310.74
9.01678	12.665709	25	-58.6672	12.5888	86700622	1.061152	0	0	0	296.69769	12.671037	7.66569e-11	3.012417e-10	-1790.667	7.7091023e+08	2.1394403e+08	1.0681715	19.128044	0.8638512	7094	49	55	5439	67	59	0	0	0	16.997457	0	9.0130544	0	0	0	0	0	0	297.846	-5.22782e-13	296.701	7.64277e-11	3.02534e-10	0	19	205553.85	205553.85
9.01799	12.663989	25	-58.6672	12.5887	86700624	1.0821956	0	0	0	296.67578	12.668537	7.639045e-11	3.049578e-10	-1790.667	7.7091023e+08	2.1662653e+08	1.0921997	19.580888	0.87833728	7277	53	49	5494	63	65	0	0	0	16.997457	0	9.0148039	0	0	0	0	0	0	297.846	-5.22782e-13	296.684	7.62969e-11	3.04928e-10	0	11	204824.96	204824.96
9.01921	12.662244	25	-58.6672	12.5887	86700627	1.1035684	0	0	0	296.65859	12.666037	7.687717e-11	3.082903e-10	-1790.667	7.7091023e+08	2.1903793e+08	1.1081994	19.240119	0.89498048	7487	47	58	5620	59	59	0	0	0	16.997457	0	9.0165542	0	0	0	0	0	0	297.846	-5.22782e-13	296.659	7.58522e-11	3.07111e-10	0	12	206115.38	206115.38
9.02045	12.660474	25	-58.6672	12.5886	86700630	1.1252712	0	0	0	296.63615	12.666037	7.745626e-11	3.102976e-10	-1790.667	7.7091023e+08	2.2050929e+08	1.132048	19.532628	0.91092928	7614	37	57	5772	67	65	0	0	0	16.997457	0	9.0165542	0	0	0	0	0	0	297.846	-5.22782e-13	296.636	7.73094e-11	3.08614e-10	0	9	207653.02	207653.02
9.02171	12.658679	25	-58.6672	12.5885	86700633	1.1473032	0	0	0	296.61267	12.663537	7.878498e-11	3.08809e-10	-1790.667	7.7091023e+08	2.1949714e+08	1.1562429	19.017153	0.9363584	7711	43	71	5870	65	56	0	0	0	16.997457	0	9.0183051	0	0	0	0	0	0	297.846	-5.22782e-13	296.617	7.84208e-11	3.09765e-10	0	16	211199.75	211199.75
9.02299	12.656859	25	-58.6672	12.5884	86700636	1.1696652	0	0	0	296.59067	12.661037	7.771561e-11	3.102656e-10	-1790.667	7.7091023e+08	2.2057915e+08	1.1801584	19.078036	0.95500736	7721	52	58	5847	67	66	0	0	0	16.997457	0	9.0200568	0	0	0	0	0	0	297.846	-5.22782e-13	296.594	7.79797e-11	3.12278e-10	0	11	208317.61	208317.61
9.02428	12.655009	25	-58.6672	12.5883	86700638	1.1923568	0	0	0	296.56466	12.658537	7.929302e-11	3.129514e-10	-1790.667	7.7091023e+08	2.2253605e+08	1.2038547	19.006493	0.97504416	8026	50	49	6050	61	63	0	0	0	16.997457	0	9.0218091	0	0	0	0	0	0	297.846	-5.22782e-13	296.573	7.90822e-11	3.13248e-10	0	8	212529.98	212529.98
9.0256	12.653134	25	-58.6672	12.5882	86700641	1.2153784	0	0	0	296.54149	12.658537	8.488144e-11	3.134559e-10	-1790.667	7.7091023e+08	2.2294345e+08	1.219959	19.053099	0.98751904	7926	50	54	5955	83	73	0	0	0	16.997457	0	9.0218091	0	0	0	0	0	0	297.846	-5.22782e-13	296.551	8.6585e-11	3.14557e-10	0	14	227491.29	227491.29
9.02693	12.651229	25	-58.6672	12.5881	86700644	1.2387292	0	0	0	296.52034	12.656037	8.754242e-11	3.170868e-10	-1790.667	7.7091023e+08	2.2557553e+08	1.2440064	19.171323	1.0055139	8207	59	63	6154	83	79	0	0	0	16.997457	0	9.0235621	0	0	0	0	0	0	297.846	-5.22782e-13	296.528	8.90292e-11	3.16617e-10	0	10	234604.94	234604.94
9.02829	12.649304	25	-58.6672	12.588	86700648	1.2624096	0	0	0	296.49671	12.653537	8.964562e-11	3.181952e-10	-1790.667	7.7091023e+08	2.2641498e+08	1.2681379	18.318916	1.0358288	8226	50	49	6155	77	70	0	0	0	16.997457	0	9.0253158	0	0	0	0	0	0	297.846	-5.22782e-13	296.505	8.89422e-11	3.18099e-10	0	19	240222.4	240222.4
9.02966	12.647349	25	-58.6672	12.5879	86700651	1.28642	0	0	0	298.33596	12.651037	8.924061e-11	3.194671e-10	-1790.667	7.7091023e+08	2.2737155e+08	1.2922682	18.455984	1.0537674	8387	42	77	6218	79	76	0	0	0	16.997457	0	9.0270703	0	0	0	0	0	0	297.846	-5.22782e-13	297.409	8.89896e-11	3.19762e-10	0	20	239118.17	239118.17
9.03105	12.645369	25	-58.6672	12.5878	86700654	1.31076	0	0	0	298.31174	12.651037	8.938628e-11	3.226361e-10	-1790.667	7.7091023e+08	2.2967983e+08	1.3160688	18.902914	1.0672934	8311	49	64	6228	68	72	0	0	0	16.997457	0	9.0270703	0	0	0	0	0	0	297.846	-5.22782e-13	298.315	8.98671e-11	3.22924e-10	0	11	239489.26	239489.26
9.03246	12.643364	25	-58.6672	12.5877	86700657	1.3354296	0	0	0	298.28917	12.648537	8.731504e-11	3.250094e-10	-1790.667	7.7091023e+08	2.3142335e+08	1.3399789	18.970138	1.085783	8478	64	69	6329	70	64	0	0	0	16.997457	0	9.0288254	0	0	0	0	0	0	297.846	-5.22782e-13	298.289	8.75448e-11	3.24228e-10	0	22	233920.83	233920.83
9.03389	12.641329	25	-58.6672	12.5876	86700660	1.3604288	0	0	0	298.2651	12.646037	8.389733e-11	3.253753e-10	-1790.667	7.7091023e+08	2.3173875e+08	1.3719069	19.147632	1.1092192	8886	49	64	6722	81	83	0	0	0	16.997457	0	9.0305812	0	0	0	0	0	0	297.846	-5.22782e-13	298.265	8.37398e-11	3.25003e-10	0	16	224746.09	224746.09
9.03534	12.639269	25	-58.6672	12.5875	86700664	1.3857576	0	0	0	298.23501	12.643537	8.119727e-11	3.271055e-10	-1790.667	7.7091023e+08	2.3302697e+08	1.396239	19.698312	1.1212035	9196	58	52	6920	76	86	0	0	0	16.997457	0	9.0323377	0	0	0	0	0	0	297.846	-5.22782e-13	298.238	8.04524e-11	3.27457e-10	0	13	217494.94	217494.94
9.0368	12.637189	25	-58.6672	12.5874	86700667	1.4114164	0	0	0	298.21018	12.641037	7.57403e-11	3.28388e-10	-1790.667	7.7091023e+08	2.3399719e+08	1.4198598	20.27461	1.1319888	9538	72	71	7159	83	83	0	0	0	16.997457	0	9.034095	0	0	0	0	0	0	297.846	-5.22782e-13	298.215	7.59558e-11	3.2714e-10	0	13	202860.85	202860.85
9.03829	12.635074	25	-58.6672	12.5873	86700671	1.4374044	0	0	0	298.18133	12.641037	7.1946e-11	3.286615e-10	-1790.667	7.7091023e+08	2.3424988e+08	1.444055	19.575852	1.161369	9838	64	63	7426	88	82	0	0	0	16.997457	0	9.034095	0	0	0	0	0	0	297.846	-5.22782e-13	298.192	7.18477e-11	3.29459e-10	0	16	192681.77	192681.77
9.03979	12.632939	25	-58.6672	12.5872	86700674	1.4637224	0	0	0	298.15779	12.638537	6.826539e-11	3.302816e-10	-1790.667	7.7091023e+08	2.354631e+08	1.4761021	19.6802	1.1856022	10286	67	77	7705	103	100	0	0	0	16.997457	0	9.0358529	0	0	0	0	0	0	297.846	-5.22782e-13	298.161	6.85543e-11	3.30211e-10	0	16	182808.8	182808.8
9.04131	12.630774	25	-58.6672	12.5871	86700678	1.49037	0	0	0	298.12399	12.636037	6.429701e-11	3.304095e-10	-1790.667	7.7091023e+08	2.3561362e+08	1.4999734	20.028557	1.1995504	10603	65	81	8123	90	86	0	0	0	16.997457	0	9.0376115	0	0	0	0	0	0	297.846	-5.22782e-13	298.129	6.39583e-11	3.31039e-10	0	19	172166.79	172166.79
9.04286	12.628589	25	-58.6672	12.587	86700681	1.5173472	0	0	0	298.10459	12.633537	6.00977e-11	3.325731e-10	-1790.667	7.7091023e+08	2.3721741e+08	1.5254221	20.742534	1.2090109	10825	60	71	8171	94	98	0	0	0	16.997457	0	9.0393708	0	0	0	0	0	0	297.846	-5.22782e-13	298.105	6.06614e-11	3.31393e-10	0	19	160908.07	160908.07
9.04442	12.626374	25	-58.6672	12.5869	86700685	1.544654	0	0	0	298.07081	12.631037	5.687895e-11	3.306653e-10	-1790.667	7.7091023e+08	2.3591762e+08	1.5558173	21.124105	1.2271648	11214	78	84	8502	103	107	0	0	0	16.997457	0	9.0411309	0	0	0	0	0	0	297.846	-5.22782e-13	298.076	5.71549e-11	3.31538e-10	0	9	152276.43	152276.43
9.046	12.624129	25	-58.6672	12.5867	86700688	1.5722904	0	0	0	298.04904	12.628537	5.55147e-11	3.32367e-10	-1790.667	7.7091023e+08	2.3719385e+08	1.5802227	20.524459	1.2558906	11722	55	78	8876	99	95	0	0	0	16.997457	0	9.0428916	0	0	0	0	0	0	297.846	-5.22782e-13	298.049	5.49356e-11	3.31615e-10	0	19	148610.6	148610.6
9.04759	12.621864	25	-58.6672	12.5866	86700692	1.6002568	0	0	0	298.01747	12.626037	5.26903e-11	3.324629e-10	-1790.667	7.7091023e+08	2.3732486e+08	1.6121222	21.133206	1.2714291	12001	63	84	9144	93	82	0	0	0	16.997457	0	9.0446531	0	0	0	0	0	0	297.846	-5.22782e-13	298.022	5.30633e-11	3.30604e-10	0	22	141036.96	141036.96
9.04921	12.619569	25	-58.6672	12.5865	86700696	1.6285524	0	0	0	297.98602	12.623537	5.114487e-11	3.301928e-10	-1790.667	7.7091023e+08	2.3576772e+08	1.6360579	21.650363	1.2818454	12145	79	75	9268	90	86	0	0	0	16.997457	0	9.0464152	0	0	0	0	0	0	297.846	-5.22782e-13	297.99	5.13355e-11	3.30697e-10	0	10	136887.59	136887.59
9.05085	12.617254	25	-58.6672	12.5864	86700699	1.657178	0	0	0	297.95524	12.621037	5.018208e-11	3.293792e-10	-1790.667	7.7091023e+08	2.3525078e+08	1.6681862	21.159076	1.3152134	12628	61	75	9652	91	87	0	0	0	16.997457	0	9.048178	0	0	0	0	0	0	297.846	-5.22782e-13	297.962	5.00169e-11	3.30428e-10	0	17	134298.13	134298.13
9.0525	12.614909	25	-58.6672	12.5863	86700703	1.6861332	0	0	0	297.93361	12.618537	4.828138e-11	3.308571e-10	-1790.667	7.7091023e+08	2.3637105e+08	1.6921418	21.639927	1.3259635	12772	55	94	9733	106	95	0	0	0	16.997457	0	9.0499416	0	0	0	0	0	0	297.846	-5.22782e-13	297.937	4.89422e-11	3.2939e-10	0	16	129199.27	129199.27
9.05418	12.612539	25	-58.6672	12.5862	86700707	1.715418	0	0	0	297.9009	12.618537	4.811795e-11	3.283454e-10	-1790.667	7.7091023e+08	2.3464205e+08	1.7241322	21.69326	1.3501117	13243	72	78	10186	95	87	0	0	0	16.997457	0	9.0499416	0	0	0	0	0	0	297.846	-5.22782e-13	297.904	4.83054e-11	3.28328e-10	0	14	128749.6	128749.6
9.05587	12.610144	25	-58.6672	12.586	86700711	1.7450324	0	0	0	297.8695	12.616037	4.839151e-11	3.271339e-10	-1790.667	7.7091023e+08	2.3384189e+08	1.7560563	21.363397	1.380903	13308	71	86	10170	108	104	0	0	0	16.997457	0	9.0517058	0	0	0	0	0	0	297.846	-5.22782e-13	297.874	4.8292e-11	3.27168e-10	0	23	129469.09	129469.09
9.05758	12.607719	25	-58.6672	12.5859	86700714	1.7749764	0	0	0	297.83866	12.613537	4.774847e-11	3.244693e-10	-1790.667	7.7091023e+08	2.3200304e+08	1.7798259	21.384455	1.3992198	13369	57	76	10254	96	88	0	0	0	16.997457	0	9.0534708	0	0	0	0	0	0	297.846	-5.22782e-13	297.847	4.83027e-11	3.25616e-10	0	12	127736.23	127736.23
9.05931	12.605274	25	-58.6672	12.5858	86700718	1.8052504	0	0	0	297.80833	12.611037	4.925838e-11	3.230056e-10	-1790.667	7.7091023e+08	2.3102283e+08	1.8122669	21.220451	1.4276957	13598	77	90	10328	115	117	0	0	0	16.997457	0	9.0552365	0	0	0	0	0	0	297.846	-5.22782e-13	297.818	4.86781e-11	3.24387e-10	0	22	131762.56	131762.56
9.06106	12.602799	25	-58.6672	12.5857	86700722	1.835854	0	0	0	297.77699	12.608537	4.897416e-11	3.237197e-10	-1790.667	7.7091023e+08	2.3160089e+08	1.8442886	20.924673	1.4583773	13838	98	98	10558	104	100	0	0	0	16.997457	0	9.0570028	0	0	0	0	0	0	297.846	-5.22782e-13	297.788	4.92921e-11	3.23653e-10	0	24	130989.26	130989.26
9.06283	12.600299	25	-58.6672	12.5855	86700726	1.8667868	0	0	0	297.74549	12.606037	4.949641e-11	3.206502e-10	-1790.667	7.7091023e+08	2.2947233e+08	1.8762784	20.775186	1.4864781	13417	76	86	10124	96	95	0	0	0	16.997457	0	9.0587699	0	0	0	0	0	0	297.846	-5.22782e-13	297.759	4.94174e-11	3.20751e-10	0	24	132372.8	132372.8
9.06461	12.597774	25	-58.6672	12.5854	86700730	1.8980496	0	0	0	297.71537	12.603537	4.870415e-11	3.157865e-10	-1790.667	7.7091023e+08	2.260585e+08	1.907857	20.001499	1.526257	13466	65	106	10245	121	111	0	0	0	16.997457	0	9.0605377	0	0	0	0	0	0	297.846	-5.22782e-13	297.727	4.8801e-11	3.16823e-10	0	20	130240.83	130240.83
9.06642	12.595224	25	-58.6672	12.5853	86700735	1.929642	0	0	0	297.6828	12.601037	4.875389e-11	3.137011e-10	-1790.667	7.7091023e+08	2.2463322e+08	1.9399469	19.741126	1.5569795	13696	72	107	10379	101	100	0	0	0	16.997457	0	9.0623062	0	0	0	0	0	0	297.846	-5.22782e-13	297.692	4.92735e-11	3.13947e-10	0	26	130360.47	130360.47
9.06824	12.592649	25	-58.6672	12.5852	86700739	1.9615644	0	0	0	297.65257	12.598537	4.920508e-11	3.132037e-10	-1790.667	7.7091023e+08	2.2434492e+08	1.9721635	19.241974	1.5926803	13521	74	88	10282	114	119	0	0	0	16.997457	0	9.0640754	0	0	0	0	0	0	297.846	-5.22782e-13	297.656	4.88907e-11	3.1347e-10	0	16	131553.32	131553.32
9.07009	12.590049	25	-58.6672	12.585	86700743	1.993816	0	0	0	297.62143	12.596037	4.826362e-11	3.149054e-10	-1790.667	7.7091023e+08	2.2563324e+08	2.0054554	19.790243	1.6085709	13579	88	91	10261	107	105	0	0	0	16.997457	0	9.0658453	0	0	0	0	0	0	297.846	-5.22782e-13	297.625	4.84448e-11	3.15695e-10	0	26	129022.76	129022.76
9.07195	12.587424	25	-58.6672	12.5849	86700747	2.0263976	0	0	0	297.59096	12.591037	4.756373e-11	3.169056e-10	-1790.667	7.7091023e+08	2.2713667e+08	2.0359411	19.505161	1.6388275	13750	64	76	10508	117	113	0	0	0	16.997457	0	9.0693873	0	0	0	0	0	0	297.846	-5.22782e-13	297.595	4.79892e-11	3.15552e-10	0	23	127138.39	127138.39
9.07383	12.584769	25	-58.6672	12.5848	86700751	2.0593084	0	0	0	297.55874	12.588537	4.751399e-11	3.151364e-10	-1790.667	7.7091023e+08	2.2593928e+08	2.0678781	18.799484	1.6791277	13754	65	99	10442	133	127	0	0	0	16.997457	0	9.0711593	0	0	0	0	0	0	297.846	-5.22782e-13	297.564	4.76446e-11	3.14161e-10	0	23	126991.95	126991.95
9.07573	12.582094	25	-58.6672	12.5846	86700755	2.0925492	0	0	0	297.52086	12.586037	4.699174e-11	3.128733e-10	-1790.667	7.7091023e+08	2.2438767e+08	2.0999936	18.130204	1.7192605	13814	72	112	10473	112	107	0	0	0	16.997457	0	9.072932	0	0	0	0	0	0	297.846	-5.22782e-13	297.532	4.69782e-11	3.11864e-10	0	22	125582.67	125582.67
9.07765	12.579389	25	-58.6672	12.5845	86700760	2.1261196	0	0	0	297.49089	12.583537	4.629896e-11	3.100027e-10	-1790.667	7.7091023e+08	2.2239999e+08	2.1322144	18.957133	1.7280077	13883	75	89	10538	99	95	0	0	0	16.997457	0	9.0747055	0	0	0	0	0	0	297.846	-5.22782e-13	297.497	4.71641e-11	3.10762e-10	0	29	123717.87	123717.87
9.07958	12.576664	25	-58.6672	12.5844	86700764	2.1600196	0	0	0	297.45971	12.581037	4.734702e-11	3.087699e-10	-1790.667	7.7091023e+08	2.2158675e+08	2.1720509	18.385529	1.7727078	14064	87	106	10597	108	137	0	0	0	16.997457	0	9.0764797	0	0	0	0	0	0	297.846	-5.22782e-13	297.464	4.69448e-11	3.09465e-10	0	29	126504.71	126504.71
9.08154	12.573909	25	-58.6672	12.5842	86700768	2.1942496	0	0	0	297.42274	12.578537	4.688516e-11	3.075797e-10	-1790.667	7.7091023e+08	2.2080467e+08	2.2040016	18.634847	1.7932893	14145	70	98	10706	115	114	0	0	0	16.997457	0	9.0782545	0	0	0	0	0	0	297.846	-5.22782e-13	297.433	4.69127e-11	3.07096e-10	0	20	125256.88	125256.88
9.08352	12.571129	25	-58.6672	12.5841	86700773	2.2288088	0	0	0	297.39019	12.576037	4.709833e-11	3.045102e-10	-1790.667	7.7091023e+08	2.1867325e+08	2.2360182	17.89438	1.8358966	14700	77	80	11102	135	137	0	0	0	16.997457	0	9.0800301	0	0	0	0	0	0	297.846	-5.22782e-13	297.398	4.74936e-11	3.056e-10	0	14	125812.39	125812.39
9.08551	12.568329	25	-58.6672	12.584	86700777	2.263698	0	0	0	297.35785	12.573537	4.845901e-11	3.07697e-10	-1790.667	7.7091023e+08	2.2103501e+08	2.2761725	18.834397	1.8474691	14752	80	106	11181	122	121	0	0	0	16.997457	0	9.0818064	0	0	0	0	0	0	297.846	-5.22782e-13	297.363	4.82274e-11	3.0604e-10	0	25	129432.69	129432.69
9.08752	12.565499	25	-58.6672	12.5838	86700782	2.2989164	0	0	0	297.31949	12.571037	4.893153e-11	3.041549e-10	-1790.667	7.7091023e+08	2.1856373e+08	2.3080794	18.659144	1.8774115	15180	76	117	11473	141	143	0	0	0	16.997457	0	9.0835834	0	0	0	0	0	0	297.846	-5.22782e-13	297.327	4.91539e-11	3.04668e-10	0	30	130680.06	130680.06
9.08955	12.562644	25	-58.6672	12.5837	86700786	2.3344648	0	0	0	297.28939	12.568537	4.969181e-11	3.051213e-10	-1790.667	7.7091023e+08	2.1933238e+08	2.3398634	18.691662	1.902504	15612	88	113	11919	133	134	0	0	0	16.997457	0	9.0853612	0	0	0	0	0	0	297.846	-5.22782e-13	297.293	4.9905e-11	3.04458e-10	0	20	132695.44	132695.44
9.0916	12.559764	25	-58.6672	12.5835	86700791	2.3703428	0	0	0	297.25052	12.563537	5.116618e-11	3.062297e-10	-1790.667	7.7091023e+08	2.2020439e+08	2.3800029	18.933893	1.9293757	15838	88	117	12009	155	145	0	0	0	16.997457	0	9.0889188	0	0	0	0	0	0	297.846	-5.22782e-13	297.258	5.10695e-11	3.06639e-10	0	22	136616.9	136616.9
9.09367	12.556859	25	-58.6672	12.5834	86700795	2.4065508	0	0	0	297.21208	12.561037	5.200107e-11	3.07395e-10	-1790.667	7.7091023e+08	2.2111865e+08	2.4122026	18.760481	1.9596618	16385	90	108	12451	117	125	0	0	0	16.997457	0	9.0906986	0	0	0	0	0	0	297.846	-5.22782e-13	297.224	5.17502e-11	3.07002e-10	0	26	138830.06	138830.06
9.09576	12.553929	25	-58.6672	12.5832	86700802	2.443088	0	0	0	297.16512	12.558537	5.240608e-11	3.05004e-10	-1790.667	7.7091023e+08	2.1947524e+08	2.4519789	18.175726	2.0063139	16760	101	127	12693	132	130	0	0	0	16.997457	0	9.0924792	0	0	0	0	0	0	297.846	-5.22782e-13	297.189	5.25843e-11	3.05908e-10	0	22	139895.03	139895.03
9.09787	12.550974	25	-58.6672	12.5831	86700806	2.4799552	0	0	0	297.12943	12.556037	5.310241e-11	3.072174e-10	-1790.667	7.7091023e+08	2.211458e+08	2.4920099	18.744619	2.0248922	16874	95	109	12804	153	153	0	0	0	16.997457	0	9.0942605	0	0	0	0	0	0	297.846	-5.22782e-13	297.141	5.30154e-11	3.07445e-10	0	19	141737.18	141737.18
9.09999	12.547994	25	-58.6672	12.5829	86700811	2.5171516	0	0	0	297.09622	12.553537	5.280043e-11	3.079492e-10	-1790.667	7.7091023e+08	2.2175102e+08	2.5241488	18.878684	2.0476227	16981	96	116	12882	142	141	0	0	0	16.997457	0	9.0960425	0	0	0	0	0	0	297.846	-5.22782e-13	297.105	5.29951e-11	3.08017e-10	0	21	140914.53	140914.53
9.10214	12.544989	25	-58.6672	12.5828	86700816	2.554678	0	0	0	297.06045	12.548537	5.280754e-11	3.081873e-10	-1790.667	7.7091023e+08	2.2200214e+08	2.5638259	19.198508	2.0716096	17349	109	123	13121	157	161	0	0	0	16.997457	0	9.0996087	0	0	0	0	0	0	297.846	-5.22782e-13	297.068	5.27294e-11	3.08648e-10	0	33	140916.67	140916.67
9.1043	12.541959	25	-58.6672	12.5826	86700821	2.592534	0	0	0	297.0202	12.546037	5.229239e-11	3.091571e-10	-1790.667	7.7091023e+08	2.2278107e+08	2.604161	18.948334	2.1107158	17456	105	117	13221	150	138	0	0	0	16.997457	0	9.1013929	0	0	0	0	0	0	297.846	-5.22782e-13	297.028	5.17872e-11	3.10237e-10	0	34	139525.26	139525.26
9.10649	12.538904	25	-58.6672	12.5825	86700826	2.6307196	0	0	0	296.98336	12.543537	5.168843e-11	3.10969e-10	-1790.667	7.7091023e+08	2.2416872e+08	2.6360339	19.166418	2.1308006	17981	99	110	13539	152	154	0	0	0	16.997457	0	9.1031777	0	0	0	0	0	0	297.846	-5.22782e-13	296.991	5.21716e-11	3.11562e-10	0	21	137897.05	137897.05
9.10869	12.535829	25	-58.6672	12.5823	86700831	2.6692348	0	0	0	296.94636	12.541037	5.168133e-11	3.128626e-10	-1790.667	7.7091023e+08	2.2561667e+08	2.6759843	19.290863	2.1597638	18299	94	130	13702	157	147	0	0	0	16.997457	0	9.1049633	0	0	0	0	0	0	297.846	-5.22782e-13	296.953	5.2129e-11	3.12729e-10	0	17	137861.31	137861.31
9.11091	12.532724	25	-58.6672	12.5822	86700836	2.70808	0	0	0	296.90639	12.538537	5.237055e-11	3.120881e-10	-1790.667	7.7091023e+08	2.2514166e+08	2.7160992	19.595856	2.1838563	18611	110	134	14104	156	149	0	0	0	16.997457	0	9.1067496	0	0	0	0	0	0	297.846	-5.22782e-13	296.914	5.24139e-11	3.1354e-10	0	30	139682.67	139682.67
9.11315	12.529594	25	-58.6672	12.582	86700841	2.7472544	0	0	0	296.86783	12.533537	5.218936e-11	3.146248e-10	-1790.667	7.7091023e+08	2.2705665e+08	2.7558538	19.63087	2.2148557	18999	106	134	14305	165	163	0	0	0	16.997457	0	9.1103244	0	0	0	0	0	0	297.846	-5.22782e-13	296.876	5.21497e-11	3.14433e-10	0	28	139182.18	139182.18
9.1154	12.526439	25	-58.6672	12.5819	86700845	2.7867588	0	0	0	296.82999	12.531037	5.318768e-11	3.15417e-10	-1790.667	7.7091023e+08	2.27714e+08	2.7961466	19.809903	2.2422326	19333	110	127	14534	157	152	0	0	0	16.997457	0	9.1121129	0	0	0	0	0	0	297.846	-5.22782e-13	296.838	5.2547e-11	3.16343e-10	0	40	141826.96	141826.96
9.11768	12.523264	25	-58.6672	12.5817	86700851	2.8265928	0	0	0	296.79194	12.528537	5.255174e-11	3.150618e-10	-1790.667	7.7091023e+08	2.2754432e+08	2.8362029	19.222365	2.2910176	19601	118	146	14875	154	157	0	0	0	16.997457	0	9.1139021	0	0	0	0	0	0	297.846	-5.22782e-13	296.8	5.32581e-11	3.16179e-10	0	34	140113.6	140113.6
9.11997	12.520059	25	-58.6672	12.5816	86700856	2.8667564	0	0	0	296.75368	12.524465	5.370637e-11	3.161951e-10	-1790.667	7.7091023e+08	2.2845031e+08	2.8760883	19.93264	2.302808	19800	100	134	14918	172	162	0	0	0	16.997457	0	9.1168181	0	0	0	0	0	0	297.846	-5.22782e-13	296.761	5.35566e-11	3.17141e-10	0	32	143174.03	143174.03
9.12229	12.516829	25	-58.6672	12.5814	86700863	2.9072496	0	0	0	296.69837	12.521037	5.303491e-11	3.176872e-10	-1790.667	7.7091023e+08	2.2961747e+08	2.9159814	18.87437	2.3656083	20460	112	167	15428	199	196	0	0	0	16.997457	0	9.119274	0	0	0	0	0	0	297.846	-5.22782e-13	296.72	5.33677e-11	3.17025e-10	0	30	141365.99	141365.99
9.12462	12.513579	25	-58.6672	12.5812	86700868	2.9480728	0	0	0	296.66176	12.518537	5.265832e-11	3.166107e-10	-1790.667	7.7091023e+08	2.2892866e+08	2.956015	19.424334	2.3818288	20710	108	131	15641	164	177	0	0	0	16.997457	0	9.1210661	0	0	0	0	0	0	297.846	-5.22782e-13	296.669	5.20313e-11	3.1779e-10	0	37	140344.23	140344.23
9.12697	12.510304	25	-58.6672	12.5811	86700873	2.9892252	0	0	0	296.62076	12.516037	5.211831e-11	3.180958e-10	-1790.667	7.7091023e+08	2.3009299e+08	2.9960086	19.709572	2.4055082	21179	117	151	16012	174	170	0	0	0	16.997457	0	9.1228589	0	0	0	0	0	0	297.846	-5.22782e-13	296.629	5.18716e-11	3.19211e-10	0	36	138887.11	138887.11
9.12934	12.506999	25	-58.6672	12.5809	86700878	3.0307076	0	0	0	296.58425	12.511037	5.111289e-11	3.205898e-10	-1790.667	7.7091023e+08	2.3198907e+08	3.0360387	19.710136	2.4376314	21479	126	153	16196	197	198	0	0	0	16.997457	0	9.1264466	0	0	0	0	0	0	297.846	-5.22782e-13	296.591	5.11449e-11	3.19779e-10	0	28	136190.15	136190.15
9.13173	12.503674	25	-58.6672	12.5807	86700883	3.0725192	0	0	0	296.53869	12.508537	5.103118e-11	3.20167e-10	-1790.667	7.7091023e+08	2.3177589e+08	3.0842426	19.891115	2.4707523	21913	123	147	16609	189	183	0	0	0	16.997457	0	9.1282416	0	0	0	0	0	0	297.846	-5.22782e-13	296.553	5.10718e-11	3.20722e-10	0	33	135954.67	135954.67
9.13414	12.500324	25	-58.6672	12.5806	86700889	3.1146608	0	0	0	296.49993	12.506037	5.079315e-11	3.221352e-10	-1790.667	7.7091023e+08	2.3329491e+08	3.1238064	19.928221	2.5012874	22857	114	164	17387	191	183	0	0	0	16.997457	0	9.1300373	0	0	0	0	0	0	297.846	-5.22782e-13	296.507	5.06658e-11	3.225e-10	0	31	135302.72	135302.72
9.13657	12.496949	25	-58.6672	12.5804	86700894	3.157132	0	0	0	296.46204	12.501037	5.015366e-11	3.237872e-10	-1790.667	7.7091023e+08	2.3458683e+08	3.1638237	20.154094	2.5261837	23190	111	142	17455	201	184	0	0	0	16.997457	0	9.1336308	0	0	0	0	0	0	297.846	-5.22782e-13	296.469	5.01981e-11	3.22835e-10	0	27	133581.55	133581.55
9.13902	12.493549	25	-58.6672	12.5802	86700900	3.1999332	0	0	0	296.41498	12.498537	4.859402e-11	3.206004e-10	-1790.667	7.7091023e+08	2.323734e+08	3.2120048	20.473275	2.5544022	23342	139	179	17642	209	193	0	0	0	16.997457	0	9.1354287	0	0	0	0	0	0	297.846	-5.22782e-13	296.427	4.9504e-11	3.2126e-10	0	30	129410.28	129410.28
9.14148	12.490129	25	-58.6672	12.5801	86700905	3.2430636	0	0	0	296.72929	12.496037	4.904166e-11	3.185754e-10	-1790.667	7.7091023e+08	2.3100094e+08	3.2520662	20.007425	2.6014115	23324	126	151	17654	183	175	0	0	0	16.997457	0	9.1372273	0	0	0	0	0	0	297.846	-5.22782e-13	296.737	4.8793e-11	3.16586e-10	0	45	130584.92	130584.92
9.14396	12.486679	25	-58.6672	12.5799	86700911	3.286524	0	0	0	296.68381	12.491037	4.783729e-11	3.11509e-10	-1790.667	7.7091023e+08	2.2597104e+08	3.2919968	19.931713	2.6358454	22954	116	140	17331	187	192	0	0	0	16.997457	0	9.1408266	0	0	0	0	0	0	297.846	-5.22782e-13	296.695	4.78601e-11	3.1039e-10	0	40	127360.85	127360.85
9.14647	12.483209	25	-58.6672	12.5797	86700916	3.3303136	0	0	0	296.6457	12.488537	5.225687e-11	3.144294e-10	-1790.667	7.7091023e+08	2.2818561e+08	3.3401437	20.830069	2.6443894	24924	129	185	18822	192	204	0	0	0	16.997457	0	9.1426274	0	0	0	0	0	0	297.846	-5.22782e-13	296.654	5.20214e-11	3.1346e-10	0	42	139108.51	139108.51
9.14899	12.479714	25	-58.6672	12.5796	86700923	3.3744332	0	0	0	296.5835	12.483537	5.272227e-11	3.306191e-10	-1790.667	7.7091023e+08	2.4003619e+08	3.3798045	20.43553	2.6891235	25836	127	198	19576	227	225	0	0	0	16.997457	0	9.1462311	0	0	0	0	0	0	297.846	-5.22782e-13	296.611	5.26878e-11	3.30232e-10	0	32	140328.26	140328.26
9.15153	12.476194	25	-58.6672	12.5794	86700929	3.4188824	0	0	0	296.54366	12.481037	5.173462e-11	3.33614e-10	-1790.667	7.7091023e+08	2.4231386e+08	3.4280694	20.522067	2.7245587	26100	151	189	19669	209	205	0	0	0	16.997457	0	9.148034	0	0	0	0	0	0	297.846	-5.22782e-13	296.556	5.22548e-11	3.31454e-10	0	49	137680.58	137680.58
9.15409	12.472649	25	-58.6672	12.5792	86700935	3.4636612	0	0	0	296.4979	12.478537	5.153566e-11	3.290523e-10	-1790.667	7.7091023e+08	2.3910334e+08	3.4682182	20.413627	2.7602291	26001	121	170	19711	224	225	0	0	0	16.997457	0	9.1498377	0	0	0	0	0	0	297.846	-5.22782e-13	296.51	5.19117e-11	3.29854e-10	0	41	137132.14	137132.14
9.15667	12.469084	25	-58.6672	12.579	86700941	3.5087696	0	0	0	298.29896	12.473537	5.234924e-11	3.29937e-10	-1790.667	7.7091023e+08	2.3985013e+08	3.5158346	20.673319	2.7889949	25583	142	190	19313	224	220	0	0	0	16.997457	0	9.1534472	0	0	0	0	0	0	297.846	-5.22782e-13	296.926	5.16128e-11	3.29961e-10	0	33	139277.64	139277.64
9.15926	12.465489	25	-58.6672	12.5789	86700947	3.554208	0	0	0	298.25229	12.471037	5.212542e-11	3.300862e-10	-1790.667	7.7091023e+08	2.4006306e+08	3.5641139	20.73637	2.8250461	25834	170	205	19493	236	210	0	0	0	16.997457	0	9.1552531	0	0	0	0	0	0	297.846	-5.22782e-13	298.265	5.1696e-11	3.30362e-10	0	39	138662.83	138662.83
9.16188	12.461874	25	-58.6672	12.5787	86700953	3.5999756	0	0	0	298.20567	12.466037	5.276846e-11	3.301324e-10	-1790.667	7.7091023e+08	2.4020242e+08	3.611937	20.434385	2.8738598	26502	134	188	20029	245	248	0	0	0	16.997457	0	9.158867	0	0	0	0	0	0	297.846	-5.22782e-13	298.222	5.23439e-11	3.31505e-10	0	38	140353.67	140353.67
9.16451	12.458234	25	-58.6672	12.5785	86700959	3.6460732	0	0	0	298.1578	12.463537	5.246292e-11	3.315712e-10	-1790.667	7.7091023e+08	2.4135599e+08	3.652264	20.124074	2.9172797	26926	145	181	20363	220	224	0	0	0	16.997457	0	9.1606751	0	0	0	0	0	0	297.846	-5.22782e-13	298.171	5.25477e-11	3.32028e-10	0	39	139521.3	139521.3
9.16717	12.454569	25	-58.6672	12.5783	86700965	3.6925004	0	0	0	298.11401	12.458537	5.32232e-11	3.319549e-10	-1790.667	7.7091023e+08	2.4174341e+08	3.700032	20.170126	2.9537309	26829	156	186	20238	235	231	0	0	0	16.997457	0	9.1642934	0	0	0	0	0	0	297.846	-5.22782e-13	298.125	5.33631e-11	3.32357e-10	0	30	141523.04	141523.04
9.16984	12.450884	25	-58.6672	12.5781	86700971	3.7392572	0	0	0	298.06517	12.456037	5.428547e-11	3.311911e-10	-1790.667	7.7091023e+08	2.4129555e+08	3.7482678	19.55208	3.0154035	27483	170	181	20678	237	220	0	0	0	16.997457	0	9.1661036	0	0	0	0	0	0	297.846	-5.22782e-13	298.077	5.40199e-11	3.31429e-10	0	43	144327.06	144327.06
9.17253	12.447169	25	-58.6672	12.5779	86700977	3.7863436	0	0	0	298.02077	12.451037	5.499956e-11	3.325127e-10	-1790.667	7.7091023e+08	2.4236812e+08	3.7960237	20.146226	3.0312682	27485	145	220	20700	217	210	0	0	0	16.997457	0	9.1697263	0	0	0	0	0	0	297.846	-5.22782e-13	298.031	5.5027e-11	3.33305e-10	0	51	146204.58	146204.58
9.17524	12.443434	25	-58.6672	12.5778	86700984	3.83376	0	0	0	297.96743	12.448537	5.640644e-11	3.347331e-10	-1790.667	7.7091023e+08	2.440979e+08	3.8440157	19.69418	3.0869683	27874	170	183	20894	242	219	0	0	0	16.997457	0	9.1715388	0	0	0	0	0	0	297.846	-5.22782e-13	297.984	5.63429e-11	3.34166e-10	0	33	149922.81	149922.81
9.17797	12.439679	25	-58.6672	12.5776	86700990	3.8815056	0	0	0	297.91108	12.443537	5.748646e-11	3.367049e-10	-1790.667	7.7091023e+08	2.456487e+08	3.8918528	20.323622	3.1008874	28119	168	209	21255	250	238	0	0	0	16.997457	0	9.1751659	0	0	0	0	0	0	297.846	-5.22782e-13	297.93	5.78875e-11	3.36005e-10	0	42	152771.19	152771.19
9.18071	12.435894	25	-58.6672	12.5774	86700997	3.9295812	0	0	0	297.86171	12.441037	5.868017e-11	3.374652e-10	-1790.667	7.7091023e+08	2.4631705e+08	3.9400806	20.029576	3.1508992	29123	171	184	22054	253	235	0	0	0	16.997457	0	9.1769805	0	0	0	0	0	0	297.846	-5.22782e-13	297.873	5.80505e-11	3.3785e-10	0	54	155920.78	155920.78
9.18348	12.432089	25	-58.6672	12.5772	86701003	3.9779864	0	0	0	297.81512	12.436037	5.835332e-11	3.377885e-10	-1790.667	7.7091023e+08	2.4666813e+08	3.9880166	20.222832	3.1815267	29338	162	198	22146	271	255	0	0	0	16.997457	0	9.180612	0	0	0	0	0	0	297.846	-5.22782e-13	297.827	5.84935e-11	3.38768e-10	0	42	155029.51	155029.51
9.18627	12.428259	25	-58.6672	12.577	86701009	4.0267208	0	0	0	297.76215	12.433537	5.772804e-11	3.402043e-10	-1790.667	7.7091023e+08	2.485491e+08	4.0359546	20.25618	3.2184243	29788	147	206	22478	232	228	0	0	0	16.997457	0	9.1824289	0	0	0	0	0	0	297.846	-5.22782e-13	297.781	5.8173e-11	3.39186e-10	0	43	153345.63	153345.63
9.18907	12.424404	25	-58.6672	12.5768	86701016	4.0757856	0	0	0	297.71466	12.428537	5.863043e-11	3.372378e-10	-1790.667	7.7091023e+08	2.4649815e+08	4.0839037	20.305615	3.2546419	30185	178	202	22674	240	240	0	0	0	16.997457	0	9.1860648	0	0	0	0	0	0	297.846	-5.22782e-13	297.73	5.80522e-11	3.3904e-10	0	61	155719.63	155719.63
9.19189	12.420529	25	-58.6672	12.5766	86701022	4.1251796	0	0	0	297.66818	12.426037	5.762146e-11	3.39714e-10	-1790.667	7.7091023e+08	2.4842621e+08	4.1321469	20.27035	3.2945462	30551	152	173	23130	247	236	0	0	0	16.997457	0	9.1878839	0	0	0	0	0	0	297.846	-5.22782e-13	297.68	5.76992e-11	3.39549e-10	0	38	153017.07	153017.07
9.19473	12.416629	25	-58.6672	12.5764	86701029	4.1749032	0	0	0	297.61362	12.421037	5.800871e-11	3.386553e-10	-1790.667	7.7091023e+08	2.4777069e+08	4.1799824	20.432239	3.3259184	31305	183	230	23581	255	264	0	0	0	16.997457	0	9.1915243	0	0	0	0	0	0	297.846	-5.22782e-13	297.629	5.75087e-11	3.39371e-10	0	42	154022.37	154022.37
9.1976	12.412709	25	-58.6672	12.5763	86701035	4.2249568	0	0	0	297.55936	12.418537	5.891465e-11	3.422045e-10	-1790.667	7.7091023e+08	2.5048868e+08	4.2359158	20.030003	3.3874618	32106	198	239	24192	260	256	0	0	0	16.997457	0	9.1933456	0	0	0	0	0	0	297.846	-5.22782e-13	297.579	5.86682e-11	3.4068e-10	0	47	156404.16	156404.16
9.20047	12.408759	25	-58.6672	12.5761	86701045	4.2753396	0	0	0	297.48862	12.413537	5.977796e-11	3.42613e-10	-1790.667	7.7091023e+08	2.5090923e+08	4.2841261	19.88421	3.4322614	32583	181	220	24546	265	260	0	0	0	16.997457	0	9.1969904	0	0	0	0	0	0	297.846	-5.22782e-13	297.528	5.90978e-11	3.40974e-10	0	51	158672.11	158672.11
9.20337	12.404789	25	-58.6672	12.5759	86701052	4.3260524	0	0	0	297.43507	12.408537	5.931966e-11	3.40119e-10	-1790.667	7.7091023e+08	2.4920478e+08	4.3320541	20.511751	3.4434739	32545	183	222	24350	299	286	0	0	0	16.997457	0	9.2006381	0	0	0	0	0	0	297.846	-5.22782e-13	297.45	5.96287e-11	3.41672e-10	0	54	157431.67	157431.67
9.20629	12.400799	25	-58.6672	12.5757	86701058	4.3770948	0	0	0	297.38815	12.406037	6.124523e-11	3.426948e-10	-1790.667	7.7091023e+08	2.5121594e+08	4.3879936	20.415592	3.4921587	33112	179	230	24890	277	274	0	0	0	16.997457	0	9.2024631	0	0	0	0	0	0	297.846	-5.22782e-13	297.4	5.96832e-11	3.41877e-10	0	45	162517.19	162517.19
9.20923	12.396779	25	-58.6672	12.5755	86701065	4.4284668	0	0	0	297.33157	12.401037	6.057732e-11	3.440483e-10	-1790.667	7.7091023e+08	2.5233346e+08	4.4360522	20.244559	3.537993	33456	190	253	25042	309	303	0	0	0	16.997457	0	9.2061153	0	0	0	0	0	0	297.846	-5.22782e-13	297.348	6.04506e-11	3.42171e-10	0	59	160720.16	160720.16
9.21218	12.392739	25	-58.6672	12.5753	86701072	4.4801688	0	0	0	297.27677	12.398537	6.117773e-11	3.428191e-10	-1790.667	7.7091023e+08	2.5155734e+08	4.4922646	20.26562	3.5818794	33694	207	218	25291	278	283	0	0	0	16.997457	0	9.2079425	0	0	0	0	0	0	297.846	-5.22782e-13	297.294	6.13547e-11	3.42913e-10	0	60	162288.15	162288.15
9.21515	12.388679	25	-58.6672	12.5751	86701079	4.5322	0	0	0	297.22493	12.393537	6.194512e-11	3.436043e-10	-1790.667	7.7091023e+08	2.5226015e+08	4.5402186	20.559652	3.6067654	33954	204	285	25388	301	281	0	0	0	16.997457	0	9.2115992	0	0	0	0	0	0	297.846	-5.22782e-13	297.241	6.14229e-11	3.43789e-10	0	39	164298.41	164298.41
9.21815	12.384594	25	-58.6672	12.5749	86701085	4.5845612	0	0	0	297.1727	12.388537	6.159695e-11	3.455582e-10	-1790.667	7.7091023e+08	2.5382338e+08	4.5961965	20.684414	3.6455002	34376	182	269	25719	320	315	0	0	0	16.997457	0	9.2152588	0	0	0	0	0	0	297.846	-5.22782e-13	297.188	6.15847e-11	3.44555e-10	0	47	163349.47	163349.47
9.22116	12.380484	25	-58.6672	12.5747	86701093	4.637252	0	0	0	297.11724	12.386037	6.213696e-11	3.447127e-10	-1790.667	7.7091023e+08	2.5333131e+08	4.6441622	20.790109	3.6786358	34686	186	250	26082	252	262	0	0	0	16.997457	0	9.2170898	0	0	0	0	0	0	297.846	-5.22782e-13	297.132	6.14964e-11	3.45718e-10	0	62	164755.78	164755.78
9.22419	12.376354	25	-58.6672	12.5745	86701100	4.690272	0	0	0	297.06409	12.381037	6.147616e-11	3.453593e-10	-1790.667	7.7091023e+08	2.5393668e+08	4.7001862	20.819696	3.7216218	35494	192	255	26693	300	299	0	0	0	16.997457	0	9.2207539	0	0	0	0	0	0	297.846	-5.22782e-13	297.078	6.10711e-11	3.46139e-10	0	66	162978.09	162978.09
9.22724	12.372199	25	-58.6672	12.5743	86701107	4.743622	0	0	0	297.00966	12.376037	6.031442e-11	3.463256e-10	-1790.667	7.7091023e+08	2.5477871e+08	4.7494	20.744259	3.7641722	36200	150	256	27317	303	310	0	0	0	16.997457	0	9.224421	0	0	0	0	0	0	297.846	-5.22782e-13	297.025	6.01606e-11	3.475e-10	0	48	159873.01	159873.01
9.2303	12.368024	25	-58.6672	12.5741	86701114	4.797302	0	0	0	296.95615	12.373537	6.112799e-11	3.490648e-10	-1790.667	7.7091023e+08	2.5692694e+08	4.8040602	20.836775	3.803049	37110	204	274	27826	288	305	0	0	0	16.997457	0	9.2262556	0	0	0	0	0	0	297.846	-5.22782e-13	296.97	6.0691e-11	3.4861e-10	0	52	162003.92	162003.92
9.23339	12.363824	25	-58.6672	12.5739	86701121	4.8513112	0	0	0	296.90262	12.368537	6.135537e-11	3.49857e-10	-1790.667	7.7091023e+08	2.5764487e+08	4.8601376	20.291929	3.8739219	37685	192	265	28381	298	300	0	0	0	16.997457	0	9.2299272	0	0	0	0	0	0	297.846	-5.22782e-13	296.917	6.12619e-11	3.4916e-10	0	61	162580.64	162580.64
9.2365	12.359599	25	-58.6672	12.5736	86701128	4.9056504	0	0	0	296.83997	12.363537	6.115641e-11	3.488694e-10	-1790.667	7.7091023e+08	2.5705301e+08	4.915904	20.495951	3.9083427	37515	168	247	28196	307	296	0	0	0	16.997457	0	9.2336018	0	0	0	0	0	0	297.846	-5.22782e-13	296.859	6.1825e-11	3.49688e-10	0	57	162027.52	162027.52
9.23962	12.355354	25	-58.6672	12.5734	86701136	4.9603188	0	0	0	296.78848	12.361037	6.280843e-11	3.48944e-10	-1790.667	7.7091023e+08	2.57244e+08	4.9718963	20.980055	3.9287898	38227	197	254	28645	312	290	0	0	0	16.997457	0	9.2354402	0	0	0	0	0	0	297.846	-5.22782e-13	296.802	6.30202e-11	3.5046e-10	0	60	166377.73	166377.73
9.24276	12.351084	25	-58.6672	12.5732	86701143	5.0153172	0	0	0	296.7329	12.356037	6.399148e-11	3.530118e-10	-1790.667	7.7091023e+08	2.6038141e+08	5.0199795	20.798816	3.9758832	38446	203	271	28767	363	354	0	0	0	16.997457	0	9.2391192	0	0	0	0	0	0	297.846	-5.22782e-13	296.748	6.36724e-11	3.51892e-10	0	63	169484.32	169484.32
9.24593	12.346794	25	-58.6672	12.573	86701151	5.0706452	0	0	0	296.67183	12.351037	6.389911e-11	3.511609e-10	-1790.667	7.7091023e+08	2.5915551e+08	5.075833	21.062417	4.0067398	38728	232	273	29025	334	332	0	0	0	16.997457	0	9.2428013	0	0	0	0	0	0	297.846	-5.22782e-13	296.691	6.42761e-11	3.52071e-10	0	59	169212.25	169212.25
9.24911	12.342484	25	-58.6672	12.5728	86701158	5.1263028	0	0	0	296.61691	12.348537	6.457768e-11	3.543796e-10	-1790.667	7.7091023e+08	2.6167205e+08	5.1320749	20.928399	4.0580138	39436	210	275	29678	347	315	0	0	0	16.997457	0	9.2446435	0	0	0	0	0	0	297.846	-5.22782e-13	296.633	6.4723e-11	3.52778e-10	0	58	170981.43	170981.43
9.25231	12.338149	25	-58.6672	12.5726	86701167	5.18229	0	0	0	296.54949	12.343537	6.469492e-11	3.529692e-10	-1790.667	7.7091023e+08	2.6077223e+08	5.1882672	20.454422	4.1270371	39965	218	285	29893	339	347	0	0	0	16.997457	0	9.2483301	0	0	0	0	0	0	297.846	-5.22782e-13	296.572	6.45162e-11	3.52419e-10	0	59	171263.93	171263.93
9.25553	12.333789	25	-58.6672	12.5724	86701174	5.2386072	0	0	0	296.48681	12.338537	6.523848e-11	3.554099e-10	-1790.667	7.7091023e+08	2.6271901e+08	5.244287	20.594815	4.1642358	40638	226	287	30445	317	328	0	0	0	16.997457	0	9.2520197	0	0	0	0	0	0	297.846	-5.22782e-13	296.509	6.49307e-11	3.53626e-10	0	59	172674.6	172674.6
9.25876	12.329409	25	-58.6672	12.5722	86701182	5.2952536	0	0	0	296.78575	12.333537	6.508571e-11	3.577867e-10	-1790.667	7.7091023e+08	2.6462108e+08	5.2997949	20.878973	4.1932522	41129	240	290	30910	336	342	0	0	0	16.997457	0	9.2557123	0	0	0	0	0	0	297.846	-5.22782e-13	296.589	6.52533e-11	3.55107e-10	0	44	172242.01	172242.01
9.26202	12.325004	25	-58.6672	12.572	86701190	5.35223	0	0	0	296.72712	12.331037	6.496848e-11	3.554916e-10	-1790.667	7.7091023e+08	2.6306929e+08	5.3640016	21.161479	4.2288995	41908	226	274	31252	342	375	0	0	0	16.997457	0	9.2575597	0	0	0	0	0	0	297.846	-5.22782e-13	296.747	6.5938e-11	3.56706e-10	0	63	171903.4	171903.4
9.26529	12.320579	25	-58.6672	12.5717	86701198	5.409536	0	0	0	296.66528	12.326037	6.589929e-11	3.562803e-10	-1790.667	7.7091023e+08	2.6379952e+08	5.4198739	20.652696	4.3005238	42052	250	311	31407	355	355	0	0	0	16.997457	0	9.2612568	0	0	0	0	0	0	297.846	-5.22782e-13	296.685	6.5929e-11	3.57062e-10	0	64	174337.47	174337.47
9.26859	12.316134	25	-58.6672	12.5715	86701206	5.4671716	0	0	0	296.60427	12.321037	6.58531e-11	3.577227e-10	-1790.667	7.7091023e+08	2.6501617e+08	5.4759763	20.914656	4.3306947	42717	241	300	31924	353	364	0	0	0	16.997457	0	9.264957	0	0	0	0	0	0	297.846	-5.22782e-13	296.623	6.66037e-11	3.58012e-10	0	58	174186.28	174186.28
9.2719	12.311664	25	-58.6672	12.5713	86701214	5.5251368	0	0	0	296.5424	12.316037	6.739143e-11	3.574741e-10	-1790.667	7.7091023e+08	2.6498113e+08	5.5319696	21.238185	4.3570797	42980	235	300	32239	376	350	0	0	0	16.997457	0	9.2686602	0	0	0	0	0	0	297.846	-5.22782e-13	296.562	6.71863e-11	3.58044e-10	0	52	178225.58	178225.58
9.27523	12.307174	25	-58.6672	12.5711	86701222	5.5834316	0	0	0	296.48178	12.311037	6.697221e-11	3.546496e-10	-1790.667	7.7091023e+08	2.6303643e+08	0.07155904	36.492901	0.04544507	443	3	4	331	1	2	0	0	0	16.997457	0	9.2723664	0	0	0	0	0	0	297.846	-5.22782e-13	296.501	6.72328e-11	3.55294e-10	0	66	177087.28	177087.28
9.27858	12.302659	25	-58.6672	12.5709	86701230	5.6420564	0	0	0	296.41979	12.308537	6.784262e-11	3.595595e-10	-1790.667	7.7091023e+08	2.668301e+08	5.6545136	21.320387	4.4489494	43922	238	308	32753	411	395	0	0	0	16.997457	0	9.2742207	0	0	0	0	0	0	297.846	-5.22782e-13	296.439	6.996e-11	3.60037e-10	0	69	179358.69	179358.69
9.28195	12.298124	25	-58.6672	12.5706	86701238	5.7010104	0	0	0	296.71324	12.303537	7.131362e-11	3.616023e-10	-1790.667	7.7091023e+08	2.6850008e+08	5.7077469	20.900515	4.5147984	44908	255	341	33667	378	389	0	0	0	16.997457	0	9.2779314	0	0	0	0	0	0	297.846	-5.22782e-13	296.731	7.08168e-11	3.62453e-10	0	57	188503.36	188503.36
9.28534	12.293569	25	-58.6672	12.5704	86701246	5.7602944	0	0	0	296.64926	12.298537	7.071321e-11	3.641389e-10	-1790.667	7.7091023e+08	2.7053974e+08	5.7719674	21.099335	4.5541206	45025	229	310	33659	375	360	0	0	0	16.997457	0	9.2816453	0	0	0	0	0	0	297.846	-5.22782e-13	296.669	7.15316e-11	3.6369e-10	0	73	186884.67	186884.67
9.28875	12.288989	25	-58.6672	12.5702	86701254	5.819908	0	0	0	296.58694	12.293537	7.321432e-11	3.660325e-10	-1790.667	7.7091023e+08	2.7210465e+08	5.8279686	20.839761	4.6134339	45511	232	343	34063	369	377	0	0	0	16.997457	0	9.2853621	0	0	0	0	0	0	297.846	-5.22782e-13	296.606	7.21393e-11	3.64592e-10	0	59	193461.88	193461.88
9.29217	12.284384	25	-58.6672	12.57	86701262	5.8798512	0	0	0	296.5161	12.288537	7.265655e-11	3.654215e-10	-1790.667	7.7091023e+08	2.7180882e+08	5.8921498	21.008172	4.6543168	46466	286	381	34836	356	371	0	0	0	16.997457	0	9.2890821	0	0	0	0	0	0	297.846	-5.22782e-13	296.544	7.27918e-11	3.66443e-10	0	69	191955.39	191955.39
9.29562	12.279764	25	-58.6672	12.5698	86701271	5.940124	0	0	0	296.77598	12.286037	7.314327e-11	3.689031e-10	-1790.667	7.7091023e+08	2.7455996e+08	5.948008	21.22558	4.6855088	46809	238	348	34954	408	401	0	0	0	16.997457	0	9.2909432	0	0	0	0	0	0	297.846	-5.22782e-13	296.529	7.30788e-11	3.67693e-10	0	72	193208.22	193208.22
9.29908	12.275119	25	-58.6672	12.5695	86701279	6.0007268	0	0	0	296.70643	12.281037	7.42908e-11	3.700542e-10	-1790.667	7.7091023e+08	2.7557926e+08	6.0119731	21.099804	4.7434586	47519	280	345	35405	429	418	0	0	0	16.997457	0	9.2946676	0	0	0	0	0	0	297.846	-5.22782e-13	296.733	7.37472e-11	3.6858e-10	0	61	196205.83	196205.83
9.30256	12.270449	25	-58.6672	12.5693	86701288	6.0616588	0	0	0	296.64281	12.276037	7.446133e-11	3.706901e-10	-1790.667	7.7091023e+08	2.7621676e+08	6.0679667	21.176865	4.7829616	48196	267	348	36045	432	415	0	0	0	16.997457	0	9.2983952	0	0	0	0	0	0	297.846	-5.22782e-13	296.662	7.45901e-11	3.68622e-10	0	72	196622.42	196622.42
9.30606	12.265764	25	-58.6672	12.5691	86701297	6.1229208	0	0	0	296.57369	12.271135	7.544187e-11	3.682459e-10	-1790.667	7.7091023e+08	2.7455944e+08	6.1320611	20.930009	4.8486202	48425	272	333	36235	424	404	0	0	0	16.997457	0	9.3020529	0	0	0	0	0	0	297.846	-5.22782e-13	296.597	7.44415e-11	3.68729e-10	0	73	199177.28	199177.28
9.30958	12.261054	25	-58.6672	12.5688	86701305	6.1845124	0	0	0	296.51171	12.266135	7.743139e-11	3.738236e-10	-1790.667	7.7091023e+08	2.7888566e+08	6.1960355	21.237079	4.8801786	49351	280	324	36969	411	403	0	0	0	16.997457	0	9.3057865	0	0	0	0	0	0	297.846	-5.22782e-13	296.53	7.62045e-11	3.72149e-10	0	63	204394.53	204394.53
9.31312	12.256324	25	-58.6672	12.5686	86701314	6.2464336	0	0	0	298.31222	12.261135	7.734258e-11	3.776783e-10	-1790.667	7.7091023e+08	2.819318e+08	6.2520826	21.263095	4.9226963	50320	283	381	37631	415	409	0	0	0	16.997457	0	9.3095232	0	0	0	0	0	0	297.846	-5.22782e-13	297.534	7.7441e-11	3.75321e-10	0	61	204124.65	204124.65
9.31668	12.251569	25	-58.6672	12.5684	86701323	6.3086844	0	0	0	298.24209	12.256135	7.888445e-11	3.761578e-10	-1790.667	7.7091023e+08	2.8096761e+08	6.3161251	21.708758	4.9449728	50844	288	342	37840	438	396	0	0	0	16.997457	0	9.313263	0	0	0	0	0	0	297.846	-5.22782e-13	298.265	7.91266e-11	3.77766e-10	0	60	208157.73	208157.73
9.32026	12.246794	25	-58.6672	12.5682	86701331	6.3712648	0	0	0	298.17068	12.251135	7.971579e-11	3.807266e-10	-1790.667	7.7091023e+08	2.8455428e+08	6.3802246	21.687407	4.9965194	51357	282	379	38286	404	387	0	0	0	16.997457	0	9.3170058	0	0	0	0	0	0	297.846	-5.22782e-13	298.198	7.99481e-11	3.79757e-10	0	73	210314.67	210314.67
9.32385	12.241999	25	-58.6672	12.5679	86701340	6.4341748	0	0	0	298.09972	12.246135	8.132872e-11	3.800551e-10	-1790.667	7.7091023e+08	2.842268e+08	6.444001	21.73767	5.0432253	52046	274	373	38913	413	400	0	0	0	16.997457	0	9.3207518	0	0	0	0	0	0	297.846	-5.22782e-13	298.127	8.11596e-11	3.78891e-10	0	57	214532.55	214532.55
9.32747	12.237184	25	-58.6672	12.5677	86701349	6.4974148	0	0	0	298.02892	12.243635	8.078516e-11	3.798952e-10	-1790.667	7.7091023e+08	2.8428317e+08	6.509425	21.418597	5.1151974	52810	295	392	39301	468	450	0	0	0	16.997457	0	9.3226259	0	0	0	0	0	0	297.846	-5.22782e-13	298.056	8.16326e-11	3.79711e-10	0	58	213061.23	213061.23
9.3311	12.232344	25	-58.6672	12.5675	86701358	6.5609844	0	0	0	297.95875	12.238635	8.206413e-11	3.806804e-10	-1790.667	7.7091023e+08	2.8504773e+08	6.5718208	21.54858	5.1556867	53834	306	401	39944	457	455	0	0	0	16.997457	0	9.3263764	0	0	0	0	0	0	297.846	-5.22782e-13	297.987	8.24529e-11	3.80789e-10	0	79	216396.27	216396.27
9.33475	12.227484	25	-58.6672	12.5672	86701368	6.6248836	0	0	0	297.89059	12.233635	8.308376e-11	3.792628e-10	-1790.667	7.7091023e+08	2.8416371e+08	6.6362413	21.647116	5.1996864	54012	303	382	40266	498	530	0	0	0	16.997457	0	9.3301301	0	0	0	0	0	0	297.846	-5.22782e-13	297.918	8.28957e-11	3.81076e-10	0	64	219046.27	219046.27
9.33842	12.222604	25	-58.6672	12.567	86701377	6.6891124	0	0	0	297.81937	12.228635	8.494894e-11	3.857963e-10	-1790.667	7.7091023e+08	2.8924064e+08	6.7001645	22.389731	5.2000157	55113	301	406	40959	512	501	0	0	0	16.997457	0	9.3338868	0	0	0	0	0	0	297.846	-5.22782e-13	297.844	8.51963e-11	3.88572e-10	0	78	223924.05	223924.05
9.34211	12.217704	25	-58.6672	12.5667	86701386	6.7536708	0	0	0	297.74899	12.223635	8.519763e-11	3.844214e-10	-1790.667	7.7091023e+08	2.8839205e+08	6.7642205	22.173276	5.2643712	55530	325	419	41506	429	434	0	0	0	16.997457	0	9.3376466	0	0	0	0	0	0	297.846	-5.22782e-13	297.772	8.57002e-11	3.8646e-10	0	93	224539.7	224539.7
9.34582	12.212779	25	-58.6672	12.5665	86701395	6.8185588	0	0	0	297.67865	12.218635	8.722623e-11	3.872884e-10	-1790.667	7.7091023e+08	2.9072761e+08	6.8279066	21.785446	5.3404166	56534	301	382	42217	457	455	0	0	0	16.997457	0	9.3414096	0	0	0	0	0	0	297.846	-5.22782e-13	297.702	8.68874e-11	3.87359e-10	0	82	229845.14	229845.14
9.34955	12.207834	25	-58.6672	12.5663	86701410	6.8837768	0	0	0	297.56202	12.213635	8.916246e-11	3.877538e-10	-1790.667	7.7091023e+08	2.9126312e+08	6.8921555	21.649615	5.4000304	57381	295	380	42771	512	519	0	0	0	16.997457	0	9.3451756	0	0	0	0	0	0	297.846	-5.22782e-13	297.632	8.8204e-11	3.89431e-10	0	79	234905.21	234905.21
9.35329	12.202874	25	-58.6672	12.566	86701419	6.949324	0	0	0	297.49477	12.208635	8.898482e-11	3.93463e-10	-1790.667	7.7091023e+08	2.9574119e+08	6.9558022	22.331114	5.4024941	57709	329	400	42951	474	463	0	0	0	16.997457	0	9.3489447	0	0	0	0	0	0	297.846	-5.22782e-13	297.517	8.95388e-11	3.8998e-10	0	70	234395.29	234395.29
9.35706	12.197884	25	-58.6672	12.5658	86701429	7.0152012	0	0	0	297.4166	12.203635	9.05267e-11	3.923866e-10	-1790.667	7.7091023e+08	2.951229e+08	7.0201376	22.50406	5.4403216	58716	306	394	43622	497	522	1	0	0	16.997457	0	9.352717	0	0	0	0	0	0	297.846	-5.22782e-13	297.446	9.10118e-11	3.92217e-10	0	64	238413.9	238413.9
9.36084	12.192879	25	-58.6672	12.5655	86701438	7.081408	0	0	0	297.34542	12.198635	9.165646e-11	3.938538e-10	-1790.667	7.7091023e+08	2.9641859e+08	7.0918192	22.274395	5.5121594	59273	321	390	44231	498	499	0	0	0	16.997457	0	9.3564924	0	0	0	0	0	0	297.846	-5.22782e-13	297.369	9.18637e-11	3.92231e-10	0	69	241345.87	241345.87
9.36464	12.187854	25	-58.6672	12.5653	86701448	7.1479444	0	0	0	297.26906	12.193635	9.217871e-11	3.931326e-10	-1790.667	7.7091023e+08	2.9606885e+08	7.1559334	22.122871	5.5728355	60215	311	418	44862	524	519	0	0	0	16.997457	0	9.3602709	0	0	0	0	0	0	297.846	-5.22782e-13	297.296	9.29326e-11	3.93617e-10	0	83	242677.28	242677.28
9.36846	12.182804	25	-58.6672	12.5651	86701457	7.2148104	0	0	0	297.19307	12.188635	9.333689e-11	3.974883e-10	-1790.667	7.7091023e+08	2.9954554e+08	7.2200054	22.374618	5.6045568	61205	303	435	45652	553	517	0	0	0	16.997457	0	9.3640525	0	0	0	0	0	0	297.846	-5.22782e-13	297.221	9.35638e-11	3.95712e-10	0	80	245681.97	245681.97
9.3723	12.177739	25	-58.6672	12.5648	86701470	7.2820064	0	0	0	297.08935	12.183635	9.367795e-11	3.949445e-10	-1790.667	7.7091023e+08	2.9782491e+08	7.2920205	21.956766	5.6909286	61966	356	487	46037	553	514	0	0	0	16.997457	0	9.3678372	0	0	0	0	0	0	297.846	-5.22782e-13	297.145	9.40254e-11	3.96144e-10	0	78	246535.02	246535.02
9.37616	12.172649	25	-58.6672	12.5646	86701480	7.3495316	0	0	0	297.01977	12.178635	9.464074e-11	3.962164e-10	-1790.667	7.7091023e+08	2.9898227e+08	7.3560243	22.558329	5.6966282	62185	362	448	46420	553	535	0	0	0	16.997457	0	9.3716251	0	0	0	0	0	0	297.846	-5.22782e-13	297.043	9.40306e-11	3.9652e-10	0	105	249023.55	249023.55
9.38004	12.167539	25	-58.6672	12.5643	86701490	7.4173868	0	0	0	296.9414	12.173635	9.488232e-11	3.98277e-10	-1790.667	7.7091023e+08	3.0073769e+08	7.4278147	22.692288	5.7422736	63288	327	424	47184	515	519	0	0	0	16.997457	0	9.3754161	0	0	0	0	0	0	297.846	-5.22782e-13	296.966	9.46592e-11	3.96696e-10	0	78	249613.71	249613.71
9.38394	12.162409	25	-58.6672	12.5641	86701500	7.4855716	0	0	0	296.86512	12.168635	9.597301e-11	3.982059e-10	-1790.667	7.7091023e+08	3.008857e+08	7.4920106	22.555868	5.8021226	63821	360	415	47600	527	517	0	0	0	16.997457	0	9.3792103	0	0	0	0	0	0	297.846	-5.22782e-13	296.889	9.55398e-11	3.97993e-10	0	92	252436.94	252436.94
9.38785	12.157259	25	-58.6672	12.5638	86701510	7.554086	0	0	0	296.78843	12.163635	9.661605e-11	3.995915e-10	-1790.667	7.7091023e+08	3.021358e+08	7.5641152	22.522606	5.8604794	65058	333	444	48576	532	569	0	0	0	16.997457	0	9.3830076	0	0	0	0	0	0	297.846	-5.22782e-13	296.812	9.66736e-11	3.98408e-10	0	77	254081.9	254081.9
9.39179	12.152089	25	-58.6672	12.5636	86701520	7.62293	0	0	0	296.7044	12.156135	9.796253e-11	3.981562e-10	-1790.667	7.7091023e+08	3.0125472e+08	7.6280134	22.966101	5.8761562	65126	393	467	48576	594	594	0	0	0	16.997457	0	9.3887094	0	0	0	0	0	0	297.846	-5.22782e-13	296.734	9.79101e-11	3.99726e-10	0	89	257575.58	257575.58
9.39574	12.146894	25	-58.6672	12.5633	86701531	7.6921036	0	0	0	296.62414	12.151135	9.965007e-11	4.01954e-10	-1790.667	7.7091023e+08	3.0433509e+08	7.7002182	22.763324	5.9473926	66669	335	462	49529	594	604	0	0	0	16.997457	0	9.3925146	0	0	0	0	0	0	297.846	-5.22782e-13	296.653	9.92159e-11	4.00444e-10	0	86	261964.57	261964.57
9.39971	12.141684	25	-58.6672	12.5631	86701541	7.7616068	0	0	0	296.54058	12.146135	1.009681e-10	4.021956e-10	-1790.667	7.7091023e+08	3.0472626e+08	7.7721699	22.773966	6.0021386	66775	381	452	49887	572	564	0	0	0	16.997457	0	9.3963229	0	0	0	0	0	0	297.846	-5.22782e-13	296.577	1.0056e-10	4.01775e-10	0	93	265380.62	265380.62
9.40371	12.136454	25	-58.6672	12.5628	86701552	7.83144	0	0	0	296.79628	12.141135	1.026166e-10	4.013039e-10	-1790.667	7.7091023e+08	3.0426023e+08	7.8361802	22.999087	6.0339302	67761	359	486	50629	551	556	0	0	0	16.997457	0	9.4001344	0	0	0	0	0	0	297.846	-5.22782e-13	296.574	1.01593e-10	4.01975e-10	0	80	269663.6	269663.6
9.40771	12.131204	25	-58.6672	12.5626	86701562	7.9016028	0	0	0	296.7136	12.136135	1.044604e-10	4.053824e-10	-1790.667	7.7091023e+08	3.0756439e+08	7.9077907	23.127884	6.0788861	68570	365	474	51162	595	620	0	0	0	16.997457	0	9.4039491	0	0	0	0	0	0	297.846	-5.22782e-13	296.747	1.03621e-10	4.03663e-10	0	91	274458.25	274458.25
9.41174	12.125929	25	-58.6672	12.5623	86701573	7.9720952	0	0	0	296.63517	12.131135	1.048122e-10	4.048815e-10	-1790.667	7.7091023e+08	3.0739783e+08	7.9798378	22.880329	6.1540246	69137	396	516	51419	635	607	0	0	0	16.997457	0	9.4077669	0	0	0	0	0	0	297.846	-5.22782e-13	296.663	1.04821e-10	4.043e-10	0	90	275331.54	275331.54
9.41579	12.120639	25	-58.6672	12.5621	86701583	8.0429172	0	0	0	296.55073	12.126135	1.071676e-10	4.067786e-10	-1790.667	7.7091023e+08	3.0905393e+08	8.0521658	23.07389	6.1942179	69949	340	549	52187	605	607	1	0	0	16.997457	0	9.4115879	0	0	0	0	0	0	297.846	-5.22782e-13	296.586	1.06276e-10	4.05983e-10	0	72	281466.67	281466.67
9.41986	12.115329	25	-58.6672	12.5618	86701594	8.1140688	0	0	0	296.47376	12.121135	1.076366e-10	4.062564e-10	-1790.667	7.7091023e+08	3.0887397e+08	8.1190227	23.295261	6.2276752	70680	376	551	52650	609	611	0	0	0	16.997457	0	9.4154121	0	0	0	0	0	0	297.846	-5.22782e-13	296.501	1.07341e-10	4.06053e-10	0	101	282645.84	282645.84
9.42394	12.109994	25	-58.6672	12.5616	86701605	8.18555	0	0	0	298.22392	12.116135	1.083649e-10	4.080505e-10	-1790.667	7.7091023e+08	3.1045653e+08	8.1958963	23.088128	6.3036173	71781	403	526	53570	584	553	1	0	0	16.997457	0	9.4192395	0	0	0	0	0	0	297.846	-5.22782e-13	297.564	1.0901e-10	4.08341e-10	0	76	284505.36	284505.36
9.42805	12.104644	25	-58.6672	12.5613	86701616	8.2573612	0	0	0	298.13817	12.108635	1.104183e-10	4.07713e-10	-1790.667	7.7091023e+08	3.1041992e+08	8.2678874	23.257304	6.3449997	72595	413	514	53983	592	600	2	0	0	16.997457	0	9.4249865	0	0	0	0	0	0	297.846	-5.22782e-13	298.169	1.1076e-10	4.09605e-10	0	81	289842.26	289842.26
9.43217	12.099274	25	-58.6672	12.561	86701627	8.3295016	0	0	0	298.05341	12.103635	1.118217e-10	4.075389e-10	-1790.667	7.7091023e+08	3.1050822e+08	8.3400474	23.121361	6.4117149	73295	382	513	54755	666	631	0	0	0	16.997457	0	9.4288218	0	0	0	0	0	0	297.846	-5.22782e-13	298.085	1.12115e-10	4.09095e-10	0	92	293471.27	293471.27
9.43631	12.093884	25	-58.6672	12.5608	86701638	8.401972	0	0	0	297.96821	12.098635	1.141913e-10	4.111484e-10	-1790.667	7.7091023e+08	3.1348246e+08	8.4119779	22.999935	6.4772285	73765	382	504	54819	628	650	1	0	0	16.997457	0	9.4326603	0	0	0	0	0	0	297.846	-5.22782e-13	297.999	1.14283e-10	4.09506e-10	0	97	299634.08	299634.08
9.44047	12.088474	25	-58.6672	12.5605	86701653	8.474772	0	0	0	297.85193	12.093635	1.1525e-10	4.057092e-10	-1790.667	7.7091023e+08	3.0955779e+08	8.4841446	22.809082	6.5489891	74383	442	524	55335	635	664	0	0	0	16.997457	0	9.436502	0	0	0	0	0	0	297.846	-5.22782e-13	297.912	1.14866e-10	4.07374e-10	0	89	302355.36	302355.36
9.44465	12.083044	25	-58.6672	12.5603	86701664	8.5479016	0	0	0	297.76684	12.088635	1.167884e-10	4.071872e-10	-1790.667	7.7091023e+08	3.1091011e+08	8.5560115	23.251686	6.5665946	75418	391	559	56283	651	645	2	0	0	16.997457	0	9.440347	0	0	0	0	0	0	297.846	-5.22782e-13	297.797	1.17188e-10	4.09021e-10	0	98	306333.73	306333.73
9.44885	12.077594	25	-58.6672	12.56	86701675	8.6213608	0	0	0	297.67978	12.083635	1.169482e-10	4.059402e-10	-1790.667	7.7091023e+08	3.1018319e+08	8.6278077	23.254901	6.6214195	75708	440	581	56323	630	636	0	0	0	16.997457	0	9.4441951	0	0	0	0	0	0	297.846	-5.22782e-13	297.713	1.17151e-10	4.06366e-10	0	83	306695.13	306695.13
9.45307	12.072124	25	-58.6672	12.5598	86701686	8.69515	0	0	0	297.59483	12.076135	1.201315e-10	4.093188e-10	-1790.667	7.7091023e+08	3.1299325e+08	8.6999155	23.327781	6.6704182	77068	430	515	57424	671	687	1	0	0	16.997457	0	9.4499733	0	0	0	0	0	0	297.846	-5.22782e-13	297.626	1.20228e-10	4.08896e-10	0	95	314983.87	314983.87
9.4573	12.066634	25	-58.6672	12.5595	86701697	8.7692684	0	0	0	297.50278	12.071135	1.215632e-10	4.097629e-10	-1790.667	7.7091023e+08	3.1356231e+08	8.7797942	23.421225	6.7234589	77968	397	548	58060	655	679	0	0	0	16.997457	0	9.4538295	0	0	0	0	0	0	297.846	-5.22782e-13	297.541	1.21787e-10	4.09325e-10	0	115	318677.7	318677.7
9.46156	12.061129	25	-58.6672	12.5592	86701713	8.8437168	0	0	0	297.37634	12.066135	1.226113e-10	4.06299e-10	-1790.667	7.7091023e+08	3.1114104e+08	8.8520854	22.85647	6.8288112	78521	409	591	58573	681	642	0	0	0	16.997457	0	9.4576889	0	0	0	0	0	0	297.846	-5.22782e-13	297.448	1.22799e-10	4.07811e-10	0	91	321364.45	321364.45
9.46583	12.055599	25	-58.6672	12.559	86701725	8.9184948	0	0	0	297.29313	12.061135	1.227072e-10	4.068852e-10	-1790.667	7.7091023e+08	3.1182048e+08	8.9242666	23.394543	6.8364752	79304	467	545	59059	707	702	0	0	0	16.997457	0	9.4615515	0	0	0	0	0	0	297.846	-5.22782e-13	297.324	1.24049e-10	4.0781e-10	0	98	321554.97	321554.97
9.47012	12.050054	25	-58.6672	12.5587	86701736	8.9936024	0	0	0	297.20623	12.056135	1.257625e-10	4.092264e-10	-1790.667	7.7091023e+08	3.1384788e+08	9.0041264	23.569887	6.881864	80539	444	616	60061	648	631	1	0	0	16.997457	0	9.4654173	0	0	0	0	0	0	297.846	-5.22782e-13	297.238	1.25027e-10	4.08531e-10	0	100	329498.97	329498.97
9.47443	12.044489	25	-58.6672	12.5584	86701748	9.0690396	0	0	0	297.11497	12.048635	1.254321e-10	4.066649e-10	-1790.667	7.7091023e+08	3.1211647e+08	9.0759958	23.435452	6.9489952	81141	437	568	60669	693	701	0	0	0	16.997457	0	9.4712221	0	0	0	0	0	0	297.846	-5.22782e-13	297.146	1.26294e-10	4.07968e-10	0	100	328570.95	328570.95
9.47876	12.038904	25	-58.6672	12.5582	86701760	9.1448064	0	0	0	297.02217	12.043635	1.260467e-10	4.066294e-10	-1790.667	7.7091023e+08	3.1232363e+08	9.1561232	23.676253	6.9882963	81903	427	570	61407	697	677	0	0	0	16.997457	0	9.4750961	0	0	0	0	0	0	297.846	-5.22782e-13	297.058	1.27531e-10	4.09584e-10	0	96	330118.15	330118.15
9.48311	12.033299	25	-58.6672	12.5579	86701774	9.2209032	0	0	0	296.91433	12.038635	1.279261e-10	4.103882e-10	-1790.667	7.7091023e+08	3.1544861e+08	9.2282224	23.321439	7.0760682	83510	448	642	62170	723	720	0	0	0	16.997457	0	9.4789732	0	0	0	0	0	0	297.846	-5.22782e-13	296.968	1.29002e-10	4.09326e-10	0	99	334976.55	334976.55
9.48748	12.027679	25	-58.6672	12.5576	86701786	9.2973292	0	0	0	296.82059	12.033635	1.295497e-10	4.063345e-10	-1790.667	7.7091023e+08	3.1256962e+08	9.3081501	23.52158	7.1187261	83723	448	617	62535	758	757	1	0	0	16.997457	0	9.4828536	0	0	0	0	0	0	297.846	-5.22782e-13	296.856	1.30175e-10	4.09068e-10	0	108	339163.3	339163.3
9.49187	12.022034	25	-58.6672	12.5574	86701798	9.3740852	0	0	0	296.72991	12.026135	1.327329e-10	4.086829e-10	-1790.667	7.7091023e+08	3.1461577e+08	9.379808	23.561758	7.1697603	84382	447	586	62894	709	735	0	0	0	16.997457	0	9.4886804	0	0	0	0	0	0	297.846	-5.22782e-13	296.764	1.32489e-10	4.09946e-10	0	110	347430.64	347430.64
9.49627	12.016374	25	-58.6672	12.5571	86701810	9.4511708	0	0	0	296.63722	12.021135	1.334293e-10	4.077521e-10	-1790.667	7.7091023e+08	3.1413914e+08	9.460151	23.735821	7.2147066	85337	479	661	63712	690	681	0	0	0	16.997457	0	9.4925689	0	0	0	0	0	0	297.846	-5.22782e-13	296.671	1.34029e-10	4.0926e-10	0	131	349186.86	349186.86
9.5007	12.010699	25	-58.6672	12.5568	86701822	9.528586	0	0	0	296.54418	12.016135	1.360512e-10	4.084519e-10	-1790.667	7.7091023e+08	3.1492052e+08	9.5397811	23.746628	7.2744048	86114	465	613	64447	727	737	0	0	0	16.997457	0	9.4964607	0	0	0	0	0	0	297.846	-5.22782e-13	296.58	1.3578e-10	4.08951e-10	0	102	355980.26	355980.26
9.50514	12.004999	25	-58.6672	12.5566	86701835	9.6063308	0	0	0	296.44661	12.011135	1.372911e-10	4.103775e-10	-1790.667	7.7091023e+08	3.166494e+08	9.6118035	23.621983	7.341305	86786	545	599	64752	752	758	0	0	0	16.997457	0	9.5003558	0	0	0	0	0	0	297.846	-5.22782e-13	296.489	1.3807e-10	4.1029e-10	0	116	359155.78	359155.78
9.5096	11.999284	25	-58.6672	12.5563	86701847	9.6844056	0	0	0	298.08571	12.003635	1.395151e-10	4.138876e-10	-1790.667	7.7091023e+08	3.1960551e+08	9.6921206	23.804868	7.3849242	88632	483	652	66463	761	762	1	0	0	16.997457	0	9.5062045	0	0	0	0	0	0	297.846	-5.22782e-13	297.602	1.3956e-10	4.11847e-10	0	126	364903.91	364903.91
9.51408	11.993549	25	-58.6672	12.556	86701859	9.7628096	0	0	0	297.98855	11.998635	1.404636e-10	4.114398e-10	-1790.667	7.7091023e+08	3.1796293e+08	9.7717888	24.09971	7.416816	89459	501	671	66802	775	758	0	0	0	16.997457	0	9.5101078	0	0	0	0	0	0	297.846	-5.22782e-13	298.026	1.4079e-10	4.11188e-10	0	89	367314.29	367314.29
9.51858	11.987794	25	-58.6672	12.5557	86701872	9.8415436	0	0	0	297.89442	11.993635	1.431744e-10	4.090595e-10	-1790.667	7.7091023e+08	3.16371e+08	9.8522547	24.034698	7.484295	90017	482	648	67514	745	735	1	0	0	16.997457	0	9.5140143	0	0	0	0	0	0	297.846	-5.22782e-13	297.929	1.42664e-10	4.11914e-10	0	122	374331.21	374331.21
9.5231	11.982019	25	-58.6672	12.5555	86701884	9.9206072	0	0	0	297.79535	11.986135	1.452634e-10	4.13479e-10	-1790.667	7.7091023e+08	3.2004074e+08	9.9320554	24.158496	7.5326202	90748	503	695	67727	832	801	0	0	0	16.997457	0	9.5198803	0	0	0	0	0	0	297.846	-5.22782e-13	297.837	1.44261e-10	4.12065e-10	0	105	379719.94	379719.94
9.52764	11.976229	25	-58.6672	12.5552	86701897	10	0	0	0	297.70223	11.981135	1.454339e-10	4.105942e-10	-1790.667	7.7091023e+08	3.1805913e+08	10.005491	24.177707	7.5863923	91569	460	649	68365	820	813	0	0	0	16.997457	0	9.523795	0	0	0	0	0	0	297.846	-5.22782e-13	297.737	1.45894e-10	4.11956e-10	0	122	380092.5	380092.5
