# Scan number: 27
# Command: ascan monoE 5.703 5.803 200 2
# Date: Thu Jul 25 21:07:58 2024
# date: Thu Jul 25 21:07:58 2024
# C Thu Jul 25 21: 19:53 2024.  Scan aborted after 190 points.
monoE	monobr	cr2latr	cr2vetr	H	K	L	Epoch	sec	no1	no2	izero	RCur	enc_det	K1_1	K1_2	"Counter 8"	"Counter 9"	ionch1	mcaRt	mcaDt	mcaLt	mca	roi1	roi2	roi3	roi4	roi5	roi6	ctm	ctran	LST1	LST2	E_det	mcaLt1	mcaLt2	mcaLt3	mcaLt4	mcaLt5	mcaLt6	mcaLt7	mcaLt8	AS_RC	AS_DM	AS_IC	AS_IC1	cyber	diode1	diode1
5.703	20.283579	-36.0577	13.1894	0	0	0	86504362	2	0	0	0	297.80039	20.287365	2.144596e-10	7.30509e-11	-1790.667	7.7091023e+08	37254047	2.0120982	2.5522094	1.9607453	155	2	85	51	2	2	0	0	0	16.997457	0	5.7019804	0	0	0	0	0	0	297.846	-5.22782e-13	297.804	2.21641e-10	7.41149e-11	0	30	808850.88	808850.88
5.7035	20.281719	-36.0608	13.1892	0	0	0	86504366	2	0	0	0	297.77034	20.284865	2.241158e-10	7.466383e-11	-1790.667	7.7091023e+08	38076730	2.0119574	6.3839601	1.8835149	162	1	88	51	2	4	0	0	0	16.997457	0	5.7026535	0	0	0	0	0	0	297.846	-5.22782e-13	297.781	2.18634e-10	7.35421e-11	0	34	845211.25	845211.25
5.704	20.279864	-36.064	13.189	0	0	0	86504369	2	0	0	0	297.74638	20.282365	2.190959e-10	7.269207e-11	-1790.667	7.7091023e+08	37071309	2.0121539	3.5099979	1.9415274	140	1	74	38	1	2	0	0	0	16.997457	0	5.7033268	0	0	0	0	0	0	297.846	-5.22782e-13	297.751	2.20672e-10	7.25841e-11	0	36	826222.21	826222.21
5.7045	20.278009	-36.0672	13.1889	0	0	0	86504373	2	0	0	0	297.71529	20.279865	2.196749e-10	7.224799e-11	-1790.667	7.7091023e+08	36844967	2.011985	4.1093269	1.9293059	164	5	86	49	1	2	0	0	0	16.997457	0	5.7040003	0	0	0	0	0	0	297.846	-5.22782e-13	297.719	2.22053e-10	7.22622e-11	0	31	828348.09	828348.09
5.705	20.276154	-36.0703	13.1887	0	0	0	86504377	2	0	0	0	297.68419	20.279865	2.258673e-10	7.151968e-11	-1790.667	7.7091023e+08	36473672	2.0118768	2.6942882	1.957671	147	4	81	47	0	1	0	0	0	16.997457	0	5.7040003	0	0	0	0	0	0	297.846	-5.22782e-13	297.692	2.24091e-10	7.11374e-11	0	35	851639.16	851639.16
5.7055	20.274299	-36.0735	13.1885	0	0	0	86504381	2	0	0	0	297.65231	20.277365	2.30326e-10	7.091927e-11	-1790.667	7.7091023e+08	36167602	2.0119699	4.9188966	1.9130032	137	5	63	43	2	2	0	0	0	16.997457	0	5.7046739	0	0	0	0	0	0	297.846	-5.22782e-13	297.665	2.23632e-10	7.00915e-11	0	38	868390.48	868390.48
5.706	20.272444	-36.0766	13.1883	0	0	0	86504384	2	0	0	0	297.62949	20.274865	2.294946e-10	7.104717e-11	-1790.667	7.7091023e+08	36232957	2.012256	5.8333254	1.8948746	146	0	77	42	4	5	0	0	0	16.997457	0	5.7053477	0	0	0	0	0	0	297.846	-5.22782e-13	297.634	2.2661e-10	7.00595e-11	0	41	865195.77	865195.77
5.7065	20.270589	-36.0798	13.1882	0	0	0	86504388	2	0	0	0	297.59771	20.272365	2.236895e-10	6.843592e-11	-1790.667	7.7091023e+08	34901384	2.0120237	3.27686	1.9460925	180	2	102	54	4	4	0	0	0	16.997457	0	5.7060217	0	0	0	0	0	0	297.846	-5.22782e-13	297.602	2.25634e-10	6.98925e-11	0	14	843251.94	843251.94
5.707	20.268734	-36.083	13.188	0	0	0	86504392	2	0	0	0	297.56692	20.272365	2.256648e-10	6.993872e-11	-1790.667	7.7091023e+08	35667918	2.0119552	1.315242	1.9854931	157	1	82	50	0	0	0	0	0	16.997457	0	5.7060217	0	0	0	0	0	0	297.846	-5.22782e-13	297.574	2.26279e-10	6.98293e-11	0	32	850639.22	850639.22
5.7075	20.266884	-36.0861	13.1878	0	0	0	86504396	2	0	0	0	297.53601	20.269865	2.30262e-10	6.979661e-11	-1790.667	7.7091023e+08	35595572	2.0050973	7.3477532	1.8577677	138	1	70	49	2	2	0	0	0	16.997457	0	5.7066958	0	0	0	0	0	0	297.846	-5.22782e-13	297.548	2.25514e-10	6.92326e-11	0	35	867907.99	867907.99
5.708	20.265029	-36.0893	13.1877	0	0	0	86504399	2	0	0	0	297.51407	20.267365	2.236682e-10	6.781065e-11	-1790.667	7.7091023e+08	34582877	2.0122538	2.1898789	1.9681878	138	1	74	43	2	2	0	0	0	16.997457	0	5.7073701	0	0	0	0	0	0	297.846	-5.22782e-13	297.517	2.2843e-10	6.90337e-11	0	39	842995.96	842995.96
5.7085	20.263179	-36.0924	13.1875	0	0	0	86504403	2	0	0	0	297.48273	20.267365	2.296083e-10	6.809486e-11	-1790.667	7.7091023e+08	34727947	2.0120086	2.0934463	1.9698883	144	1	86	36	1	2	0	0	0	16.997457	0	5.7073701	0	0	0	0	0	0	297.846	-5.22782e-13	297.49	2.30748e-10	6.83764e-11	0	27	865323.84	865323.84
5.709	20.261324	-36.0956	13.1873	0	0	0	86504407	2	0	0	0	297.44934	20.264865	2.378222e-10	6.906831e-11	-1790.667	7.7091023e+08	35224529	2.0122691	5.4518036	1.9025642	157	1	78	51	1	3	0	0	0	16.997457	0	5.7080446	0	0	0	0	0	0	297.846	-5.22782e-13	297.462	2.3536e-10	6.84075e-11	0	20	896217.29	896217.29
5.7095	20.259474	-36.0988	13.1871	0	0	0	86504410	2	0	0	0	297.42613	20.262365	2.50342e-10	6.944845e-11	-1790.667	7.7091023e+08	35418528	2.0120131	2.9392413	1.9528752	168	4	82	47	3	4	1	0	0	16.997457	0	5.7087193	0	0	0	0	0	0	297.846	-5.22782e-13	297.43	2.39989e-10	6.81402e-11	0	30	943331.82	943331.82
5.71	20.257619	-36.1019	13.187	0	0	0	86504414	2	0	0	0	297.39725	20.259865	2.348841e-10	6.603074e-11	-1790.667	7.7091023e+08	33675628	2.0119542	1.2781046	1.9862394	163	2	78	46	2	2	0	0	0	16.997457	0	5.7093941	0	0	0	0	0	0	297.846	-5.22782e-13	297.4	2.33495e-10	6.58176e-11	0	31	885022.33	885022.33
5.7105	20.255769	-36.1051	13.1868	0	0	0	86504418	2	0	0	0	297.36619	20.259865	2.416343e-10	6.496492e-11	-1790.667	7.7091023e+08	33132183	2.0119552	4.8847211	1.9136768	155	2	77	58	4	4	0	0	0	16.997457	0	5.7093941	0	0	0	0	0	0	297.846	-5.22782e-13	297.374	2.3722e-10	6.55078e-11	0	31	910393.27	910393.27
5.711	20.253919	-36.1083	13.1866	0	0	0	86504422	2	0	0	0	297.33558	20.257365	2.421636e-10	6.582468e-11	-1790.667	7.7091023e+08	33570786	2.0120736	2.5500936	1.9607638	157	2	83	48	1	2	0	0	0	16.997457	0	5.7100691	0	0	0	0	0	0	297.846	-5.22782e-13	297.346	2.4278e-10	6.57501e-11	0	30	912324.14	912324.14
5.7115	20.252069	-36.1114	13.1865	0	0	0	86504425	2	0	0	0	297.31054	20.254865	2.398828e-10	6.445688e-11	-1790.667	7.7091023e+08	32873326	2.012143	4.8227506	1.9151024	139	0	65	44	4	4	0	0	0	16.997457	0	5.7107442	0	0	0	0	0	0	297.846	-5.22782e-13	297.315	2.42227e-10	6.4643e-11	0	29	903668.73	903668.73
5.712	20.250214	-36.1146	13.1863	0	0	0	86504429	2	0	0	0	297.27942	20.252365	2.406573e-10	6.311041e-11	-1790.667	7.7091023e+08	32186740	2.0122038	6.3577495	1.884273	133	0	72	42	0	0	0	0	0	16.997457	0	5.7114196	0	0	0	0	0	0	297.846	-5.22782e-13	297.283	2.42466e-10	6.38725e-11	0	25	906523.44	906523.44
5.7125	20.248364	-36.1177	13.1861	0	0	0	86504433	2	0	0	0	297.24896	20.252365	2.481286e-10	6.419398e-11	-1790.667	7.7091023e+08	32739491	2.0119152	5.7951707	1.8953213	144	0	75	44	4	4	0	0	0	16.997457	0	5.7114196	0	0	0	0	0	0	297.846	-5.22782e-13	297.261	2.47642e-10	6.42146e-11	0	31	934601.93	934601.93
5.713	20.246514	-36.1209	13.186	0	0	0	86504436	2	0	0	0	297.21735	20.249865	2.514859e-10	6.367884e-11	-1790.667	7.7091023e+08	32476888	2.0122563	3.575306	1.940312	164	3	66	62	2	4	0	0	0	16.997457	0	5.7120951	0	0	0	0	0	0	297.846	-5.22782e-13	297.229	2.45634e-10	6.33023e-11	0	27	947181.79	947181.79
5.7135	20.244669	-36.1241	13.1858	0	0	0	86504440	2	0	0	0	297.19377	20.247365	2.491696e-10	6.265921e-11	-1790.667	7.7091023e+08	31956987	2.0121933	1.2695719	1.986647	164	4	77	52	7	7	0	0	0	16.997457	0	5.7127708	0	0	0	0	0	0	297.846	-5.22782e-13	297.198	2.49049e-10	6.31033e-11	0	29	938392.68	938392.68
5.714	20.242819	-36.1272	13.1856	0	0	0	86504444	2	0	0	0	297.16403	20.244865	2.525518e-10	6.245315e-11	-1790.667	7.7091023e+08	31852015	2.0121238	5.7231308	1.8969674	149	2	80	41	0	4	0	0	0	16.997457	0	5.7134466	0	0	0	0	0	0	297.846	-5.22782e-13	297.167	2.46695e-10	6.2515e-11	0	25	951064.3	951064.3
5.7145	20.240969	-36.1304	13.1854	0	0	0	86504448	2	0	0	0	297.13285	20.244865	2.53678e-10	6.161471e-11	-1790.667	7.7091023e+08	31424519	2.0121789	5.6200172	1.8990941	150	0	66	60	1	3	0	0	0	16.997457	0	5.7134466	0	0	0	0	0	0	297.846	-5.22782e-13	297.144	2.50142e-10	6.11555e-11	0	38	955239.06	955239.06
5.715	20.239119	-36.1335	13.1853	0	0	0	86504451	2	0	0	0	297.1078	20.242365	2.474714e-10	6.020429e-11	-1790.667	7.7091023e+08	30705299	2.0120733	4.2323389	1.9269155	159	1	77	50	7	8	0	0	0	16.997457	0	5.7141226	0	0	0	0	0	0	297.846	-5.22782e-13	297.112	2.51446e-10	6.09212e-11	0	33	931803.08	931803.08
5.7155	20.237274	-36.1367	13.1851	0	0	0	86504455	2	0	0	0	297.07617	20.239865	2.458656e-10	5.911716e-11	-1790.667	7.7091023e+08	30150959	2.0118032	3.3074885	1.945263	148	2	67	53	1	1	0	0	0	16.997457	0	5.7147988	0	0	0	0	0	0	297.846	-5.22782e-13	297.081	2.5157e-10	5.98828e-11	0	33	925692.53	925692.53
5.716	20.235424	-36.1399	13.1849	0	0	0	86504459	2	0	0	0	297.04745	20.237365	2.570317e-10	5.989165e-11	-1790.667	7.7091023e+08	30546083	2.0118874	5.2221771	1.906823	146	0	71	55	1	1	0	0	0	16.997457	0	5.7154752	0	0	0	0	0	0	297.846	-5.22782e-13	297.059	2.55411e-10	5.92575e-11	0	23	967666.13	967666.13
5.7165	20.233579	-36.143	13.1848	0	0	0	86504462	2	0	0	0	297.0169	20.237365	2.570815e-10	5.940137e-11	-1790.667	7.7091023e+08	30296147	2.0118557	2.6111774	1.9593226	152	1	71	58	5	5	0	0	0	16.997457	0	5.7154752	0	0	0	0	0	0	297.846	-5.22782e-13	297.028	2.54882e-10	5.91358e-11	0	27	967786.46	967786.46
5.717	20.231729	-36.1462	13.1846	0	0	0	86504466	2	0	0	0	296.9928	20.234865	2.604281e-10	5.938006e-11	-1790.667	7.7091023e+08	30285397	2.012263	6.1946096	1.8876112	152	3	68	47	2	4	0	0	0	16.997457	0	5.7161517	0	0	0	0	0	0	297.846	-5.22782e-13	296.997	2.54214e-10	5.87894e-11	0	27	980316.76	980316.76
5.7175	20.229884	-36.1494	13.1844	0	0	0	86504470	2	0	0	0	296.9616	20.232365	2.523279e-10	5.877965e-11	-1790.667	7.7091023e+08	29979289	2.0122704	5.6544608	1.8984874	134	2	55	53	2	3	0	0	0	16.997457	0	5.7168284	0	0	0	0	0	0	297.846	-5.22782e-13	296.968	2.5691e-10	5.8237e-11	0	38	949759.67	949759.67
5.718	20.228039	-36.1525	13.1842	0	0	0	86504474	2	0	0	0	296.93062	20.229865	2.587406e-10	5.820056e-11	-1790.667	7.7091023e+08	29684054	2.0120896	4.6087013	1.9193584	147	2	61	52	1	1	0	0	0	16.997457	0	5.7175053	0	0	0	0	0	0	297.846	-5.22782e-13	296.941	2.56505e-10	5.81464e-11	0	25	973829.45	973829.45
5.7185	20.226189	-36.1557	13.1841	0	0	0	86504477	2	0	0	0	296.90574	20.229865	2.527969e-10	5.682921e-11	-1790.667	7.7091023e+08	28984739	2.0120013	3.8368485	1.9348038	152	2	72	51	4	5	0	0	0	16.997457	0	5.7175053	0	0	0	0	0	0	297.846	-5.22782e-13	296.91	2.55783e-10	5.75525e-11	0	29	951392.97	951392.97
5.719	20.224344	-36.1588	13.1839	0	0	0	86504481	2	0	0	0	296.87587	20.227365	2.521183e-10	5.645973e-11	-1790.667	7.7091023e+08	28796406	2.0121978	4.2558998	1.9265606	137	1	63	52	1	1	0	0	0	16.997457	0	5.7181823	0	0	0	0	0	0	297.846	-5.22782e-13	296.88	2.59077e-10	5.76144e-11	0	29	948773.26	948773.26
5.7195	20.222499	-36.162	13.1837	0	0	0	86504485	2	0	0	0	296.84374	20.224865	2.615508e-10	5.716316e-11	-1790.667	7.7091023e+08	29155296	2.0118512	3.134021	1.9487994	156	4	71	56	3	4	0	0	0	16.997457	0	5.7188595	0	0	0	0	0	0	297.846	-5.22782e-13	296.852	2.58858e-10	5.69884e-11	0	23	984201.43	984201.43
5.72	20.220654	-36.1652	13.1836	0	0	0	86504489	2	0	0	0	296.81109	20.224865	2.626948e-10	5.682566e-11	-1790.667	7.7091023e+08	28983275	2.0118278	6.1837339	1.8874218	138	4	70	38	5	7	0	0	0	16.997457	0	5.7188595	0	0	0	0	0	0	297.846	-5.22782e-13	296.823	2.57939e-10	5.58584e-11	0	25	988437.68	988437.68
5.7205	20.218809	-36.1683	13.1834	0	0	0	86504492	2	0	0	0	296.78927	20.222365	2.600444e-10	5.611156e-11	-1790.667	7.7091023e+08	28619172	2.0118957	6.3069513	1.8850064	134	8	48	44	4	4	0	0	0	16.997457	0	5.7195369	0	0	0	0	0	0	297.846	-5.22782e-13	296.792	2.60444e-10	5.61606e-11	0	27	978397.2	978397.2
5.721	20.216969	-36.1715	13.1832	0	0	0	86504496	2	0	0	0	296.75641	20.219865	2.58531e-10	5.43281e-11	-1790.667	7.7091023e+08	27709647	2.0120957	3.9348904	1.9329219	148	3	68	50	2	3	0	0	0	16.997457	0	5.7202145	0	0	0	0	0	0	297.846	-5.22782e-13	296.761	2.63843e-10	5.53282e-11	0	34	972635.69	972635.69
5.7215	20.215124	-36.1746	13.1831	0	0	0	86504500	2	0	0	0	296.7266	20.217365	2.734168e-10	5.61613e-11	-1790.667	7.7091023e+08	28644773	2.0120576	3.9335812	1.9329117	149	2	76	46	2	2	0	0	0	16.997457	0	5.7208922	0	0	0	0	0	0	297.846	-5.22782e-13	296.737	2.64347e-10	5.48885e-11	0	31	1028567.2	1028567.2
5.722	20.213279	-36.1778	13.1829	0	0	0	86504504	2	0	0	0	296.69422	20.217365	2.665459e-10	5.452705e-11	-1790.667	7.7091023e+08	27811346	2.0119254	3.7644974	1.9361866	130	3	53	44	1	2	0	0	0	16.997457	0	5.7208922	0	0	0	0	0	0	297.846	-5.22782e-13	296.706	2.62911e-10	5.4416e-11	0	20	1002650	1002650
5.7225	20.211434	-36.181	13.1827	0	0	0	86504507	2	0	0	0	296.67037	20.214865	2.576996e-10	5.371348e-11	-1790.667	7.7091023e+08	27396499	2.0118131	1.989322	1.9717917	153	6	70	48	0	1	0	0	0	16.997457	0	5.7215701	0	0	0	0	0	0	297.846	-5.22782e-13	296.675	2.62625e-10	5.41554e-11	0	31	969306.16	969306.16
5.723	20.209594	-36.1841	13.1825	0	0	0	86504511	2	0	0	0	296.6423	20.212365	2.58666e-10	5.31486e-11	-1790.667	7.7091023e+08	27108494	2.0122845	4.7886987	1.9159222	139	4	60	54	0	1	0	0	0	16.997457	0	5.7222482	0	0	0	0	0	0	297.846	-5.22782e-13	296.646	2.61454e-10	5.38165e-11	0	39	972873.69	972873.69
5.7235	20.207749	-36.1873	13.1824	0	0	0	86504515	2	0	0	0	296.61125	20.209865	2.576286e-10	5.240608e-11	-1790.667	7.7091023e+08	26729882	2.0120349	4.304482	1.9254272	156	8	67	55	3	4	0	0	0	16.997457	0	5.7229264	0	0	0	0	0	0	297.846	-5.22782e-13	296.618	2.64927e-10	5.33499e-11	0	32	968904.73	968904.73
5.724	20.205909	-36.1904	13.1822	0	0	0	86504519	2	0	0	0	296.5807	20.209865	2.615828e-10	5.3479e-11	-1790.667	7.7091023e+08	27277241	2.0119203	5.757731	1.8960794	147	6	63	49	4	5	0	0	0	16.997457	0	5.7229264	0	0	0	0	0	0	297.846	-5.22782e-13	296.589	2.63514e-10	5.29603e-11	0	35	983707.71	983707.71
5.7245	20.204069	-36.1936	13.182	0	0	0	86504523	2	0	0	0	296.54805	20.207365	2.644498e-10	5.281819e-11	-1790.667	7.7091023e+08	26940303	2.012055	0.75247246	1.9969149	143	6	46	54	3	5	0	0	0	16.997457	0	5.7236049	0	0	0	0	0	0	297.846	-5.22782e-13	296.559	2.65383e-10	5.27365e-11	0	24	994420.4	994420.4
5.725	20.202224	-36.1968	13.1819	0	0	0	86504526	2	0	0	0	296.52534	20.204865	2.635687e-10	5.119105e-11	-1790.667	7.7091023e+08	26110478	2.0119491	5.3013667	1.9052883	179	10	62	72	3	4	0	0	0	16.997457	0	5.7242834	0	0	0	0	0	0	297.846	-5.22782e-13	296.529	2.61783e-10	5.18909e-11	0	27	991038.47	991038.47
5.7255	20.200384	-36.1999	13.1817	0	0	0	86504530	2	0	0	0	296.49232	20.202365	2.62883e-10	5.140421e-11	-1790.667	7.7091023e+08	26219312	2.0118624	6.4706771	1.8816813	146	13	55	52	3	3	0	0	0	16.997457	0	5.7249622	0	0	0	0	0	0	297.846	-5.22782e-13	296.497	2.65602e-10	5.20188e-11	0	36	988391.67	988391.67
5.726	20.198544	-36.2031	13.1815	0	0	0	86504534	2	0	0	0	296.46404	20.202365	2.663647e-10	5.163869e-11	-1790.667	7.7091023e+08	26339022	2.0119616	6.6361028	1.8784458	142	5	53	60	1	2	0	0	0	16.997457	0	5.7249622	0	0	0	0	0	0	297.846	-5.22782e-13	296.471	2.64355e-10	5.17506e-11	0	33	1001412.8	1001412.8
5.7265	20.196704	-36.2063	13.1814	0	0	0	86504537	2	0	0	0	296.43798	20.199865	2.620979e-10	5.110934e-11	-1790.667	7.7091023e+08	26069130	2.0119798	2.3528347	1.9646413	169	18	66	55	5	5	0	0	0	16.997457	0	5.7256411	0	0	0	0	0	0	297.846	-5.22782e-13	296.443	2.59081e-10	5.09317e-11	0	29	985303.24	985303.24
5.727	20.194864	-36.2094	13.1812	0	0	0	86504541	2	0	0	0	296.7426	20.197365	2.578631e-10	5.021406e-11	-1790.667	7.7091023e+08	25612587	2.0119104	2.8764064	1.9540397	169	15	66	62	3	3	0	0	0	16.997457	0	5.7263202	0	0	0	0	0	0	297.846	-5.22782e-13	296.578	2.58289e-10	5.0707e-11	0	31	969316.2	969316.2
5.7275	20.193024	-36.2126	13.181	0	0	0	86504545	2	0	0	0	296.714	20.197365	2.666987e-10	5.177014e-11	-1790.667	7.7091023e+08	26406406	2.0120976	1.8599336	1.9746739	161	23	59	57	0	1	0	0	0	16.997457	0	5.7263202	0	0	0	0	0	0	297.846	-5.22782e-13	296.717	2.59746e-10	5.04716e-11	0	37	1002460	1002460
5.728	20.191184	-36.2157	13.1809	0	0	0	86504549	2	0	0	0	296.68197	20.194865	2.618314e-10	5.015721e-11	-1790.667	7.7091023e+08	25583808	2.011887	1.8087059	1.9754979	169	16	76	50	3	7	0	0	0	16.997457	0	5.7269995	0	0	0	0	0	0	297.846	-5.22782e-13	296.694	2.57937e-10	4.97602e-11	0	30	984096.77	984096.77
5.7285	20.189344	-36.2189	13.1807	0	0	0	86504552	2	0	0	0	296.65949	20.192365	2.635687e-10	4.897061e-11	-1790.667	7.7091023e+08	24978663	2.0119117	6.9185065	1.8727174	162	18	76	40	3	5	0	0	0	16.997457	0	5.727679	0	0	0	0	0	0	297.846	-5.22782e-13	296.663	2.57588e-10	4.92104e-11	0	44	990557.79	990557.79
5.729	20.187504	-36.2221	13.1805	0	0	0	86504556	2	0	0	0	296.62689	20.189865	2.561968e-10	4.922995e-11	-1790.667	7.7091023e+08	25111054	2.012119	2.6450761	1.958897	151	19	61	49	5	5	0	0	0	16.997457	0	5.7283586	0	0	0	0	0	0	297.846	-5.22782e-13	296.631	2.61424e-10	4.9555e-11	0	32	962785.61	962785.61
5.7295	20.185669	-36.2252	13.1803	0	0	0	86504560	2	0	0	0	296.59585	20.189865	2.627054e-10	4.858336e-11	-1790.667	7.7091023e+08	24781351	2.0119965	2.3782467	1.9641462	167	20	73	49	1	1	0	0	0	16.997457	0	5.7283586	0	0	0	0	0	0	297.846	-5.22782e-13	296.604	2.6431e-10	4.96826e-11	0	26	987176.48	987176.48
5.73	20.183829	-36.2284	13.1802	0	0	0	86504564	2	0	0	0	296.56552	20.187365	2.679883e-10	5.005418e-11	-1790.667	7.7091023e+08	25531696	2.0120413	2.9071531	1.9535482	169	21	79	41	5	5	0	0	0	16.997457	0	5.7290384	0	0	0	0	0	0	297.846	-5.22782e-13	296.577	2.62697e-10	4.91793e-11	0	25	1006958.4	1006958.4
5.7305	20.181989	-36.2315	13.18	0	0	0	86504567	2	0	0	0	296.54157	20.184865	2.623004e-10	4.835243e-11	-1790.667	7.7091023e+08	24663773	2.0118224	4.1091023	1.9291546	162	27	66	45	3	3	0	0	0	16.997457	0	5.7297183	0	0	0	0	0	0	297.846	-5.22782e-13	296.546	2.66461e-10	4.92165e-11	0	27	985518.03	985518.03
5.731	20.180154	-36.2347	13.1798	0	0	0	86504571	2	0	0	0	296.51254	20.182365	2.636824e-10	4.831691e-11	-1790.667	7.7091023e+08	24645763	2.0119917	2.1840726	1.9680483	183	30	76	46	3	5	0	0	0	16.997457	0	5.7303985	0	0	0	0	0	0	297.846	-5.22782e-13	296.517	2.66621e-10	4.86997e-11	0	31	990641.87	990641.87
5.7315	20.178319	-36.2379	13.1797	0	0	0	86504576	2	0	0	0	296.47513	20.182365	2.688694e-10	4.804335e-11	-1790.667	7.7091023e+08	24506332	2.0122333	4.1345186	1.9290371	162	24	65	49	1	1	0	0	0	16.997457	0	5.7303985	0	0	0	0	0	0	297.846	-5.22782e-13	296.49	2.67063e-10	4.80831e-11	0	30	1010059.2	1010059.2
5.732	20.176479	-36.241	13.1795	0	0	0	86504579	2	0	0	0	296.45068	20.179865	2.730083e-10	4.774492e-11	-1790.667	7.7091023e+08	24354214	2.0122547	2.4734205	1.9624832	162	20	58	53	2	2	0	0	0	16.997457	0	5.7310788	0	0	0	0	0	0	297.846	-5.22782e-13	296.455	2.67561e-10	4.78275e-11	0	35	1025536.7	1025536.7
5.7325	20.174644	-36.2442	13.1793	0	0	0	86504583	2	0	0	0	296.76951	20.177365	2.656115e-10	4.740386e-11	-1790.667	7.7091023e+08	24180349	2.0122573	5.9161103	1.8932099	177	29	68	56	0	0	0	0	0	16.997457	0	5.7317593	0	0	0	0	0	0	297.846	-5.22782e-13	296.773	2.7306e-10	4.8094e-11	0	25	997682.07	997682.07
5.733	20.172809	-36.2474	13.1792	0	0	0	86504587	2	0	0	0	296.74003	20.174865	2.672174e-10	4.857625e-11	-1790.667	7.7091023e+08	24778487	2.0118483	4.5682649	1.9199418	188	33	62	68	0	1	0	0	0	16.997457	0	5.7324399	0	0	0	0	0	0	297.846	-5.22782e-13	296.747	2.71617e-10	4.77648e-11	0	30	1003644.6	1003644.6
5.7335	20.170974	-36.2505	13.179	0	0	0	86504591	2	0	0	0	296.70765	20.174865	2.742588e-10	4.746425e-11	-1790.667	7.7091023e+08	24211369	2.0119942	3.7934582	1.9356701	180	28	61	60	4	4	0	0	0	16.997457	0	5.7324399	0	0	0	0	0	0	297.846	-5.22782e-13	296.719	2.75129e-10	4.75175e-11	0	33	1030020.1	1030020.1
5.734	20.169139	-36.2537	13.1788	0	0	0	86504594	2	0	0	0	296.68077	20.172365	2.868141e-10	4.671108e-11	-1790.667	7.7091023e+08	23827286	2.0118845	3.8931858	1.9335581	174	31	65	44	2	5	0	0	0	16.997457	0	5.7331208	0	0	0	0	0	0	297.846	-5.22782e-13	296.686	2.73531e-10	4.66862e-11	0	47	1077098.8	1077098.8
5.7345	20.167304	-36.2568	13.1787	0	0	0	86504598	2	0	0	0	296.65218	20.169865	2.71541e-10	4.651213e-11	-1790.667	7.7091023e+08	23725909	2.0118781	5.5938022	1.8993376	186	36	63	60	2	2	0	0	0	16.997457	0	5.7338018	0	0	0	0	0	0	297.846	-5.22782e-13	296.657	2.74869e-10	4.62892e-11	0	34	1019671.8	1019671.8
5.735	20.165469	-36.26	13.1785	0	0	0	86504602	2	0	0	0	296.62152	20.167365	2.733884e-10	4.569145e-11	-1790.667	7.7091023e+08	23307384	2.0118499	3.2590741	1.9462822	179	26	68	51	2	2	0	0	0	16.997457	0	5.7344829	0	0	0	0	0	0	297.846	-5.22782e-13	296.625	2.74322e-10	4.5989e-11	0	25	1026537.9	1026537.9
5.7355	20.163634	-36.2632	13.1783	0	0	0	86504606	2	0	0	0	296.58916	20.167365	2.758078e-10	4.594014e-11	-1790.667	7.7091023e+08	23434348	2.0119149	5.4143841	1.9029821	174	28	64	49	7	7	0	0	0	16.997457	0	5.7344829	0	0	0	0	0	0	297.846	-5.22782e-13	296.601	2.79474e-10	4.62439e-11	0	19	1035550.8	1035550.8
5.736	20.161799	-36.2663	13.1781	0	0	0	86504609	2	0	0	0	296.56756	20.164865	2.781242e-10	4.617462e-11	-1790.667	7.7091023e+08	23554065	2.0122755	3.9999453	1.9317856	169	17	64	55	2	3	1	0	0	16.997457	0	5.7351643	0	0	0	0	0	0	297.846	-5.22782e-13	296.571	2.7677e-10	4.5695e-11	0	36	1044175.6	1044175.6
5.7365	20.159964	-36.2695	13.178	0	0	0	86504613	2	0	0	0	296.5355	20.162365	2.843059e-10	4.583711e-11	-1790.667	7.7091023e+08	23382005	2.0121478	1.7540978	1.9768528	173	23	69	58	0	0	0	0	0	16.997457	0	5.7358458	0	0	0	0	0	0	297.846	-5.22782e-13	296.54	2.8417e-10	4.60849e-11	0	31	1067310	1067310
5.737	20.158134	-36.2726	13.1778	0	0	0	86504617	2	0	0	0	296.50595	20.162365	2.788738e-10	4.513723e-11	-1790.667	7.7091023e+08	23025094	2.0120854	2.2204544	1.967408	181	29	59	61	1	2	0	0	0	16.997457	0	5.7358458	0	0	0	0	0	0	297.846	-5.22782e-13	296.509	2.80928e-10	4.54008e-11	0	24	1046844.9	1046844.9
5.7375	20.156299	-36.2758	13.1776	0	0	0	86504621	2	0	0	0	296.47405	20.159865	2.834071e-10	4.567013e-11	-1790.667	7.7091023e+08	23297040	2.011992	1.6612551	1.9785677	183	24	77	56	1	1	0	0	0	16.997457	0	5.7365275	0	0	0	0	0	0	297.846	-5.22782e-13	296.485	2.79481e-10	4.49942e-11	0	30	1063788.5	1063788.5
5.738	20.154464	-36.279	13.1775	0	0	0	86504624	2	0	0	0	296.45268	20.157365	2.915499e-10	4.447287e-11	-1790.667	7.7091023e+08	22686404	2.0118563	3.9595989	1.9321949	147	22	56	45	2	3	0	0	0	16.997457	0	5.7372093	0	0	0	0	0	0	297.846	-5.22782e-13	296.457	2.79457e-10	4.44711e-11	0	42	1094277.4	1094277.4
5.7385	20.152634	-36.2821	13.1773	0	0	0	86504628	2	0	0	0	296.4217	20.154865	2.748486e-10	4.37268e-11	-1790.667	7.7091023e+08	22305923	2.0118566	3.43436	1.9427622	172	14	71	62	2	3	0	0	0	16.997457	0	5.7378914	0	0	0	0	0	0	297.846	-5.22782e-13	296.425	2.77006e-10	4.43023e-11	0	33	1031520.8	1031520.8
5.739	20.150804	-36.2853	13.1771	0	0	0	86504632	2	0	0	0	298.13881	20.154865	2.85997e-10	4.520118e-11	-1790.667	7.7091023e+08	23058142	2.0121085	3.8305688	1.9350333	177	27	71	51	0	1	0	0	0	16.997457	0	5.7378914	0	0	0	0	0	0	297.846	-5.22782e-13	298.142	2.84963e-10	4.46638e-11	0	26	1073287	1073287
5.7395	20.148969	-36.2884	13.177	0	0	0	86504636	2	0	0	0	298.10781	20.152365	2.810658e-10	4.41176e-11	-1790.667	7.7091023e+08	22505488	2.0119552	5.7188868	1.8968938	148	17	64	47	2	2	0	0	0	16.997457	0	5.7385736	0	0	0	0	0	0	297.846	-5.22782e-13	298.119	2.83799e-10	4.42038e-11	0	36	1054708.3	1054708.3
5.74	20.147139	-36.2916	13.1768	0	0	0	86504640	2	0	0	0	298.07796	20.149865	2.865335e-10	4.413891e-11	-1790.667	7.7091023e+08	22516464	2.011783	5.1509809	1.9081565	168	23	60	53	0	1	0	0	0	16.997457	0	5.739256	0	0	0	0	0	0	297.846	-5.22782e-13	298.089	2.87058e-10	4.42721e-11	0	37	1075151.6	1075151.6
5.7405	20.145309	-36.2948	13.1766	0	0	0	86504644	2	0	0	0	298.04343	20.147365	2.894218e-10	4.375167e-11	-1790.667	7.7091023e+08	22319027	2.012153	1.8741796	1.9744416	162	26	60	55	3	5	0	0	0	16.997457	0	5.7399385	0	0	0	0	0	0	297.846	-5.22782e-13	298.057	2.87532e-10	4.38121e-11	0	33	1085914.1	1085914.1
5.741	20.143479	-36.2979	13.1765	0	0	0	86504647	2	0	0	0	298.02247	20.147365	2.802665e-10	4.289902e-11	-1790.667	7.7091023e+08	21884168	2.012175	3.0718282	1.9503645	193	29	63	67	3	5	1	0	0	16.997457	0	5.7399385	0	0	0	0	0	0	297.846	-5.22782e-13	298.026	2.8492e-10	4.36117e-11	0	41	1051490.6	1051490.6
5.7415	20.141649	-36.3011	13.1763	0	0	0	86504651	2	0	0	0	297.99066	20.144865	2.825935e-10	4.317258e-11	-1790.667	7.7091023e+08	22023824	2.0121344	3.2984675	1.9457648	177	23	65	67	6	7	0	0	0	16.997457	0	5.7406213	0	0	0	0	0	0	297.846	-5.22782e-13	297.994	2.88219e-10	4.37632e-11	0	39	1060147.5	1060147.5
5.742	20.139819	-36.3043	13.1761	0	0	0	86504655	2	0	0	0	297.9575	20.142365	2.948113e-10	4.426326e-11	-1790.667	7.7091023e+08	22580325	2.0119216	5.2065329	1.9071702	165	17	71	53	3	4	0	0	0	16.997457	0	5.7413042	0	0	0	0	0	0	297.846	-5.22782e-13	297.97	2.87113e-10	4.35819e-11	0	37	1105906	1105906
5.7425	20.137989	-36.3074	13.176	0	0	0	86504658	2	0	0	0	297.92819	20.139865	2.901288e-10	4.331469e-11	-1790.667	7.7091023e+08	22096530	2.0119539	3.1762954	1.9480483	185	27	57	65	2	3	0	0	0	16.997457	0	5.7419872	0	0	0	0	0	0	297.846	-5.22782e-13	297.94	2.87101e-10	4.33271e-11	0	29	1088265.6	1088265.6
5.743	20.136159	-36.3106	13.1758	0	0	0	86504662	2	0	0	0	297.90461	20.139865	2.909992e-10	4.329337e-11	-1790.667	7.7091023e+08	22085759	2.0120371	2.4596763	1.9625475	160	18	59	49	3	5	0	0	0	16.997457	0	5.7419872	0	0	0	0	0	0	297.846	-5.22782e-13	297.908	2.90048e-10	4.34204e-11	0	40	1091454.9	1091454.9
5.7435	20.134329	-36.3137	13.1756	0	0	0	86504666	2	0	0	0	297.87316	20.137365	2.892193e-10	4.334666e-11	-1790.667	7.7091023e+08	22113051	2.0121936	3.5136977	1.9414912	164	15	59	63	3	3	0	0	0	16.997457	0	5.7426705	0	0	0	0	0	0	297.846	-5.22782e-13	297.876	2.9208e-10	4.34008e-11	0	40	1084704	1084704
5.744	20.132499	-36.3169	13.1755	0	0	0	86504670	2	0	0	0	297.84234	20.134865	2.955822e-10	4.342837e-11	-1790.667	7.7091023e+08	22154841	2.0121536	4.1732321	1.9281818	187	21	83	60	5	7	0	0	0	16.997457	0	5.7433539	0	0	0	0	0	0	297.846	-5.22782e-13	297.853	2.91512e-10	4.31237e-11	0	17	1108491.1	1108491.1
5.7445	20.130674	-36.3201	13.1753	0	0	0	86504673	2	0	0	0	297.81631	20.134865	2.94186e-10	4.488143e-11	-1790.667	7.7091023e+08	22896226	2.0119453	3.6385085	1.9387405	159	17	47	64	5	6	0	0	0	16.997457	0	5.7433539	0	0	0	0	0	0	297.846	-5.22782e-13	297.821	2.96853e-10	4.34468e-11	0	39	1103178.7	1103178.7
5.745	20.128844	-36.3232	13.1751	0	0	0	86504677	2	0	0	0	297.78615	20.132365	2.895817e-10	4.292744e-11	-1790.667	7.7091023e+08	21899506	2.0121446	5.4992786	1.9014912	172	17	58	70	2	2	0	0	0	16.997457	0	5.7440375	0	0	0	0	0	0	297.846	-5.22782e-13	297.79	2.94215e-10	4.33067e-11	0	41	1085837.8	1085837.8
5.7455	20.127019	-36.3264	13.175	0	0	0	86504681	2	0	0	0	297.7567	20.129865	2.973124e-10	4.33964e-11	-1790.667	7.7091023e+08	22138854	2.0118051	2.9909855	1.9516323	165	18	58	60	4	6	0	0	0	16.997457	0	5.7447213	0	0	0	0	0	0	297.846	-5.22782e-13	297.764	2.95913e-10	4.33623e-11	0	39	1114748.3	1114748.3
5.746	20.125189	-36.3295	13.1748	0	0	0	86504685	2	0	0	0	297.725	20.127365	3.0089e-10	4.364864e-11	-1790.667	7.7091023e+08	22267644	2.0121862	5.1909946	1.9077338	148	16	60	51	0	0	0	0	0	16.997457	0	5.7454052	0	0	0	0	0	0	297.846	-5.22782e-13	297.736	2.98217e-10	4.36335e-11	0	42	1128084.2	1128084.2
5.7465	20.123364	-36.3327	13.1746	0	0	0	86504688	2	0	0	0	297.70037	20.127365	2.948077e-10	4.319034e-11	-1790.667	7.7091023e+08	22033947	2.0120045	2.4508892	1.9626925	163	14	62	62	2	3	0	0	0	16.997457	0	5.7454052	0	0	0	0	0	0	297.846	-5.22782e-13	297.704	2.95297e-10	4.30198e-11	0	22	1105204.3	1105204.3
5.747	20.121539	-36.3359	13.1745	0	0	0	86504692	2	0	0	0	297.66986	20.124865	2.937846e-10	4.283507e-11	-1790.667	7.7091023e+08	21852810	2.0120317	3.4438106	1.9427411	142	12	51	52	4	7	0	0	0	16.997457	0	5.7460894	0	0	0	0	0	0	297.846	-5.22782e-13	297.675	2.94983e-10	4.27249e-11	0	44	1101292.6	1101292.6
5.7475	20.119709	-36.339	13.1743	0	0	0	86504696	2	0	0	0	297.63912	20.122365	2.963247e-10	4.330403e-11	-1790.667	7.7091023e+08	22092165	2.0120317	3.9076124	1.9334093	146	14	61	47	4	4	0	0	0	16.997457	0	5.7467736	0	0	0	0	0	0	297.846	-5.22782e-13	297.65	2.99396e-10	4.35127e-11	0	36	1110737.8	1110737.8
5.748	20.117884	-36.3422	13.1741	0	0	0	86504700	2	0	0	0	297.60725	20.119865	2.972023e-10	4.296297e-11	-1790.667	7.7091023e+08	21918277	2.0122176	3.9343657	1.9330496	147	19	49	52	3	3	0	0	0	16.997457	0	5.7474581	0	0	0	0	0	0	297.846	-5.22782e-13	297.612	3.03109e-10	4.36629e-11	0	38	1113950.3	1113950.3
5.7485	20.116059	-36.3454	13.174	0	0	0	86504704	2	0	0	0	297.57531	20.119865	3.004743e-10	4.299139e-11	-1790.667	7.7091023e+08	21932884	2.0119222	4.0920866	1.9295926	166	7	60	52	3	4	0	0	0	16.997457	0	5.7474581	0	0	0	0	0	0	297.846	-5.22782e-13	297.583	2.96693e-10	4.28386e-11	0	22	1126136.3	1126136.3
5.749	20.114234	-36.3485	13.1738	0	0	0	86504708	2	0	0	0	297.54469	20.117365	3.045244e-10	4.322942e-11	-1790.667	7.7091023e+08	22054430	2.0118758	1.9059148	1.9735312	158	14	55	58	4	5	0	0	0	16.997457	0	5.7481428	0	0	0	0	0	0	297.846	-5.22782e-13	297.555	2.97533e-10	4.28573e-11	0	34	1141236.6	1141236.6
5.7495	20.112409	-36.3517	13.1736	0	0	0	86504711	2	0	0	0	297.52142	20.114865	2.936176e-10	4.230571e-11	-1790.667	7.7091023e+08	21583287	2.0120608	4.9090365	1.913288	156	11	59	59	2	3	0	0	0	16.997457	0	5.7488276	0	0	0	0	0	0	297.846	-5.22782e-13	297.525	2.97648e-10	4.29177e-11	0	28	1100286.2	1100286.2
5.75	20.110584	-36.3548	13.1735	0	0	0	86504715	2	0	0	0	297.49024	20.114865	2.890239e-10	4.206413e-11	-1790.667	7.7091023e+08	21460147	2.0121587	3.3804729	1.9441382	172	19	61	64	3	3	0	0	0	16.997457	0	5.7488276	0	0	0	0	0	0	297.846	-5.22782e-13	297.494	2.9453e-10	4.25162e-11	0	31	1082997.2	1082997.2
5.7505	20.108759	-36.358	13.1733	0	0	0	86504719	2	0	0	0	297.45855	20.112365	3.037002e-10	4.302692e-11	-1790.667	7.7091023e+08	21951451	2.0119402	5.273302	1.9058445	180	20	62	69	3	5	0	0	0	16.997457	0	5.7495126	0	0	0	0	0	0	297.846	-5.22782e-13	297.466	2.98087e-10	4.25715e-11	0	20	1137911.9	1137911.9
5.751	20.106939	-36.3612	13.1731	0	0	0	86504723	2	0	0	0	297.42659	20.109865	3.122196e-10	4.326139e-11	-1790.667	7.7091023e+08	22071184	2.0117958	5.8104981	1.8949005	163	15	62	57	2	5	0	0	0	16.997457	0	5.7501977	0	0	0	0	0	0	297.846	-5.22782e-13	297.437	3.03374e-10	4.30012e-11	0	51	1169751.7	1169751.7
5.7515	20.105114	-36.3643	13.1729	0	0	0	86504726	2	0	0	0	297.40438	20.107365	2.918696e-10	4.217782e-11	-1790.667	7.7091023e+08	21518475	2.0119523	3.5941528	1.9396397	164	9	64	66	2	3	0	0	0	16.997457	0	5.7508831	0	0	0	0	0	0	297.846	-5.22782e-13	297.408	3.01921e-10	4.27207e-11	0	19	1093433.5	1093433.5
5.752	20.103289	-36.3675	13.1728	0	0	0	86504730	2	0	0	0	297.37351	20.107365	2.994334e-10	4.361311e-11	-1790.667	7.7091023e+08	22250851	2.0119014	3.5148919	1.9411853	164	9	55	66	6	6	0	0	0	16.997457	0	5.7508831	0	0	0	0	0	0	297.846	-5.22782e-13	297.378	3.00926e-10	4.29452e-11	0	20	1121692.3	1121692.3
5.7525	20.101469	-36.3706	13.1726	0	0	0	86504734	2	0	0	0	297.34013	20.104865	3.026344e-10	4.262901e-11	-1790.667	7.7091023e+08	21748887	2.0121565	5.4203339	1.9030909	159	14	66	50	3	3	0	0	0	16.997457	0	5.7515686	0	0	0	0	0	0	297.846	-5.22782e-13	297.353	3.02053e-10	4.28191e-11	0	29	1133605.1	1133605.1
5.753	20.099644	-36.3738	13.1724	0	0	0	86504737	2	0	0	0	297.31008	20.102365	3.076082e-10	4.251888e-11	-1790.667	7.7091023e+08	21692810	2.011896	3.4398438	1.9426899	169	17	64	61	1	2	0	0	0	16.997457	0	5.7522543	0	0	0	0	0	0	297.846	-5.22782e-13	297.322	3.011e-10	4.24416e-11	0	25	1152156.3	1152156.3
5.7535	20.097824	-36.377	13.1723	0	0	0	86504741	2	0	0	0	297.28683	20.099865	3.006484e-10	4.235901e-11	-1790.667	7.7091023e+08	21611357	2.0120608	5.4834446	1.9017306	156	13	49	65	3	6	0	0	0	16.997457	0	5.7529401	0	0	0	0	0	0	297.846	-5.22782e-13	297.291	3.01592e-10	4.26397e-11	0	42	1126010.3	1126010.3
5.754	20.096004	-36.3801	13.1721	0	0	0	86504745	2	0	0	0	297.25463	20.099865	3.062226e-10	4.325074e-11	-1790.667	7.7091023e+08	22066427	2.0119504	2.4212287	1.9632365	166	12	47	75	2	3	0	0	0	16.997457	0	5.7529401	0	0	0	0	0	0	297.846	-5.22782e-13	297.263	3.05632e-10	4.29274e-11	0	26	1146808	1146808
5.7545	20.094179	-36.3833	13.1719	0	0	0	86504749	2	0	0	0	297.22356	20.097365	3.080523e-10	4.359535e-11	-1790.667	7.7091023e+08	22242361	2.011967	2.7272494	1.9570957	144	10	47	59	2	4	0	0	0	16.997457	0	5.7536261	0	0	0	0	0	0	297.846	-5.22782e-13	297.235	3.01662e-10	4.25855e-11	0	30	1153580.5	1153580.5
5.755	20.092359	-36.3864	13.1718	0	0	0	86504752	2	0	0	0	297.20172	20.094865	3.057643e-10	4.32081e-11	-1790.667	7.7091023e+08	22044900	2.0118592	5.5299615	1.9006042	173	8	66	69	4	4	0	0	0	16.997457	0	5.7543124	0	0	0	0	0	0	297.846	-5.22782e-13	297.205	3.05635e-10	4.31399e-11	0	44	1144933.4	1144933.4
5.7555	20.090539	-36.3896	13.1716	0	0	0	86504757	2	0	0	0	297.16321	20.094865	3.101412e-10	4.356693e-11	-1790.667	7.7091023e+08	22228092	2.0118042	3.5519163	1.9403466	165	17	57	64	2	3	0	0	0	16.997457	0	5.7543124	0	0	0	0	0	0	297.846	-5.22782e-13	297.175	3.06207e-10	4.33413e-11	0	34	1161242.5	1161242.5
5.756	20.088719	-36.3928	13.1714	0	0	0	86504760	2	0	0	0	297.13869	20.092365	3.124967e-10	4.323297e-11	-1790.667	7.7091023e+08	22057819	2.0121258	2.0623124	1.9706294	145	9	49	60	3	4	0	0	0	16.997457	0	5.7549987	0	0	0	0	0	0	297.846	-5.22782e-13	297.143	3.08411e-10	4.34888e-11	0	38	1169981.2	1169981.2
5.7565	20.086899	-36.3959	13.1713	0	0	0	86504764	2	0	0	0	297.108	20.089865	3.11168e-10	4.409983e-11	-1790.667	7.7091023e+08	22500216	2.0121059	5.3924636	1.9036038	142	14	53	48	2	2	0	0	0	16.997457	0	5.7556853	0	0	0	0	0	0	297.846	-5.22782e-13	297.112	3.0752e-10	4.35962e-11	0	32	1164926.1	1164926.1
5.757	20.085079	-36.3991	13.1711	0	0	0	86504768	2	0	0	0	297.07576	20.087365	3.080523e-10	4.336087e-11	-1790.667	7.7091023e+08	22123307	2.0121126	1.1921082	1.9881261	173	20	48	75	3	3	0	0	0	16.997457	0	5.756372	0	0	0	0	0	0	297.846	-5.22782e-13	297.084	3.11697e-10	4.39107e-11	0	44	1153182.2	1153182.2
5.7575	20.083259	-36.4023	13.1709	0	0	0	86504772	2	0	0	0	297.04598	20.087365	3.16259e-10	4.452261e-11	-1790.667	7.7091023e+08	22716162	2.0118339	6.7677475	1.8756781	153	13	53	51	5	7	0	0	0	16.997457	0	5.756372	0	0	0	0	0	0	297.846	-5.22782e-13	297.058	3.14012e-10	4.42979e-11	0	35	1183821.9	1183821.9
5.758	20.081439	-36.4054	13.1708	0	0	0	86504775	2	0	0	0	297.02326	20.084865	3.190976e-10	4.435918e-11	-1790.667	7.7091023e+08	22632897	2.011969	4.1589986	1.9282912	163	14	65	62	5	5	0	0	0	16.997457	0	5.7570589	0	0	0	0	0	0	297.846	-5.22782e-13	297.027	3.13046e-10	4.43507e-11	0	34	1194364.9	1194364.9
5.7585	20.079624	-36.4086	13.1706	0	0	0	86504779	2	0	0	0	296.99435	20.082365	3.09722e-10	4.382983e-11	-1790.667	7.7091023e+08	22362931	2.0119702	3.0625503	1.9503526	160	9	62	58	3	6	0	0	0	16.997457	0	5.757746	0	0	0	0	0	0	297.846	-5.22782e-13	296.997	3.14039e-10	4.42144e-11	0	35	1159192.4	1159192.4
5.759	20.077804	-36.4117	13.1704	0	0	0	86504783	2	0	0	0	296.95983	20.079865	3.126495e-10	4.438405e-11	-1790.667	7.7091023e+08	22645826	2.0122637	4.6093522	1.9195114	165	17	66	59	4	5	0	0	0	16.997457	0	5.7584333	0	0	0	0	0	0	297.846	-5.22782e-13	296.968	3.14333e-10	4.41901e-11	0	27	1170068.4	1170068.4
5.7595	20.075984	-36.4149	13.1703	0	0	0	86504787	2	0	0	0	296.92938	20.079865	3.251444e-10	4.485301e-11	-1790.667	7.7091023e+08	22885223	2.0119805	3.2452482	1.9466867	181	6	65	74	4	6	0	0	0	16.997457	0	5.7584333	0	0	0	0	0	0	297.846	-5.22782e-13	296.943	3.13771e-10	4.43174e-11	0	19	1216745.6	1216745.6
5.76	20.074169	-36.4181	13.1701	0	0	0	86504790	2	0	0	0	296.90676	20.077365	3.181562e-10	4.439116e-11	-1790.667	7.7091023e+08	22649696	2.0121206	4.5118408	1.921337	171	11	66	64	3	4	0	0	0	16.997457	0	5.7591207	0	0	0	0	0	0	297.846	-5.22782e-13	296.911	3.1774e-10	4.46283e-11	0	36	1190512.4	1190512.4
5.7605	20.072349	-36.4212	13.1699	0	0	0	86504794	2	0	0	0	296.87641	20.074865	3.168097e-10	4.495604e-11	-1790.667	7.7091023e+08	22938038	2.0118278	3.3294936	1.9448442	177	15	62	75	7	9	0	0	0	16.997457	0	5.7598083	0	0	0	0	0	0	297.846	-5.22782e-13	296.88	3.16654e-10	4.43814e-11	0	34	1185392.1	1185392.1
5.761	20.070534	-36.4244	13.1698	0	0	0	86504798	2	0	0	0	296.8422	20.074865	3.128022e-10	4.390444e-11	-1790.667	7.7091023e+08	22401598	2.0121782	4.6391119	1.918831	146	13	64	40	4	5	0	0	0	16.997457	0	5.7598083	0	0	0	0	0	0	297.846	-5.22782e-13	296.851	3.15021e-10	4.40934e-11	0	33	1170316.6	1170316.6
5.7615	20.068714	-36.4275	13.1696	0	0	0	86504801	2	0	0	0	296.81311	20.072365	3.184297e-10	4.417089e-11	-1790.667	7.7091023e+08	22537672	2.0118586	3.4381423	1.942688	170	17	55	60	2	4	0	0	0	16.997457	0	5.7604961	0	0	0	0	0	0	297.846	-5.22782e-13	296.824	3.18335e-10	4.448e-11	0	26	1191289	1191289
5.762	20.066899	-36.4307	13.1695	0	0	0	86504805	2	0	0	0	296.78982	20.069865	3.137544e-10	4.375522e-11	-1790.667	7.7091023e+08	22325702	2.0118794	2.7266207	1.957023	181	20	52	73	2	2	0	0	0	16.997457	0	5.7611841	0	0	0	0	0	0	297.846	-5.22782e-13	296.793	3.13543e-10	4.42393e-11	0	28	1173717.1	1173717.1
5.7625	20.065084	-36.4339	13.1693	0	0	0	86504809	2	0	0	0	296.75986	20.067365	3.141096e-10	4.381917e-11	-1790.667	7.7091023e+08	22358454	2.0120896	3.8104864	1.9354192	175	15	70	59	6	8	0	0	0	16.997457	0	5.7618722	0	0	0	0	0	0	297.846	-5.22782e-13	296.763	3.13206e-10	4.41842e-11	0	22	1174964.7	1174964.7
5.763	20.063269	-36.437	13.1691	0	0	0	86504813	2	0	0	0	296.72572	20.067365	3.254854e-10	4.511591e-11	-1790.667	7.7091023e+08	23020233	2.0120582	4.4632823	1.9222544	174	13	56	79	1	1	0	0	0	16.997457	0	5.7618722	0	0	0	0	0	0	297.846	-5.22782e-13	296.74	3.17705e-10	4.45617e-11	0	28	1217433.3	1217433.3
5.7635	20.061454	-36.4402	13.169	0	0	0	86504817	2	0	0	0	296.69597	20.064865	3.146425e-10	4.393286e-11	-1790.667	7.7091023e+08	22416708	2.0120282	3.7914539	1.935743	180	21	55	72	2	2	0	0	0	16.997457	0	5.7625605	0	0	0	0	0	0	297.846	-5.22782e-13	296.708	3.23085e-10	4.49107e-11	0	29	1176795.7	1176795.7
5.764	20.059639	-36.4434	13.1688	0	0	0	86504821	2	0	0	0	296.66633	20.062365	3.205329e-10	4.509815e-11	-1790.667	7.7091023e+08	23011423	2.0120589	4.3036037	1.9254678	180	20	60	69	0	0	0	0	0	16.997457	0	5.763249	0	0	0	0	0	0	297.846	-5.22782e-13	296.674	3.16998e-10	4.47095e-11	0	45	1198743.6	1198743.6
5.7645	20.057824	-36.4465	13.1686	0	0	0	86504825	2	0	0	0	296.63525	20.059865	3.141203e-10	4.52296e-11	-1790.667	7.7091023e+08	23078623	2.0117981	3.5340485	1.9407002	165	24	49	63	4	5	0	0	0	16.997457	0	5.7639377	0	0	0	0	0	0	297.846	-5.22782e-13	296.646	3.1888e-10	4.53806e-11	0	32	1174680.4	1174680.4
5.765	20.056009	-36.4497	13.1685	0	0	0	86504828	2	0	0	0	296.61038	20.059865	3.207994e-10	4.446932e-11	-1790.667	7.7091023e+08	22690811	2.0120451	3.6956149	1.9376877	184	21	61	65	5	5	0	0	0	16.997457	0	5.7639377	0	0	0	0	0	0	297.846	-5.22782e-13	296.615	3.16948e-10	4.54108e-11	0	36	1199574.8	1199574.8
5.7655	20.054194	-36.4528	13.1683	0	0	0	86504832	2	0	0	0	296.58396	20.057365	3.108767e-10	4.533263e-11	-1790.667	7.7091023e+08	23131450	2.0120752	1.2232545	1.9874624	170	14	64	58	3	3	0	0	0	16.997457	0	5.7646265	0	0	0	0	0	0	297.846	-5.22782e-13	296.587	3.13679e-10	4.53921e-11	0	36	1162390.3	1162390.3
5.766	20.052379	-36.456	13.1681	0	0	0	86504836	2	0	0	0	296.55051	20.054865	3.165503e-10	4.597922e-11	-1790.667	7.7091023e+08	23461510	2.0120554	2.0519197	1.9707696	145	10	50	55	5	5	0	0	0	16.997457	0	5.7653155	0	0	0	0	0	0	297.846	-5.22782e-13	296.558	3.20635e-10	4.61917e-11	0	37	1183522.6	1183522.6
5.7665	20.050569	-36.4592	13.168	0	0	0	86504840	2	0	0	0	296.51959	20.054865	3.162377e-10	4.637002e-11	-1790.667	7.7091023e+08	23661052	2.0118794	3.4065184	1.9433443	201	20	70	75	4	4	0	0	0	16.997457	0	5.7653155	0	0	0	0	0	0	297.846	-5.22782e-13	296.532	3.162e-10	4.6195e-11	0	36	1182272.3	1182272.3
5.767	20.048754	-36.4623	13.1678	0	0	0	86504843	2	0	0	0	296.49584	20.052365	3.205542e-10	4.682832e-11	-1790.667	7.7091023e+08	23895041	2.0122525	3.7938142	1.9359114	179	12	58	80	3	6	0	0	0	16.997457	0	5.7660047	0	0	0	0	0	0	297.846	-5.22782e-13	296.499	3.1895e-10	4.6667e-11	0	27	1198327.1	1198327.1
5.7675	20.046944	-36.4655	13.1676	0	0	0	86504847	2	0	0	0	296.46554	20.049865	3.181064e-10	4.585843e-11	-1790.667	7.7091023e+08	23400267	2.0118186	3.7910218	1.9355501	177	18	62	70	3	3	0	0	0	16.997457	0	5.7666941	0	0	0	0	0	0	297.846	-5.22782e-13	296.47	3.1883e-10	4.62421e-11	0	35	1189094.5	1189094.5
5.768	20.045129	-36.4686	13.1675	0	0	0	86504851	2	0	0	0	298.26684	20.047365	3.274749e-10	4.714451e-11	-1790.667	7.7091023e+08	24056653	2.011865	2.4562126	1.9624493	162	14	53	65	1	2	0	0	0	16.997457	0	5.7673836	0	0	0	0	0	0	297.846	-5.22782e-13	296.447	3.24027e-10	4.70486e-11	0	23	1224029.9	1224029.9
5.7685	20.043319	-36.4718	13.1673	0	0	0	86504854	2	0	0	0	298.23265	20.047365	3.277449e-10	4.652989e-11	-1790.667	7.7091023e+08	23743162	2.0121904	3.7525355	1.9366822	183	17	70	61	3	3	0	0	0	16.997457	0	5.7673836	0	0	0	0	0	0	297.846	-5.22782e-13	298.246	3.25441e-10	4.68834e-11	0	47	1224954.6	1224954.6
5.769	20.041504	-36.475	13.1671	0	0	0	86504858	2	0	0	0	298.20935	20.044865	3.242846e-10	4.789413e-11	-1790.667	7.7091023e+08	24439441	2.0120173	3.274946	1.9461248	179	22	59	70	0	0	0	0	0	16.997457	0	5.7680733	0	0	0	0	0	0	297.846	-5.22782e-13	298.213	3.289e-10	4.78506e-11	0	40	1211938	1211938
5.7695	20.039694	-36.4781	13.167	0	0	0	86504862	2	0	0	0	298.17666	20.042365	3.265583e-10	4.759215e-11	-1790.667	7.7091023e+08	24285484	2.0118803	2.699246	1.9575747	185	17	62	76	1	1	0	0	0	16.997457	0	5.7687632	0	0	0	0	0	0	297.846	-5.22782e-13	298.181	3.2977e-10	4.75264e-11	0	27	1220351.3	1220351.3
5.77	20.037884	-36.4813	13.1668	0	0	0	86504866	2	0	0	0	298.1471	20.039865	3.335217e-10	4.804335e-11	-1790.667	7.7091023e+08	24515864	2.0122333	3.190469	1.9480336	185	11	75	70	5	5	0	0	0	16.997457	0	5.7694533	0	0	0	0	0	0	297.846	-5.22782e-13	298.158	3.31558e-10	4.77804e-11	0	36	1246287.6	1246287.6
5.7705	20.036074	-36.4844	13.1666	0	0	0	86504869	2	0	0	0	298.1156	20.039865	3.429506e-10	4.818901e-11	-1790.667	7.7091023e+08	24590332	2.0122272	4.4383537	1.9229174	197	22	74	60	1	1	0	0	0	16.997457	0	5.7694533	0	0	0	0	0	0	297.846	-5.22782e-13	298.127	3.29726e-10	4.7776e-11	0	31	1281432.7	1281432.7
5.771	20.034264	-36.4876	13.1665	0	0	0	86504873	2	0	0	0	298.09321	20.037365	3.332552e-10	4.747491e-11	-1790.667	7.7091023e+08	24226073	2.0118989	4.2969635	1.9254483	204	26	77	70	3	3	0	0	0	16.997457	0	5.7701435	0	0	0	0	0	0	297.846	-5.22782e-13	298.096	3.29978e-10	4.73976e-11	0	36	1245120	1245120
5.7715	20.032454	-36.4908	13.1663	0	0	0	86504877	2	0	0	0	298.0626	20.034865	3.324843e-10	4.727241e-11	-1790.667	7.7091023e+08	24122878	2.0121008	0.58385942	2.000353	193	24	79	61	4	4	0	0	0	16.997457	0	5.7708339	0	0	0	0	0	0	297.846	-5.22782e-13	298.067	3.34705e-10	4.77938e-11	0	33	1242154.1	1242154.1
5.772	20.030644	-36.4939	13.1661	0	0	0	86504881	2	0	0	0	298.03009	20.034865	3.212577e-10	4.682832e-11	-1790.667	7.7091023e+08	23896398	2.0121027	4.6114385	1.9193158	166	10	60	62	2	2	0	0	0	16.997457	0	5.7708339	0	0	0	0	0	0	297.846	-5.22782e-13	298.035	3.23224e-10	4.77201e-11	0	32	1200129	1200129
5.7725	20.028834	-36.4971	13.166	0	0	0	86504885	2	0	0	0	298.0016	20.032365	3.356107e-10	4.733636e-11	-1790.667	7.7091023e+08	24155790	2.0118755	2.5463365	1.9606464	195	21	70	75	4	4	0	0	0	16.997457	0	5.7715245	0	0	0	0	0	0	297.846	-5.22782e-13	298.008	3.32922e-10	4.70912e-11	0	36	1253661.4	1253661.4
5.773	20.027024	-36.5003	13.1658	0	0	0	86504888	2	0	0	0	297.96926	20.029865	3.295533e-10	4.638778e-11	-1790.667	7.7091023e+08	23671865	2.0118973	3.9107046	1.9332179	172	16	63	59	0	1	0	0	0	16.997457	0	5.7722153	0	0	0	0	0	0	297.846	-5.22782e-13	297.981	3.30189e-10	4.71516e-11	0	26	1230949.4	1230949.4
5.7735	20.025214	-36.5034	13.1656	0	0	0	86504892	2	0	0	0	297.94413	20.027365	3.271694e-10	4.756373e-11	-1790.667	7.7091023e+08	24272098	2.0122835	4.8029971	1.9156336	180	18	73	59	6	8	0	0	0	16.997457	0	5.7729063	0	0	0	0	0	0	297.846	-5.22782e-13	297.949	3.33063e-10	4.78178e-11	0	34	1221960.8	1221960.8
5.774	20.023409	-36.5066	13.1655	0	0	0	86504896	2	0	0	0	297.91231	20.027365	3.267608e-10	4.688161e-11	-1790.667	7.7091023e+08	23924147	2.0122704	3.149859	1.9488867	156	21	61	43	6	7	0	0	0	16.997457	0	5.7729063	0	0	0	0	0	0	297.846	-5.22782e-13	297.917	3.33175e-10	4.75353e-11	0	35	1220350.5	1220350.5
5.7745	20.021599	-36.5097	13.1653	0	0	0	86504900	2	0	0	0	297.88175	20.024865	3.34115e-10	4.791545e-11	-1790.667	7.7091023e+08	24451869	2.0121011	2.8429585	1.9548979	175	22	51	69	4	6	0	0	0	16.997457	0	5.7735974	0	0	0	0	0	0	297.846	-5.22782e-13	297.894	3.33091e-10	4.76064e-11	0	34	1247730.2	1247730.2
5.775	20.019794	-36.5129	13.1651	0	0	0	86504903	2	0	0	0	297.8602	20.022365	2.27363e-10	4.710898e-11	-1790.667	7.7091023e+08	24040457	2.011944	5.1856553	1.9076115	204	19	84	67	2	4	0	0	0	16.997457	0	5.7742887	0	0	0	0	0	0	297.846	-5.22782e-13	297.864	3.35555e-10	4.79563e-11	0	32	849013.44	849013.44
5.7755	20.017984	-36.5161	13.165	0	0	0	86504907	2	0	0	0	297.82924	20.019865	3.254002e-10	4.704148e-11	-1790.667	7.7091023e+08	24006152	2.0120902	5.7562746	1.8962688	197	25	59	71	6	7	0	0	0	16.997457	0	5.7749802	0	0	0	0	0	0	297.846	-5.22782e-13	297.832	3.30168e-10	4.73364e-11	0	25	1215017.9	1215017.9
5.776	20.016179	-36.5192	13.1648	0	0	0	86504911	2	0	0	0	297.79848	20.019865	3.282175e-10	4.753886e-11	-1790.667	7.7091023e+08	24260117	2.0118022	2.357003	1.964384	211	13	86	77	4	4	0	0	0	16.997457	0	5.7749802	0	0	0	0	0	0	297.846	-5.22782e-13	297.806	3.29476e-10	4.73257e-11	0	29	1225453	1225453
5.7765	20.014374	-36.5224	13.1647	0	0	0	86504915	2	0	0	0	297.76777	20.017365	3.421441e-10	4.799006e-11	-1790.667	7.7091023e+08	24490519	2.0118403	3.5523933	1.9403718	192	23	69	72	3	4	0	0	0	16.997457	0	5.7756718	0	0	0	0	0	0	297.846	-5.22782e-13	297.779	3.32027e-10	4.7522e-11	0	44	1277362.1	1277362.1
5.777	20.012564	-36.5255	13.1645	0	0	0	86504918	2	0	0	0	297.74273	20.014865	3.313794e-10	4.735412e-11	-1790.667	7.7091023e+08	24166126	2.011832	5.6496487	1.8981706	184	20	78	54	1	2	0	0	0	16.997457	0	5.7763636	0	0	0	0	0	0	297.846	-5.22782e-13	297.747	3.29841e-10	4.7438e-11	0	41	1237087.9	1237087.9
5.7775	20.010759	-36.5287	13.1643	0	0	0	86504922	2	0	0	0	297.71118	20.014865	3.346301e-10	4.743228e-11	-1790.667	7.7091023e+08	24206157	2.0119427	2.8450432	1.9547021	174	13	70	62	2	2	0	0	0	16.997457	0	5.7763636	0	0	0	0	0	0	297.846	-5.22782e-13	297.715	3.29289e-10	4.71729e-11	0	38	1249137.2	1249137.2
5.778	20.008954	-36.5319	13.1642	0	0	0	86504926	2	0	0	0	297.68158	20.012365	3.430323e-10	4.845546e-11	-1790.667	7.7091023e+08	24728465	2.0119293	2.4970579	1.9616902	199	16	73	77	5	6	0	0	0	16.997457	0	5.7770556	0	0	0	0	0	0	297.846	-5.22782e-13	297.689	3.31016e-10	4.74607e-11	0	46	1280413.5	1280413.5
5.7785	20.007149	-36.535	13.164	0	0	0	86504930	2	0	0	0	297.65026	20.009865	3.352341e-10	4.710898e-11	-1790.667	7.7091023e+08	24041454	2.0118058	4.2751642	1.9257978	180	17	72	63	2	2	0	0	0	16.997457	0	5.7777478	0	0	0	0	0	0	297.846	-5.22782e-13	297.661	3.3446e-10	4.73577e-11	0	20	1251219.4	1251219.4
5.779	20.005344	-36.5382	13.1638	0	0	0	86504933	2	0	0	0	297.62626	20.007365	3.402292e-10	4.749623e-11	-1790.667	7.7091023e+08	24239228	2.0118413	2.3570527	1.9644211	208	16	82	71	3	3	1	0	0	16.997457	0	5.7784402	0	0	0	0	0	0	297.846	-5.22782e-13	297.631	3.39059e-10	4.75204e-11	0	29	1269775.5	1269775.5
5.7795	20.003539	-36.5414	13.1637	0	0	0	86504938	2	0	0	0	297.58631	20.007365	3.370104e-10	4.772716e-11	-1790.667	7.7091023e+08	24357227	2.012064	6.8035689	1.8751718	166	18	56	53	4	5	0	0	0	16.997457	0	5.7784402	0	0	0	0	0	0	297.846	-5.22782e-13	297.601	3.36495e-10	4.74758e-11	0	44	1257676	1257676
5.78	20.001734	-36.5445	13.1635	0	0	0	86504942	2	0	0	0	297.55682	20.004865	3.395897e-10	4.751399e-11	-1790.667	7.7091023e+08	24248583	2.0122698	4.5692641	1.9203238	191	12	83	65	3	4	0	0	0	16.997457	0	5.7791327	0	0	0	0	0	0	297.846	-5.22782e-13	297.569	3.35495e-10	4.75469e-11	0	21	1267214.3	1267214.3
5.7805	19.999929	-36.5477	13.1633	0	0	0	86504945	2	0	0	0	297.53456	20.002365	3.403962e-10	4.754597e-11	-1790.667	7.7091023e+08	24265050	2.0120496	7.1630361	1.8679258	153	13	60	55	4	6	0	0	0	16.997457	0	5.7798254	0	0	0	0	0	0	297.846	-5.22782e-13	297.538	3.38615e-10	4.77939e-11	0	41	1270136.3	1270136.3
5.781	19.998129	-36.5508	13.1632	0	0	0	86504949	2	0	0	0	297.5051	20.002365	3.382965e-10	4.844836e-11	-1790.667	7.7091023e+08	24725734	2.0121072	4.4150968	1.9232707	197	22	66	72	0	0	0	0	0	16.997457	0	5.7798254	0	0	0	0	0	0	297.846	-5.22782e-13	297.509	3.41568e-10	4.8213e-11	0	32	1262214.7	1262214.7
5.7815	19.996324	-36.554	13.163	0	0	0	86504953	2	0	0	0	297.47252	19.999865	3.373799e-10	4.814993e-11	-1790.667	7.7091023e+08	24573579	2.0121606	3.5666019	1.9403949	192	21	70	56	5	6	0	0	0	16.997457	0	5.7805183	0	0	0	0	0	0	297.846	-5.22782e-13	297.48	3.41397e-10	4.85922e-11	0	32	1258708.1	1258708.1
5.782	19.994519	-36.5572	13.1628	0	0	0	86504957	2	0	0	0	297.44169	19.997365	3.413163e-10	4.828138e-11	-1790.667	7.7091023e+08	24640815	2.0119734	4.436146	1.9227194	196	21	71	59	4	4	0	0	0	16.997457	0	5.7812114	0	0	0	0	0	0	297.846	-5.22782e-13	297.452	3.43915e-10	4.8404e-11	0	49	1273306.4	1273306.4
5.7825	19.992719	-36.5603	13.1627	0	0	0	86504960	2	0	0	0	297.41906	19.994865	3.356e-10	4.820677e-11	-1790.667	7.7091023e+08	24602888	2.0122166	4.4884074	1.9219002	170	17	53	69	3	5	0	0	0	16.997457	0	5.7819047	0	0	0	0	0	0	297.846	-5.22782e-13	297.423	3.38687e-10	4.80291e-11	0	39	1251895.1	1251895.1
5.783	19.990914	-36.5635	13.1625	0	0	0	86504964	2	0	0	0	297.38809	19.994865	3.349605e-10	4.762768e-11	-1790.667	7.7091023e+08	24307491	2.012185	3.2756591	1.9462726	180	12	68	73	3	4	0	0	0	16.997457	0	5.7819047	0	0	0	0	0	0	297.846	-5.22782e-13	297.391	3.42692e-10	4.82254e-11	0	19	1249423.5	1249423.5
5.7835	19.989114	-36.5666	13.1623	0	0	0	86504968	2	0	0	0	297.35456	19.992365	3.450928e-10	4.865441e-11	-1790.667	7.7091023e+08	24831651	2.0121574	2.8148573	1.9555181	175	21	66	63	2	2	0	0	0	16.997457	0	5.7825981	0	0	0	0	0	0	297.846	-5.22782e-13	297.367	3.411e-10	4.81775e-11	0	40	1287129	1287129
5.784	19.987314	-36.5698	13.1622	0	0	0	86504972	2	0	0	0	297.32538	19.989865	3.534595e-10	4.888889e-11	-1790.667	7.7091023e+08	24951476	2.0121546	4.1994229	1.9276557	207	23	77	68	1	2	0	0	0	16.997457	0	5.7832917	0	0	0	0	0	0	297.846	-5.22782e-13	297.337	3.40719e-10	4.7673e-11	0	44	1318244.4	1318244.4
5.7845	19.985509	-36.573	13.162	0	0	0	86504975	2	0	0	0	297.30165	19.987365	3.372307e-10	4.722622e-11	-1790.667	7.7091023e+08	24103046	2.012103	4.1279635	1.9290442	187	21	71	59	3	3	0	0	0	16.997457	0	5.7839855	0	0	0	0	0	0	297.846	-5.22782e-13	297.305	3.46469e-10	4.83738e-11	0	37	1257631.7	1257631.7
5.785	19.983709	-36.5761	13.1619	0	0	0	86504979	2	0	0	0	297.27035	19.987365	3.372342e-10	4.744294e-11	-1790.667	7.7091023e+08	24213804	2.0120154	2.9952058	1.9517514	198	20	91	53	3	4	0	0	0	16.997457	0	5.7839855	0	0	0	0	0	0	297.846	-5.22782e-13	297.274	3.39991e-10	4.75744e-11	0	41	1257558.2	1257558.2
5.7855	19.981909	-36.5793	13.1617	0	0	0	86504983	2	0	0	0	297.23901	19.984865	3.375433e-10	4.717293e-11	-1790.667	7.7091023e+08	24076147	2.012159	5.0923211	1.9096934	169	15	58	63	2	2	0	0	0	16.997457	0	5.7846794	0	0	0	0	0	0	297.846	-5.22782e-13	297.251	3.4035e-10	4.78026e-11	0	34	1258624.2	1258624.2
5.786	19.980109	-36.5824	13.1615	0	0	0	86504986	2	0	0	0	297.2086	19.982365	3.423395e-10	4.828493e-11	-1790.667	7.7091023e+08	24643843	2.0119389	5.7815991	1.8956166	197	19	79	69	2	2	0	0	0	16.997457	0	5.7853736	0	0	0	0	0	0	297.846	-5.22782e-13	297.22	3.40757e-10	4.79581e-11	0	30	1276420.3	1276420.3
5.7865	19.978309	-36.5856	13.1614	0	0	0	86504990	2	0	0	0	297.18575	19.982365	3.369074e-10	4.748912e-11	-1790.667	7.7091023e+08	24237826	2.0119648	4.1816239	1.927832	162	11	65	55	5	6	0	0	0	16.997457	0	5.7853736	0	0	0	0	0	0	297.846	-5.22782e-13	297.19	3.37834e-10	4.75637e-11	0	26	1256080.1	1256080.1
5.787	19.976509	-36.5888	13.1612	0	0	0	86504994	2	0	0	0	297.15468	19.979865	3.310632e-10	4.935075e-11	-1790.667	7.7091023e+08	25188135	2.0119027	4.3451326	1.9244829	178	16	76	54	2	2	0	0	0	16.997457	0	5.7860679	0	0	0	0	0	0	297.846	-5.22782e-13	297.159	3.38268e-10	4.81748e-11	0	30	1234206.5	1234206.5
5.7875	19.974709	-36.5919	13.161	0	0	0	86504998	2	0	0	0	297.12569	19.977365	3.346905e-10	4.75282e-11	-1790.667	7.7091023e+08	24258076	2.0121168	1.5687837	1.980551	196	18	65	83	3	4	0	0	0	16.997457	0	5.7867624	0	0	0	0	0	0	297.846	-5.22782e-13	297.135	3.38186e-10	4.78329e-11	0	38	1247643.2	1247643.2
5.788	19.972909	-36.5951	13.1609	0	0	0	86505002	2	0	0	0	297.09384	19.974865	3.344489e-10	4.757084e-11	-1790.667	7.7091023e+08	24279992	2.0118445	7.8922204	1.8530653	152	21	50	55	3	4	0	0	0	16.997457	0	5.787457	0	0	0	0	0	0	297.846	-5.22782e-13	297.098	3.3693e-10	4.75104e-11	0	36	1246656.8	1246656.8
5.7885	19.971114	-36.5983	13.1607	0	0	0	86505006	2	0	0	0	297.06313	19.974865	3.372271e-10	4.75211e-11	-1790.667	7.7091023e+08	24254758	2.0118291	1.5676083	1.9802915	197	12	67	74	4	4	0	0	0	16.997457	0	5.787457	0	0	0	0	0	0	297.846	-5.22782e-13	297.071	3.37207e-10	4.76597e-11	0	13	1256926	1256926
5.789	19.969314	-36.6014	13.1605	0	0	0	86505010	2	0	0	0	297.03041	19.972365	3.468124e-10	4.854073e-11	-1790.667	7.7091023e+08	24775334	2.0120544	3.0555834	1.9505744	192	24	64	73	2	2	0	0	0	16.997457	0	5.7881519	0	0	0	0	0	0	297.846	-5.22782e-13	297.044	3.37312e-10	4.78027e-11	0	31	1292563.8	1292563.8
5.7895	19.967514	-36.6046	13.1604	0	0	0	86505013	2	0	0	0	297.0079	19.969865	3.357208e-10	4.796519e-11	-1790.667	7.7091023e+08	24481732	2.0119866	4.2129268	1.927223	184	21	56	65	2	3	0	0	0	16.997457	0	5.7888469	0	0	0	0	0	0	297.846	-5.22782e-13	297.011	3.3729e-10	4.79098e-11	0	22	1251139.5	1251139.5
5.79	19.965719	-36.6077	13.1602	0	0	0	86505017	2	0	0	0	296.97819	19.969865	3.340261e-10	4.773781e-11	-1790.667	7.7091023e+08	24365830	2.0121626	4.1722911	1.9282093	186	21	65	62	5	5	0	0	0	16.997457	0	5.7888469	0	0	0	0	0	0	297.846	-5.22782e-13	296.982	3.38356e-10	4.7562e-11	0	27	1244738.2	1244738.2
5.7905	19.963919	-36.6109	13.1601	0	0	0	86505021	2	0	0	0	296.94741	19.967365	3.442651e-10	4.790834e-11	-1790.667	7.7091023e+08	24453026	2.0119517	3.8771508	1.9339453	201	11	89	61	1	1	0	0	0	16.997457	0	5.7895421	0	0	0	0	0	0	297.846	-5.22782e-13	296.954	3.41428e-10	4.80345e-11	0	37	1282805.2	1282805.2
5.791	19.962124	-36.6141	13.1599	0	0	0	86505025	2	0	0	0	296.91553	19.964865	3.555094e-10	4.881073e-11	-1790.667	7.7091023e+08	24913777	2.0118022	2.724737	1.9569859	183	20	57	71	5	7	0	0	0	16.997457	0	5.7902375	0	0	0	0	0	0	297.846	-5.22782e-13	296.928	3.41392e-10	4.79306e-11	0	38	1324612.8	1324612.8
5.7915	19.960329	-36.6172	13.1597	0	0	0	86505028	2	0	0	0	296.89083	19.962365	3.370566e-10	4.77911e-11	-1790.667	7.7091023e+08	24393498	2.0121901	4.0294404	1.9311101	192	10	46	87	3	7	0	0	0	16.997457	0	5.790933	0	0	0	0	0	0	297.846	-5.22782e-13	296.895	3.44016e-10	4.85549e-11	0	36	1255772	1255772
5.792	19.958529	-36.6204	13.1596	0	0	0	86505032	2	0	0	0	296.86218	19.962365	3.367369e-10	4.751399e-11	-1790.667	7.7091023e+08	24252212	2.0121366	4.7009929	1.9175462	204	14	83	75	0	3	0	0	0	16.997457	0	5.790933	0	0	0	0	0	0	297.846	-5.22782e-13	296.866	3.40612e-10	4.78053e-11	0	43	1254494.6	1254494.6
5.7925	19.956734	-36.6235	13.1594	0	0	0	86505036	2	0	0	0	296.83172	19.959865	3.470575e-10	4.930456e-11	-1790.667	7.7091023e+08	25166321	2.0121424	3.0565789	1.9506397	194	19	76	65	1	1	0	0	0	16.997457	0	5.7916288	0	0	0	0	0	0	297.846	-5.22782e-13	296.844	3.09045e-10	5.27018e-11	0	23	1292854.5	1292854.5
5.793	19.954939	-36.6267	13.1592	0	0	0	86505040	2	0	0	0	296.80169	19.957365	3.464322e-10	4.867218e-11	-1790.667	7.7091023e+08	24843699	2.0120323	2.1988673	1.9677904	183	13	71	55	1	4	0	0	0	16.997457	0	5.7923247	0	0	0	0	0	0	297.846	-5.22782e-13	296.812	3.45523e-10	4.81828e-11	0	35	1290436.4	1290436.4
5.7935	19.953144	-36.6299	13.1591	0	0	0	86505043	2	0	0	0	296.77572	19.956486	3.38769e-10	4.777689e-11	-1790.667	7.7091023e+08	24386874	2.011913	3.1310142	1.9489197	220	22	73	88	4	6	0	0	0	16.997457	0	5.7925694	0	0	0	0	0	0	297.846	-5.22782e-13	296.781	3.41644e-10	4.78373e-11	0	38	1261804.7	1261804.7
5.794	19.951349	-36.633	13.1589	0	0	0	86505047	2	0	0	0	296.74689	19.954865	3.369784e-10	4.745004e-11	-1790.667	7.7091023e+08	24220197	2.0121827	2.1848672	1.9682192	182	16	61	62	4	5	0	0	0	16.997457	0	5.7930208	0	0	0	0	0	0	297.846	-5.22782e-13	296.751	3.42091e-10	4.7554e-11	0	51	1255049	1255049
5.7945	19.949554	-36.6362	13.1587	0	0	0	86505051	2	0	0	0	296.71689	19.952365	3.448122e-10	4.764544e-11	-1790.667	7.7091023e+08	24320094	2.0122707	4.5908097	1.9198912	188	17	65	73	3	3	0	0	0	16.997457	0	5.793717	0	0	0	0	0	0	297.846	-5.22782e-13	296.728	3.39727e-10	4.72369e-11	0	38	1284137.1	1284137.1
5.795	19.947759	-36.6394	13.1586	0	0	0	86505054	2	0	0	0	296.68563	19.949963	3.416254e-10	4.67395e-11	-1790.667	7.7091023e+08	23857823	2.0119286	3.625735	1.9389814	190	18	79	55	1	1	0	0	0	16.997457	0	5.7943863	0	0	0	0	0	0	297.846	-5.22782e-13	296.697	3.42101e-10	4.70157e-11	0	21	1272181.4	1272181.4
5.7955	19.945964	-36.6425	13.1584	0	0	0	86505059	2	0	0	0	296.65434	19.949963	3.49921e-10	4.811085e-11	-1790.667	7.7091023e+08	24557979	2.0121683	2.6978578	1.9578829	185	27	61	65	6	9	0	0	0	16.997457	0	5.7943863	0	0	0	0	0	0	297.846	-5.22782e-13	296.665	3.40892e-10	4.69839e-11	0	26	1302983.9	1302983.9
5.796	19.944174	-36.6457	13.1583	0	0	0	86505062	2	0	0	0	296.63147	19.947463	3.391527e-10	4.684608e-11	-1790.667	7.7091023e+08	23912539	2.0121293	4.3849588	1.9238982	153	11	49	60	4	5	0	0	0	16.997457	0	5.7950829	0	0	0	0	0	0	297.846	-5.22782e-13	296.635	3.37121e-10	4.6829e-11	0	35	1262799.6	1262799.6
5.7965	19.942379	-36.6488	13.1581	0	0	0	86505066	2	0	0	0	296.59975	19.944963	3.399059e-10	4.70628e-11	-1790.667	7.7091023e+08	24023322	2.0121501	1.8420733	1.9750848	166	15	62	61	1	1	1	0	0	16.997457	0	5.7957797	0	0	0	0	0	0	297.846	-5.22782e-13	296.604	3.40834e-10	4.70797e-11	0	33	1265517.1	1265517.1
5.797	19.940584	-36.652	13.1579	0	0	0	86505070	2	0	0	0	296.57162	19.942463	3.487557e-10	4.737188e-11	-1790.667	7.7091023e+08	24181252	2.011831	5.0191253	1.9108547	190	26	69	56	2	3	0	0	0	16.997457	0	5.7964767	0	0	0	0	0	0	297.846	-5.22782e-13	296.581	3.42938e-10	4.71907e-11	0	31	1298376.9	1298376.9
5.7975	19.938794	-36.6552	13.1578	0	0	0	86505074	2	0	0	0	296.5391	19.942463	3.49992e-10	4.834888e-11	-1790.667	7.7091023e+08	24680131	2.011785	6.2821187	1.8854022	178	12	60	71	3	3	0	0	0	16.997457	0	5.7964767	0	0	0	0	0	0	297.846	-5.22782e-13	296.552	3.38279e-10	4.68727e-11	0	31	1302889.9	1302889.9
