# Scan number: 43
# Command: ascan cr2ropi 0.100302 0.104302 20 1
# Date: Thu Jul 25 23:03:46 2024
# date: Thu Jul 25 23:03:46 2024
cr2ropi	H	K	L	Epoch	sec	no1	no2	izero	RCur	enc_det	K1_1	K1_2	"Counter 8"	"Counter 9"	ionch1	mcaRt	mcaDt	mcaLt	mca	roi1	roi2	roi3	roi4	roi5	roi6	ctm	ctran	LST1	LST2	E_det	mcaLt1	mcaLt2	mcaLt3	mcaLt4	mcaLt5	mcaLt6	mcaLt7	mcaLt8	AS_RC	AS_DM	AS_IC	AS_IC1	cyber	diode1	diode1
0.10030124	0	0	0	86511316	1	0	0	0	297.25958	20.212365	-1.065814e-14	6.679102e-13	-1790.667	7.7091023e+08	340668.24	1.0121421	0.054537798	1.0115901	0	0	0	0	0	0	0	0	0	16.997457	0	5.7222482	0	0	0	0	0	0	297.846	-5.22782e-13	297.267	-2.25597e-13	6.83305e-13	0	22	-40.086536	-40.086536
0.10050683	0	0	0	86511318	1	0	0	0	297.24343	20.212365	1.065814e-14	9.912071e-13	-1790.667	7.7091023e+08	505566.13	1.0120666	0.056850016	1.0114912	3	0	3	0	0	0	0	0	0	16.997457	0	5.7222482	0	0	0	0	0	0	297.846	-5.22782e-13	297.251	-9.9476e-14	9.62785e-13	0	21	40.086536	40.086536
0.10069872	0	0	0	86511320	1	0	0	0	297.22894	20.212365	3.907985e-14	1.463718e-12	-1790.667	7.7091023e+08	746570.77	1.0121747	0.053872122	1.0116294	0	0	0	0	0	0	0	0	0	16.997457	0	5.7222482	0	0	0	0	0	0	297.846	-5.22782e-13	297.229	7.63833e-14	1.48148e-12	0	16	146.98398	146.98398
0.10090431	0	0	0	86511322	1	0	0	0	297.2147	20.212365	3.730349e-13	2.131628e-12	-1790.667	7.7091023e+08	1087238.9	1.0122826	0.055225687	1.0117235	3	0	3	0	0	0	0	0	0	16.997457	0	5.7222482	0	0	0	0	0	0	297.846	-5.22782e-13	297.215	2.22045e-13	2.07478e-12	0	18	1403.0288	1403.0288
0.10109619	0	0	0	86511324	1	0	0	0	297.20005	20.212365	4.298784e-13	3.211653e-12	-1790.667	7.7091023e+08	1638106.7	1.0122685	0.055795474	1.0117037	4	0	4	0	0	0	0	0	0	16.997457	0	5.7222482	0	0	0	0	0	0	297.846	-5.22782e-13	297.2	4.25141e-13	3.19922e-12	0	23	1616.824	1616.824
0.10130179	0	0	0	86511326	1	0	0	0	297.18388	20.212365	8.455459e-13	4.945377e-12	-1790.667	7.7091023e+08	2522394.3	1.0118131	0.055472694	1.0112518	4	0	4	0	0	0	0	0	0	16.997457	0	5.7222482	0	0	0	0	0	0	297.846	-5.22782e-13	297.184	7.19425e-13	4.90097e-12	0	12	3180.199	3180.199
0.10150738	0	0	0	86511329	1	0	0	0	297.16249	20.212365	1.303846e-12	6.714629e-12	-1790.667	7.7091023e+08	3424803	1.0118294	0.055376922	1.0112691	3	0	3	0	0	0	0	0	0	16.997457	0	5.7222482	0	0	0	0	0	0	297.846	-5.22782e-13	297.17	1.36247e-12	6.67733e-12	0	20	4903.9204	4903.9204
0.10169926	0	0	0	86511331	1	0	0	0	297.14792	20.212365	2.465583e-12	9.016787e-12	-1790.667	7.7091023e+08	4599020.9	1.012184	20.045557	0.80928608	4	0	4	0	0	0	0	0	0	16.997457	0	5.7222482	0	0	0	0	0	0	297.846	-5.22782e-13	297.152	2.33236e-12	8.96172e-12	0	20	9273.3519	9273.3519
0.10190485	0	0	0	86511333	1	0	0	0	297.1332	20.212365	6.281198e-12	1.186606e-11	-1790.667	7.7091023e+08	6052295.3	1.0118205	0.058793038	1.0112256	13	2	10	0	0	0	0	0	0	16.997457	0	5.7222482	0	0	0	0	0	0	297.846	-5.22782e-13	297.133	6.27054e-12	1.1782e-11	0	18	23624.335	23624.335
0.10209674	0	0	0	86511335	1	0	0	0	297.11831	20.212365	1.08507e-10	1.546852e-11	-1790.667	7.7091023e+08	7889733.5	1.011992	9.579554	0.91504768	19	0	4	13	0	0	0	0	0	16.997457	0	5.7222482	0	0	0	0	0	0	297.846	-5.22782e-13	297.118	1.08228e-10	1.53779e-11	0	12	408107.78	408107.78
0.10230233	0	0	0	86511346	1	0	0	0	297.03775	20.212365	1.818492e-10	2.686207e-11	-1790.667	7.7091023e+08	13701025	1.0118352	5.06726	0.96056288	38	0	12	21	1	1	0	0	0	16.997457	0	5.7222482	0	0	0	0	0	0	297.846	-5.22782e-13	297.104	1.84567e-10	2.60272e-11	0	13	683956.54	683956.54
0.10250792	0	0	0	86511348	1	0	0	0	297.01731	20.212365	7.45537e-11	6.568257e-11	-1790.667	7.7091023e+08	33501458	1.0119776	2.1996692	0.98971744	46	1	32	5	1	1	0	0	0	16.997457	0	5.7222482	0	0	0	0	0	0	297.846	-5.22782e-13	297.021	7.28821e-11	6.44196e-11	0	27	280405.36	280405.36
0.10269981	0	0	0	86511351	1	0	0	0	296.99994	20.212365	6.822631e-11	1.676099e-10	-1790.667	7.7091023e+08	85489590	1.0122202	4.6196748	0.96545888	105	8	88	2	0	0	0	0	0	16.997457	0	5.7222482	0	0	0	0	0	0	297.846	-5.22782e-13	297.01	6.8674e-11	1.56438e-10	0	16	256607.29	256607.29
0.1029054	0	0	0	86511353	1	0	0	0	296.98642	20.212365	1.074056e-10	3.750493e-10	-1790.667	7.7091023e+08	1.9129425e+08	1.0121462	2.8631436	0.98316704	248	9	211	5	0	0	0	0	0	16.997457	0	5.7222482	0	0	0	0	0	0	297.846	-5.22782e-13	296.992	1.07246e-10	3.73335e-10	0	13	403965.28	403965.28
0.10309728	0	0	0	86511355	1	0	0	0	296.97058	20.212365	1.464215e-10	5.385203e-10	-1790.667	7.7091023e+08	2.746728e+08	1.0121862	3.4238758	0.97753024	388	29	332	2	0	0	0	0	0	16.997457	0	5.7222482	0	0	0	0	0	0	297.846	-5.22782e-13	296.971	1.42141e-10	5.35787e-10	0	12	550708.73	550708.73
0.10330288	0	0	0	86511357	1	0	0	0	296.95528	20.212365	1.708393e-10	6.257252e-10	-1790.667	7.7091023e+08	3.1915174e+08	1.0118362	3.3559267	0.97787968	430	40	353	6	1	1	0	0	0	16.997457	0	5.7222482	0	0	0	0	0	0	297.846	-5.22782e-13	296.955	1.71312e-10	6.26171e-10	0	12	642546.99	642546.99
0.10350847	0	0	0	86511359	1	0	0	0	296.94079	20.212365	1.476224e-10	5.104894e-10	-1790.667	7.7091023e+08	2.6037561e+08	1.0118506	3.215463	0.97931488	316	26	275	1	0	0	0	0	0	16.997457	0	5.7222482	0	0	0	0	0	0	297.846	-5.22782e-13	296.941	1.47145e-10	5.1245e-10	0	6	555225.46	555225.46
0.10370035	0	0	0	86511361	1	0	0	0	296.92723	20.212365	1.036753e-10	3.452136e-10	-1790.667	7.7091023e+08	1.7607653e+08	1.0122589	2.4736755	0.98721888	206	12	176	3	0	0	0	0	0	16.997457	0	5.7222482	0	0	0	0	0	0	297.846	-5.22782e-13	296.927	1.03295e-10	3.47878e-10	0	18	389935.18	389935.18
0.10390594	0	0	0	86511364	1	0	0	0	296.90497	20.212365	5.377032e-11	1.712195e-10	-1790.667	7.7091023e+08	87330670	1.0121069	3.6751534	0.9749104	134	10	112	2	0	0	0	0	0	16.997457	0	5.7222482	0	0	0	0	0	0	297.846	-5.22782e-13	296.913	5.44684e-11	1.86401e-10	0	15	202236.59	202236.59
0.10409783	0	0	0	86511366	1	0	0	0	296.89202	20.212365	2.515677e-11	7.882761e-11	-1790.667	7.7091023e+08	40206098	1.0119485	1.6816666	0.99493088	61	5	48	3	0	0	0	0	0	16.997457	0	5.7222482	0	0	0	0	0	0	297.846	-5.22782e-13	296.898	2.50964e-11	7.9222e-11	0	15	94617.614	94617.614
0.10430342	0	0	0	86511368	1	0	0	0	296.87797	20.212365	1.152856e-11	3.445777e-11	-1790.667	7.7091023e+08	17575219	1.0121475	0.065856013	1.011481	31	1	26	1	0	0	0	0	0	16.997457	0	5.7222482	0	0	0	0	0	0	297.846	-5.22782e-13	296.878	1.16902e-11	3.46638e-11	0	25	43360.29	43360.29
