# Scan number: 50
# Command: ascan monoE 5.703 5.803 200 2
# Date: Thu Jul 25 23:40:29 2024
# date: Thu Jul 25 23:40:29 2024
# C Thu Jul 25 23: 54:54 2024.  do ./2023-07_EXAFS.mac.
monoE	monobr	cr2latr	cr2vetr	H	K	L	Epoch	sec	no1	no2	izero	RCur	enc_det	K1_1	K1_2	"Counter 8"	"Counter 9"	ionch1	mcaRt	mcaDt	mcaLt	mca	roi1	roi2	roi3	roi4	roi5	roi6	ctm	ctran	LST1	LST2	E_det	mcaLt1	mcaLt2	mcaLt3	mcaLt4	mcaLt5	mcaLt6	mcaLt7	mcaLt8	AS_RC	AS_DM	AS_IC	AS_IC1	cyber	diode1	diode1
5.703	20.283579	-36.0577	13.1894	0	0	0	86513514	2	0	0	0	297.82234	20.287365	2.565415e-10	6.991918e-10	-1790.667	7.7091023e+08	3.5656951e+08	2.0120035	3.3300459	1.9450029	839	17	764	5	1	1	0	0	0	16.997457	0	5.7019804	0	0	0	0	0	0	297.846	-5.22782e-13	297.834	2.55949e-10	6.9962e-10	0	11	967566	967566
5.7035	20.281719	-36.0608	13.1892	0	0	0	86513517	2	0	0	0	297.79819	20.284865	2.552625e-10	6.992984e-10	-1790.667	7.7091023e+08	3.5662511e+08	2.0122317	3.1694641	1.9484547	855	8	761	13	2	3	0	0	0	16.997457	0	5.7026535	0	0	0	0	0	0	297.846	-5.22782e-13	297.802	2.55699e-10	6.99022e-10	0	16	962675.26	962675.26
5.704	20.279864	-36.064	13.189	0	0	0	86513521	2	0	0	0	297.76818	20.282365	2.559339e-10	6.999628e-10	-1790.667	7.7091023e+08	3.5696518e+08	2.0120378	2.5190462	1.9613536	897	12	808	10	0	0	0	0	0	16.997457	0	5.7033268	0	0	0	0	0	0	297.846	-5.22782e-13	297.773	2.56168e-10	6.99174e-10	0	19	965140.25	965140.25
5.7045	20.278009	-36.0672	13.1889	0	0	0	86513525	2	0	0	0	297.73849	20.279865	2.57053e-10	7.009113e-10	-1790.667	7.7091023e+08	3.5745014e+08	2.0118499	3.7775064	1.9358522	896	21	796	9	1	1	0	0	0	16.997457	0	5.7040003	0	0	0	0	0	0	297.846	-5.22782e-13	297.745	2.56742e-10	6.99994e-10	0	16	969293.08	969293.08
5.705	20.276154	-36.0703	13.1887	0	0	0	86513529	2	0	0	0	297.70492	20.279865	2.567369e-10	6.994796e-10	-1790.667	7.7091023e+08	3.5672125e+08	2.0120739	2.8889277	1.9539466	875	12	790	12	0	0	0	0	0	16.997457	0	5.7040003	0	0	0	0	0	0	297.846	-5.22782e-13	297.717	2.55954e-10	7.00793e-10	0	12	968033.88	968033.88
5.7055	20.274299	-36.0735	13.1885	0	0	0	86513532	2	0	0	0	297.68167	20.277365	2.564562e-10	7.017995e-10	-1790.667	7.7091023e+08	3.5790561e+08	2.0119469	2.7705065	1.9562058	880	7	793	11	0	1	0	0	0	16.997457	0	5.7046739	0	0	0	0	0	0	297.846	-5.22782e-13	297.685	2.56871e-10	7.01617e-10	0	14	966908.31	966908.31
5.706	20.272444	-36.0766	13.1883	0	0	0	86513536	2	0	0	0	297.65019	20.274865	2.573515e-10	7.037428e-10	-1790.667	7.7091023e+08	3.5889793e+08	2.0118822	2.7636767	1.9562803	926	4	849	8	1	1	0	0	0	16.997457	0	5.7053477	0	0	0	0	0	0	297.846	-5.22782e-13	297.654	2.57081e-10	7.02583e-10	0	21	970216.42	970216.42
5.7065	20.270589	-36.0798	13.1882	0	0	0	86513540	2	0	0	0	297.61827	20.274865	2.577174e-10	7.054801e-10	-1790.667	7.7091023e+08	3.5978521e+08	2.0118896	2.6167639	1.9592432	810	7	741	14	0	0	0	0	0	16.997457	0	5.7053477	0	0	0	0	0	0	297.846	-5.22782e-13	297.627	2.57188e-10	7.03741e-10	0	17	971528.38	971528.38
5.707	20.268734	-36.083	13.188	0	0	0	86513544	2	0	0	0	297.58919	20.272365	2.579057e-10	7.059278e-10	-1790.667	7.7091023e+08	3.6001481e+08	2.0119482	4.0128907	1.9312109	889	11	802	11	0	0	0	0	0	16.997457	0	5.7060217	0	0	0	0	0	0	297.846	-5.22782e-13	297.601	2.57452e-10	7.05295e-10	0	15	972170.69	972170.69
5.7075	20.266884	-36.0861	13.1878	0	0	0	86513547	2	0	0	0	297.56478	20.269865	2.573479e-10	7.061303e-10	-1790.667	7.7091023e+08	3.6011938e+08	2.0121725	2.977049	1.9522691	884	15	796	10	0	0	0	0	0	16.997457	0	5.7066958	0	0	0	0	0	0	297.846	-5.22782e-13	297.569	2.57289e-10	7.06866e-10	0	13	970000.69	970000.69
5.708	20.265029	-36.0893	13.1877	0	0	0	86513551	2	0	0	0	297.53435	20.267365	2.58531e-10	7.078427e-10	-1790.667	7.7091023e+08	3.6099399e+08	2.0120224	3.1936026	1.9477664	881	10	782	8	0	1	0	0	0	16.997457	0	5.7073701	0	0	0	0	0	0	297.846	-5.22782e-13	297.538	2.58074e-10	7.07862e-10	0	13	974392.37	974392.37
5.7085	20.263179	-36.0924	13.1875	0	0	0	86513555	2	0	0	0	297.50486	20.267365	2.572591e-10	7.094485e-10	-1790.667	7.7091023e+08	3.6181424e+08	2.012129	3.5306365	1.941088	907	14	824	8	1	2	0	0	0	16.997457	0	5.7073701	0	0	0	0	0	0	297.846	-5.22782e-13	297.512	2.58613e-10	7.08803e-10	0	17	969531.3	969531.3
5.709	20.261324	-36.0956	13.1873	0	0	0	86513559	2	0	0	0	297.47344	20.264865	2.585594e-10	7.099317e-10	-1790.667	7.7091023e+08	3.6206199e+08	2.0119981	2.9473428	1.9526976	894	10	816	14	1	1	0	0	0	16.997457	0	5.7080446	0	0	0	0	0	0	297.846	-5.22782e-13	297.485	2.58278e-10	7.09154e-10	0	13	974364.06	974364.06
5.7095	20.259474	-36.0988	13.1871	0	0	0	86513563	2	0	0	0	297.44239	20.262365	2.580514e-10	7.122125e-10	-1790.667	7.7091023e+08	3.6322651e+08	2.0119267	3.4816696	1.9418781	922	11	830	5	0	0	0	0	0	16.997457	0	5.7087193	0	0	0	0	0	0	297.846	-5.22782e-13	297.453	2.59098e-10	7.11863e-10	0	23	972382.17	972382.17
5.71	20.257619	-36.1019	13.187	0	0	0	86513566	2	0	0	0	297.42004	20.259865	2.596146e-10	7.139747e-10	-1790.667	7.7091023e+08	3.6412657e+08	2.0118013	3.2790833	1.9458326	854	15	767	11	0	0	0	0	0	16.997457	0	5.7093941	0	0	0	0	0	0	297.846	-5.22782e-13	297.424	2.59314e-10	7.13668e-10	0	14	978204.65	978204.65
5.7105	20.255769	-36.1051	13.1868	0	0	0	86513570	2	0	0	0	297.3874	20.259865	2.609575e-10	7.16522e-10	-1790.667	7.7091023e+08	3.6542704e+08	2.0054813	3.1475337	1.9423581	898	14	812	12	0	0	0	0	0	16.997457	0	5.7093941	0	0	0	0	0	0	297.846	-5.22782e-13	297.392	2.60024e-10	7.17166e-10	0	12	983196.3	983196.3
5.711	20.253919	-36.1083	13.1866	0	0	0	86513574	2	0	0	0	297.35723	20.257365	2.602043e-10	7.189165e-10	-1790.667	7.7091023e+08	3.6664959e+08	2.012255	3.2235596	1.9473888	872	16	767	11	0	0	1	0	0	16.997457	0	5.7100691	0	0	0	0	0	0	297.846	-5.22782e-13	297.361	2.6039e-10	7.18605e-10	0	15	980290.44	980290.44
5.7115	20.252069	-36.1114	13.1865	0	0	0	86513578	2	0	0	0	297.32751	20.254865	2.610179e-10	7.225154e-10	-1790.667	7.7091023e+08	3.6848641e+08	2.0122349	3.082328	1.9502112	885	15	803	5	0	0	0	0	0	16.997457	0	5.7107442	0	0	0	0	0	0	297.846	-5.22782e-13	297.34	2.59957e-10	7.21847e-10	0	12	983287.32	983287.32
5.712	20.250214	-36.1146	13.1863	0	0	0	86513581	2	0	0	0	297.30362	20.252365	2.587939e-10	7.240786e-10	-1790.667	7.7091023e+08	3.6928503e+08	2.0122682	3.9207975	1.9333712	942	20	859	10	1	2	0	0	0	16.997457	0	5.7114196	0	0	0	0	0	0	297.846	-5.22782e-13	297.307	2.59834e-10	7.24119e-10	0	15	974841.55	974841.55
5.7125	20.248364	-36.1177	13.1861	0	0	0	86513585	2	0	0	0	297.27133	20.252365	2.601723e-10	7.247536e-10	-1790.667	7.7091023e+08	3.6963068e+08	2.011833	2.9255868	1.952975	942	14	851	10	0	0	0	0	0	16.997457	0	5.7114196	0	0	0	0	0	0	297.846	-5.22782e-13	297.275	2.60365e-10	7.24596e-10	0	13	979965.76	979965.76
5.713	20.246514	-36.1209	13.186	0	0	0	86513589	2	0	0	0	297.23968	20.249865	2.588472e-10	7.259118e-10	-1790.667	7.7091023e+08	3.7022277e+08	2.0119155	3.1466132	1.9486083	898	18	799	11	0	0	0	0	0	16.997457	0	5.7120951	0	0	0	0	0	0	297.846	-5.22782e-13	297.243	2.59575e-10	7.25271e-10	0	19	974906.96	974906.96
5.7135	20.244669	-36.1241	13.1858	0	0	0	86513593	2	0	0	0	297.20889	20.247365	2.590248e-10	7.25592e-10	-1790.667	7.7091023e+08	3.7006107e+08	2.0121616	2.7544507	1.9567376	973	19	874	12	0	0	0	0	0	16.997457	0	5.7127708	0	0	0	0	0	0	297.846	-5.22782e-13	297.221	2.59049e-10	7.26859e-10	0	14	975508.15	975508.15
5.714	20.242819	-36.1272	13.1856	0	0	0	86513596	2	0	0	0	297.18618	20.244865	2.581437e-10	7.266117e-10	-1790.667	7.7091023e+08	3.7058254e+08	2.0118938	3.5709878	1.9400493	927	21	830	8	0	0	0	0	0	16.997457	0	5.7134466	0	0	0	0	0	0	297.846	-5.22782e-13	297.19	2.57938e-10	7.26798e-10	0	16	972122.38	972122.38
5.7145	20.240969	-36.1304	13.1854	0	0	0	86513600	2	0	0	0	297.15324	20.244865	2.583924e-10	7.298624e-10	-1790.667	7.7091023e+08	3.7224186e+08	2.0118646	3.0482687	1.9505376	896	21	809	10	0	0	0	0	0	16.997457	0	5.7134466	0	0	0	0	0	0	297.846	-5.22782e-13	297.158	2.58139e-10	7.28902e-10	0	17	972991.41	972991.41
5.715	20.239119	-36.1335	13.1853	0	0	0	86513604	2	0	0	0	297.12345	20.242365	2.569109e-10	7.295142e-10	-1790.667	7.7091023e+08	3.7206571e+08	2.0121942	3.0007441	1.9518134	913	25	808	12	0	0	0	0	0	16.997457	0	5.7141226	0	0	0	0	0	0	297.846	-5.22782e-13	297.131	2.57117e-10	7.29651e-10	0	25	967345.6	967345.6
5.7155	20.237274	-36.1367	13.1851	0	0	0	86513608	2	0	0	0	297.09321	20.239865	2.555254e-10	7.304521e-10	-1790.667	7.7091023e+08	3.7254549e+08	2.0122163	3.0507575	1.9508285	971	25	853	14	0	1	1	0	0	16.997457	0	5.7147988	0	0	0	0	0	0	297.846	-5.22782e-13	297.106	2.565e-10	7.3042e-10	0	15	962062.01	962062.01
5.716	20.235424	-36.1399	13.1849	0	0	0	86513611	2	0	0	0	297.07229	20.237365	2.542464e-10	7.332872e-10	-1790.667	7.7091023e+08	3.739929e+08	2.0121574	2.8246537	1.955321	901	22	806	5	0	0	0	0	0	16.997457	0	5.7154752	0	0	0	0	0	0	297.846	-5.22782e-13	297.075	2.5479e-10	7.32128e-10	0	15	957180.11	957180.11
5.7165	20.233579	-36.143	13.1848	0	0	0	86513615	2	0	0	0	297.04038	20.237365	2.542393e-10	7.335075e-10	-1790.667	7.7091023e+08	3.7410671e+08	2.0119328	3.2494445	1.9465562	935	31	808	19	0	1	0	0	0	16.997457	0	5.7154752	0	0	0	0	0	0	297.846	-5.22782e-13	297.044	2.53844e-10	7.3437e-10	0	13	957086.96	957086.96
5.717	20.231729	-36.1462	13.1846	0	0	0	86513619	2	0	0	0	297.00872	20.234865	2.528608e-10	7.355254e-10	-1790.667	7.7091023e+08	3.7513735e+08	2.0118544	2.9112564	1.9532842	948	32	847	15	0	0	0	0	0	16.997457	0	5.7161517	0	0	0	0	0	0	297.846	-5.22782e-13	297.018	2.52612e-10	7.35505e-10	0	15	951831.54	951831.54
5.7175	20.229884	-36.1494	13.1844	0	0	0	86513623	2	0	0	0	296.97751	20.232365	2.518625e-10	7.347367e-10	-1790.667	7.7091023e+08	3.7473657e+08	2.0120416	4.2582658	1.9263635	910	28	805	9	0	0	0	0	0	16.997457	0	5.7168284	0	0	0	0	0	0	297.846	-5.22782e-13	296.989	2.49993e-10	7.35276e-10	0	16	948007.91	948007.91
5.718	20.228039	-36.1525	13.1842	0	0	0	86513626	2	0	0	0	296.953	20.231799	2.477201e-10	7.357315e-10	-1790.667	7.7091023e+08	3.7524542e+08	2.0118093	3.6261728	1.9388576	973	30	872	9	1	2	0	0	0	16.997457	0	5.7169818	0	0	0	0	0	0	297.846	-5.22782e-13	296.957	2.47541e-10	7.36575e-10	0	18	932351.27	932351.27
5.7185	20.226189	-36.1557	13.1841	0	0	0	86513630	2	0	0	0	296.92345	20.229865	2.447891e-10	7.391954e-10	-1790.667	7.7091023e+08	3.7701361e+08	2.0120566	3.1159839	1.9493613	908	39	800	10	0	0	0	0	0	16.997457	0	5.7175053	0	0	0	0	0	0	297.846	-5.22782e-13	296.928	2.44684e-10	7.38623e-10	0	19	921255.87	921255.87
5.719	20.224344	-36.1588	13.1839	0	0	0	86513634	2	0	0	0	296.89341	20.227365	2.411298e-10	7.410392e-10	-1790.667	7.7091023e+08	3.7795551e+08	2.0120928	3.1705893	1.9482976	962	37	856	8	0	0	0	0	0	16.997457	0	5.7181823	0	0	0	0	0	0	297.846	-5.22782e-13	296.905	2.41307e-10	7.39107e-10	0	22	907421.26	907421.26
5.7195	20.222499	-36.162	13.1837	0	0	0	86513637	2	0	0	0	296.8618	20.224865	2.362412e-10	7.392984e-10	-1790.667	7.7091023e+08	3.7706914e+08	2.0120333	3.0618818	1.9504272	968	39	866	3	0	1	0	0	0	16.997457	0	5.7188595	0	0	0	0	0	0	297.846	-5.22782e-13	296.874	2.36114e-10	7.40197e-10	0	9	888962.79	888962.79
5.72	20.220654	-36.1652	13.1836	0	0	0	86513641	2	0	0	0	296.83967	20.224865	2.309122e-10	7.41494e-10	-1790.667	7.7091023e+08	3.781905e+08	2.0121699	2.4929584	1.9620074	907	41	798	7	0	0	0	0	0	16.997457	0	5.7188595	0	0	0	0	0	0	297.846	-5.22782e-13	296.844	2.31469e-10	7.41526e-10	0	11	868849.78	868849.78
5.7205	20.218809	-36.1683	13.1834	0	0	0	86513645	2	0	0	0	296.80718	20.222365	2.242544e-10	7.434089e-10	-1790.667	7.7091023e+08	3.791687e+08	2.0121082	3.1657463	1.9484099	962	54	837	12	1	1	0	0	0	16.997457	0	5.7195369	0	0	0	0	0	0	297.846	-5.22782e-13	296.811	2.2452e-10	7.42628e-10	0	19	843740.06	843740.06
5.721	20.216969	-36.1715	13.1832	0	0	0	86513649	2	0	0	0	296.77727	20.219865	2.171774e-10	7.450254e-10	-1790.667	7.7091023e+08	3.7999471e+08	2.0122022	3.4937244	1.9419014	1019	57	860	5	0	0	0	0	0	16.997457	0	5.7202145	0	0	0	0	0	0	297.846	-5.22782e-13	296.789	2.17454e-10	7.44445e-10	0	17	817056.72	817056.72
5.7215	20.215124	-36.1746	13.1831	0	0	0	86513653	2	0	0	0	296.74493	20.217365	2.104201e-10	7.448797e-10	-1790.667	7.7091023e+08	3.7992194e+08	2.0119914	3.2897	1.9458029	1026	53	890	11	0	0	0	0	0	16.997457	0	5.7208922	0	0	0	0	0	0	297.846	-5.22782e-13	296.757	2.10596e-10	7.45108e-10	0	15	791579.76	791579.76
5.722	20.213279	-36.1778	13.1829	0	0	0	86513656	2	0	0	0	296.72284	20.217365	2.062244e-10	7.467627e-10	-1790.667	7.7091023e+08	3.8088391e+08	2.0119059	3.0996917	1.949543	1029	65	888	12	0	0	0	0	0	16.997457	0	5.7208922	0	0	0	0	0	0	297.846	-5.22782e-13	296.727	2.04775e-10	7.47686e-10	0	15	775742.15	775742.15
5.7225	20.211434	-36.181	13.1827	0	0	0	86513660	2	0	0	0	296.69274	20.214865	2.012293e-10	7.502621e-10	-1790.667	7.7091023e+08	3.8267033e+08	2.0122038	3.6866881	1.9380202	982	77	814	18	0	0	0	0	0	16.997457	0	5.7215701	0	0	0	0	0	0	297.846	-5.22782e-13	296.696	1.99764e-10	7.48952e-10	0	14	756899.89	756899.89
5.723	20.209594	-36.1841	13.1825	0	0	0	86513664	2	0	0	0	296.66156	20.212365	1.945821e-10	7.510437e-10	-1790.667	7.7091023e+08	3.8307056e+08	2.0120307	2.7479501	1.9567411	1020	77	864	13	1	1	0	0	0	16.997457	0	5.7222482	0	0	0	0	0	0	297.846	-5.22782e-13	296.669	1.94786e-10	7.49795e-10	0	21	731846.5	731846.5
5.7235	20.207749	-36.1873	13.1824	0	0	0	86513668	2	0	0	0	296.63079	20.209865	1.874625e-10	7.498784e-10	-1790.667	7.7091023e+08	3.8247777e+08	2.0120221	2.646794	1.958768	1071	82	908	9	1	2	0	0	0	16.997457	0	5.7229264	0	0	0	0	0	0	297.846	-5.22782e-13	296.642	1.88066e-10	7.50384e-10	0	16	705019.95	705019.95
5.724	20.205909	-36.1904	13.1822	0	0	0	86513671	2	0	0	0	296.60838	20.209865	1.799378e-10	7.512639e-10	-1790.667	7.7091023e+08	3.8318604e+08	2.0119283	3.6414657	1.9386646	1060	100	890	8	1	1	0	0	0	16.997457	0	5.7229264	0	0	0	0	0	0	297.846	-5.22782e-13	296.611	1.78868e-10	7.51693e-10	0	10	676673.7	676673.7
5.7245	20.204069	-36.1936	13.182	0	0	0	86513675	2	0	0	0	296.57604	20.207365	1.676348e-10	7.531433e-10	-1790.667	7.7091023e+08	3.8414624e+08	2.0120237	3.0542305	1.9505718	1165	122	967	7	0	1	0	0	0	16.997457	0	5.7236049	0	0	0	0	0	0	297.846	-5.22782e-13	296.581	1.66662e-10	7.53039e-10	0	20	630363.36	630363.36
5.725	20.202224	-36.1968	13.1819	0	0	0	86513679	2	0	0	0	296.54435	20.204865	1.534097e-10	7.549836e-10	-1790.667	7.7091023e+08	3.850865e+08	2.0118944	2.8050299	1.9554602	1035	124	829	12	0	0	1	0	0	16.997457	0	5.7242834	0	0	0	0	0	0	297.846	-5.22782e-13	296.555	1.52903e-10	7.54007e-10	0	15	576832.2	576832.2
5.7255	20.200384	-36.1999	13.1817	0	0	0	86513683	2	0	0	0	296.51433	20.202678	1.381686e-10	7.548309e-10	-1790.667	7.7091023e+08	3.8501023e+08	2.0121635	2.6773172	1.9582915	1146	145	908	16	0	0	0	0	0	16.997457	0	5.7248774	0	0	0	0	0	0	297.846	-5.22782e-13	296.526	1.37839e-10	7.54563e-10	0	19	519488.49	519488.49
5.726	20.198544	-36.2031	13.1815	0	0	0	86513686	2	0	0	0	296.4903	20.202365	1.213571e-10	7.550049e-10	-1790.667	7.7091023e+08	3.851006e+08	2.01228	3.7338422	1.9371446	1119	178	836	19	0	0	0	0	0	16.997457	0	5.7249622	0	0	0	0	0	0	297.846	-5.22782e-13	296.494	1.21703e-10	7.5591e-10	0	12	456248.72	456248.72
5.7265	20.196704	-36.2063	13.1814	0	0	0	86513690	2	0	0	0	296.45951	20.199865	1.070397e-10	7.578755e-10	-1790.667	7.7091023e+08	3.8656643e+08	2.0119341	3.2729502	1.9460845	1247	202	957	15	0	0	1	0	0	16.997457	0	5.7256411	0	0	0	0	0	0	297.846	-5.22782e-13	296.463	1.06022e-10	7.57209e-10	0	7	402393.77	402393.77
5.727	20.194864	-36.2094	13.1812	0	0	0	86513694	2	0	0	0	296.76049	20.197365	9.197976e-11	7.58849e-10	-1790.667	7.7091023e+08	3.8706462e+08	2.0118294	3.3486258	1.9444608	1318	245	967	13	0	0	0	0	0	16.997457	0	5.7263202	0	0	0	0	0	0	297.846	-5.22782e-13	296.764	9.21396e-11	7.5871e-10	0	20	345755.06	345755.06
5.7275	20.193024	-36.2126	13.181	0	0	0	86513698	2	0	0	0	296.72815	20.197365	8.194689e-11	7.609806e-10	-1790.667	7.7091023e+08	3.8815353e+08	2.0120115	3.5082582	1.941425	1383	330	949	14	0	0	0	0	0	16.997457	0	5.7263202	0	0	0	0	0	0	297.846	-5.22782e-13	296.74	8.14131e-11	7.59415e-10	0	15	308019.81	308019.81
5.728	20.191184	-36.2157	13.1809	0	0	0	86513701	2	0	0	0	296.70518	20.194865	7.398882e-11	7.603553e-10	-1790.667	7.7091023e+08	3.8783624e+08	2.0121632	3.2771099	1.9462224	1435	322	1005	9	0	1	1	0	0	16.997457	0	5.7269995	0	0	0	0	0	0	297.846	-5.22782e-13	296.709	7.44542e-11	7.60729e-10	0	15	278087.95	278087.95
5.7285	20.189344	-36.2189	13.1807	0	0	0	86513705	2	0	0	0	296.67349	20.192365	7.021939e-11	7.615846e-10	-1790.667	7.7091023e+08	3.8846494e+08	2.0117926	3.1697104	1.9480246	1421	330	992	11	1	1	0	0	0	16.997457	0	5.727679	0	0	0	0	0	0	297.846	-5.22782e-13	296.678	7.04929e-11	7.60822e-10	0	15	263902.21	263902.21
5.729	20.187504	-36.2221	13.1805	0	0	0	86513709	2	0	0	0	296.64414	20.189865	6.84679e-11	7.628351e-10	-1790.667	7.7091023e+08	3.8910447e+08	2.0120115	3.070217	1.9502384	1530	328	1083	17	0	0	0	0	0	16.997457	0	5.7283586	0	0	0	0	0	0	297.846	-5.22782e-13	296.651	6.84217e-11	7.62525e-10	0	14	257301.84	257301.84
5.7295	20.185669	-36.2252	13.1803	0	0	0	86513713	2	0	0	0	296.6123	20.189865	6.685141e-11	7.636274e-10	-1790.667	7.7091023e+08	3.8951029e+08	2.0121203	3.4075418	1.9435565	1508	365	1051	10	0	0	0	0	0	16.997457	0	5.7283586	0	0	0	0	0	0	297.846	-5.22782e-13	296.624	6.62803e-11	7.63395e-10	0	17	251209.68	251209.68
5.73	20.183829	-36.2284	13.1802	0	0	0	86513716	2	0	0	0	296.58072	20.187365	6.377476e-11	7.624266e-10	-1790.667	7.7091023e+08	3.8889948e+08	2.0122198	3.0937534	1.9499667	1550	380	1057	14	0	0	0	0	0	16.997457	0	5.7290384	0	0	0	0	0	0	297.846	-5.22782e-13	296.593	6.44809e-11	7.6402e-10	0	13	239631.85	239631.85
5.7305	20.181989	-36.2315	13.18	0	0	0	86513720	2	0	0	0	296.55767	20.184865	6.394529e-11	7.622489e-10	-1790.667	7.7091023e+08	3.8881053e+08	2.011903	3.5775561	1.9399261	1552	364	1064	15	1	1	2	0	0	16.997457	0	5.7297183	0	0	0	0	0	0	297.846	-5.22782e-13	296.561	6.33582e-11	7.63183e-10	0	15	240255.97	240255.97
5.731	20.180154	-36.2347	13.1798	0	0	0	86513724	2	0	0	0	296.52458	20.182365	6.279421e-11	7.658123e-10	-1790.667	7.7091023e+08	3.9062987e+08	2.0121453	3.3003581	1.9457373	1613	416	1099	13	0	0	1	0	0	16.997457	0	5.7303985	0	0	0	0	0	0	297.846	-5.22782e-13	296.529	6.28297e-11	7.6629e-10	0	12	235914.77	235914.77
5.7315	20.178319	-36.2379	13.1797	0	0	0	86513728	2	0	0	0	296.49681	20.182365	6.169998e-11	7.668781e-10	-1790.667	7.7091023e+08	3.9117524e+08	2.0117872	3.4765347	1.9418467	1504	394	1003	6	0	0	0	0	0	16.997457	0	5.7303985	0	0	0	0	0	0	297.846	-5.22782e-13	296.509	6.25695e-11	7.6817e-10	0	24	231787.75	231787.75
5.732	20.176479	-36.241	13.1795	0	0	0	86513731	2	0	0	0	296.46491	20.179865	6.142997e-11	7.67951e-10	-1790.667	7.7091023e+08	3.9172424e+08	2.0119066	3.2833493	1.9458486	1585	416	1049	17	0	0	1	0	0	16.997457	0	5.7310788	0	0	0	0	0	0	297.846	-5.22782e-13	296.478	6.18371e-11	7.68513e-10	0	20	230757.42	230757.42
5.7325	20.174644	-36.2442	13.1793	0	0	0	86513735	2	0	0	0	296.44172	20.177365	6.308554e-11	7.711733e-10	-1790.667	7.7091023e+08	3.9336965e+08	2.0119312	3.2634436	1.946273	1635	416	1104	16	0	0	0	0	0	16.997457	0	5.7317593	0	0	0	0	0	0	297.846	-5.22782e-13	296.446	6.22284e-11	7.71128e-10	0	13	236960.04	236960.04
5.733	20.172809	-36.2474	13.1792	0	0	0	86513739	2	0	0	0	296.41213	20.174865	6.291501e-11	7.734542e-10	-1790.667	7.7091023e+08	3.9453487e+08	2.0119398	3.1046654	1.9494758	1624	427	1105	13	0	0	1	0	0	16.997457	0	5.7324399	0	0	0	0	0	0	297.846	-5.22782e-13	296.416	6.27139e-11	7.72952e-10	0	12	236303.13	236303.13
5.7335	20.170974	-36.2505	13.179	0	0	0	86513743	2	0	0	0	298.19864	20.174865	6.400214e-11	7.771774e-10	-1790.667	7.7091023e+08	3.9643583e+08	2.0121952	3.2380318	1.9470397	1693	415	1174	15	0	0	1	0	0	16.997457	0	5.7324399	0	0	0	0	0	0	297.846	-5.22782e-13	298.212	6.38867e-11	7.77588e-10	0	11	240369.65	240369.65
5.734	20.169139	-36.2537	13.1788	0	0	0	86513746	2	0	0	0	298.17681	20.172365	6.558665e-11	7.791137e-10	-1790.667	7.7091023e+08	3.9742531e+08	2.0120397	3.9987442	1.9315834	1640	419	1108	12	1	1	1	0	0	16.997457	0	5.7331208	0	0	0	0	0	0	297.846	-5.22782e-13	298.18	6.54808e-11	7.79749e-10	0	15	246303.46	246303.46
5.7345	20.167304	-36.2568	13.1787	0	0	0	86513751	2	0	0	0	298.13692	20.169865	6.570389e-11	7.816041e-10	-1790.667	7.7091023e+08	3.9869745e+08	2.0118944	3.3960431	1.9435696	1543	344	1096	13	0	0	0	0	0	16.997457	0	5.7338018	0	0	0	0	0	0	297.846	-5.22782e-13	298.148	6.59393e-11	7.80796e-10	0	16	246726.65	246726.65
5.735	20.165469	-36.26	13.1785	0	0	0	86513755	2	0	0	0	298.10685	20.168781	6.700773e-11	7.825989e-10	-1790.667	7.7091023e+08	3.992067e+08	2.0121987	2.7346007	1.9571731	1643	397	1142	10	0	0	3	0	0	16.997457	0	5.7340971	0	0	0	0	0	0	297.846	-5.22782e-13	298.118	6.68665e-11	7.82925e-10	0	12	251605.32	251605.32
5.7355	20.163634	-36.2632	13.1783	0	0	0	86513758	2	0	0	0	298.08286	20.167365	6.816947e-11	7.838032e-10	-1790.667	7.7091023e+08	3.9982283e+08	2.0119821	3.9556456	1.9323952	1570	403	1072	8	0	0	0	0	0	16.997457	0	5.7344829	0	0	0	0	0	0	297.846	-5.22782e-13	298.087	6.82503e-11	7.83725e-10	0	18	255949.78	255949.78
5.736	20.161799	-36.2663	13.1781	0	0	0	86513762	2	0	0	0	298.05152	20.164865	6.718182e-11	7.848229e-10	-1790.667	7.7091023e+08	4.003448e+08	2.0122883	3.5036888	1.941784	1632	374	1151	11	0	0	1	0	0	16.997457	0	5.7351643	0	0	0	0	0	0	297.846	-5.22782e-13	298.056	6.76671e-11	7.8491e-10	0	8	252224.08	252224.08
5.7365	20.159964	-36.2695	13.178	0	0	0	86513766	2	0	0	0	298.02317	20.162365	6.669154e-11	7.858389e-10	-1790.667	7.7091023e+08	4.008649e+08	2.0121888	3.3146154	1.9454925	1604	377	1129	14	0	0	0	0	0	16.997457	0	5.7358458	0	0	0	0	0	0	297.846	-5.22782e-13	298.033	6.69553e-11	7.85142e-10	0	12	250366.06	250366.06
5.737	20.158134	-36.2726	13.1778	0	0	0	86513769	2	0	0	0	297.99061	20.162365	6.727063e-11	7.855441e-10	-1790.667	7.7091023e+08	4.0071636e+08	2.0119901	3.8334503	1.9348614	1635	413	1111	14	0	0	0	0	0	16.997457	0	5.7358458	0	0	0	0	0	0	297.846	-5.22782e-13	298.003	6.7339e-11	7.85922e-10	0	20	252522.53	252522.53
5.7375	20.156299	-36.2758	13.1776	0	0	0	86513773	2	0	0	0	297.96618	20.159865	6.677681e-11	7.868373e-10	-1790.667	7.7091023e+08	4.0137788e+08	2.0120832	3.0842939	1.9500246	1642	390	1141	11	0	1	0	0	0	16.997457	0	5.7365275	0	0	0	0	0	0	297.846	-5.22782e-13	297.97	6.65255e-11	7.86566e-10	0	23	250651.47	250651.47
5.738	20.154464	-36.279	13.1775	0	0	0	86513777	2	0	0	0	297.93801	20.157365	6.633272e-11	7.884218e-10	-1790.667	7.7091023e+08	4.0218802e+08	2.0120566	2.7400581	1.9569251	1638	403	1122	12	0	0	3	0	0	16.997457	0	5.7372093	0	0	0	0	0	0	297.846	-5.22782e-13	297.941	6.5989e-11	7.87773e-10	0	10	248967.31	248967.31
5.7385	20.152634	-36.2821	13.1773	0	0	0	86513781	2	0	0	0	297.90571	20.154865	6.583178e-11	7.880558e-10	-1790.667	7.7091023e+08	4.0200317e+08	2.0120086	3.4035162	1.9435296	1586	376	1116	12	0	0	0	0	0	16.997457	0	5.7378914	0	0	0	0	0	0	297.846	-5.22782e-13	297.917	6.58353e-11	7.88263e-10	0	10	247070.02	247070.02
5.739	20.150804	-36.2853	13.1771	0	0	0	86513784	2	0	0	0	297.87337	20.154865	6.541256e-11	7.905996e-10	-1790.667	7.7091023e+08	4.0330269e+08	2.0118448	3.3089948	1.945273	1682	425	1147	13	0	1	0	0	0	16.997457	0	5.7378914	0	0	0	0	0	0	297.846	-5.22782e-13	297.886	6.49667e-11	7.88895e-10	0	13	245479.68	245479.68
5.7395	20.148969	-36.2884	13.177	0	0	0	86513788	2	0	0	0	297.85041	20.152365	6.545875e-11	7.895444e-10	-1790.667	7.7091023e+08	4.0276629e+08	2.0118659	3.2335038	1.9468122	1735	407	1209	12	0	0	0	0	0	16.997457	0	5.7385736	0	0	0	0	0	0	297.846	-5.22782e-13	297.855	6.58966e-11	7.89868e-10	0	14	245636.02	245636.02
5.74	20.147139	-36.2916	13.1768	0	0	0	86513792	2	0	0	0	297.8198	20.149865	6.578915e-11	7.906635e-10	-1790.667	7.7091023e+08	4.0333906e+08	2.0118608	3.5022383	1.9414006	1697	398	1202	9	0	0	0	0	0	16.997457	0	5.739256	0	0	0	0	0	0	297.846	-5.22782e-13	297.824	6.5576e-11	7.90156e-10	0	12	246858.77	246858.77
5.7405	20.145309	-36.2948	13.1766	0	0	0	86513796	2	0	0	0	297.78968	20.147365	6.678391e-11	7.920065e-10	-1790.667	7.7091023e+08	4.0402606e+08	2.0120909	3.1527005	1.9486557	1673	390	1183	17	0	0	1	0	0	16.997457	0	5.7399385	0	0	0	0	0	0	297.846	-5.22782e-13	297.801	6.74332e-11	7.90899e-10	0	9	250574.04	250574.04
5.741	20.143479	-36.2979	13.1765	0	0	0	86513799	2	0	0	0	297.7665	20.147365	6.715695e-11	7.916121e-10	-1790.667	7.7091023e+08	4.0382677e+08	2.0122291	4.0742557	1.9302458	1600	356	1146	13	2	2	0	0	0	16.997457	0	5.7399385	0	0	0	0	0	0	297.846	-5.22782e-13	297.77	6.77275e-11	7.91303e-10	0	20	251956.26	251956.26
5.7415	20.141649	-36.3011	13.1763	0	0	0	86513803	2	0	0	0	297.73639	20.144865	7.005596e-11	7.911183e-10	-1790.667	7.7091023e+08	4.0357677e+08	2.0121056	3.689858	1.9378618	1653	358	1189	11	0	0	2	0	0	16.997457	0	5.7406213	0	0	0	0	0	0	297.846	-5.22782e-13	297.74	6.8971e-11	7.9211e-10	0	17	262814.44	262814.44
5.742	20.139819	-36.3043	13.1761	0	0	0	86513807	2	0	0	0	297.70355	20.142365	7.059953e-11	7.93154e-10	-1790.667	7.7091023e+08	4.0461717e+08	2.012039	3.620049	1.9392022	1661	369	1187	10	0	1	0	0	0	16.997457	0	5.7413042	0	0	0	0	0	0	297.846	-5.22782e-13	297.716	7.09415e-11	7.93408e-10	0	13	264835.32	264835.32
5.7425	20.137989	-36.3074	13.176	0	0	0	86513811	2	0	0	0	297.67376	20.141174	7.293366e-11	7.933387e-10	-1790.667	7.7091023e+08	4.0471332e+08	2.0121446	3.6904703	1.937887	1648	344	1182	13	2	2	2	0	0	16.997457	0	5.7416297	0	0	0	0	0	0	297.846	-5.22782e-13	297.686	7.33515e-11	7.94166e-10	0	13	273572.26	273572.26
5.743	20.136159	-36.3106	13.1758	0	0	0	86513815	2	0	0	0	297.64177	20.139865	7.528556e-11	7.95854e-10	-1790.667	7.7091023e+08	4.0599842e+08	2.0121558	3.1834353	1.9481002	1535	345	1088	11	0	0	2	0	0	16.997457	0	5.7419872	0	0	0	0	0	0	297.846	-5.22782e-13	297.646	7.6151e-11	7.95018e-10	0	12	282374.64	282374.64
5.7435	20.134329	-36.3137	13.1756	0	0	0	86513819	2	0	0	0	297.61141	20.137365	7.846879e-11	7.96323e-10	-1790.667	7.7091023e+08	4.0623962e+08	2.0119219	3.2591324	1.9463507	1562	322	1128	11	0	0	1	0	0	16.997457	0	5.7426705	0	0	0	0	0	0	297.846	-5.22782e-13	297.623	7.86926e-11	7.95872e-10	0	15	294293.66	294293.66
5.744	20.132499	-36.3169	13.1755	0	0	0	86513822	2	0	0	0	297.58218	20.134865	8.161649e-11	7.970229e-10	-1790.667	7.7091023e+08	4.0659863e+08	2.0121139	3.202268	1.9476806	1519	314	1100	9	0	2	1	0	0	16.997457	0	5.7433539	0	0	0	0	0	0	297.846	-5.22782e-13	297.593	8.16144e-11	7.97533e-10	0	9	306077.8	306077.8
5.7445	20.130674	-36.3201	13.1753	0	0	0	86513826	2	0	0	0	297.55715	20.134865	8.564172e-11	7.995524e-10	-1790.667	7.7091023e+08	4.0789102e+08	2.0118272	3.0586961	1.9502915	1492	293	1080	14	0	0	1	0	0	16.997457	0	5.7433539	0	0	0	0	0	0	297.846	-5.22782e-13	297.562	8.43876e-11	7.98317e-10	0	16	321150.98	321150.98
5.745	20.128844	-36.3232	13.1751	0	0	0	86513830	2	0	0	0	297.52663	20.132365	8.695267e-11	7.980674e-10	-1790.667	7.7091023e+08	4.0713542e+08	2.0119677	3.6489334	1.9385523	1412	252	1079	12	0	2	1	0	0	16.997457	0	5.7440375	0	0	0	0	0	0	297.846	-5.22782e-13	297.538	8.69171e-11	7.97861e-10	0	14	326044.41	326044.41
5.7455	20.127019	-36.3264	13.175	0	0	0	86513834	2	0	0	0	297.4951	20.129865	8.845902e-11	7.980958e-10	-1790.667	7.7091023e+08	4.0715189e+08	2.0121699	3.1935275	1.9479107	1446	284	1065	12	1	1	2	0	0	16.997457	0	5.7447213	0	0	0	0	0	0	297.846	-5.22782e-13	297.506	8.95364e-11	7.98426e-10	0	16	331669.8	331669.8
5.746	20.125189	-36.3295	13.1748	0	0	0	86513837	2	0	0	0	297.4714	20.127365	9.129764e-11	7.978933e-10	-1790.667	7.7091023e+08	4.0705057e+08	2.0122198	4.0066716	1.9315968	1459	278	1095	5	0	0	1	0	0	16.997457	0	5.7454052	0	0	0	0	0	0	297.846	-5.22782e-13	297.476	9.14131e-11	7.98207e-10	0	16	342289.3	342289.3
5.7465	20.123364	-36.3327	13.1746	0	0	0	86513841	2	0	0	0	297.44316	20.127365	9.216095e-11	7.987069e-10	-1790.667	7.7091023e+08	4.0746763e+08	2.0121683	3.3403647	1.9449546	1434	262	1082	7	0	1	1	0	0	16.997457	0	5.7454052	0	0	0	0	0	0	297.846	-5.22782e-13	297.446	9.31379e-11	7.98315e-10	0	9	345502.09	345502.09
5.747	20.121539	-36.3359	13.1745	0	0	0	86513845	2	0	0	0	297.41214	20.124865	9.410783e-11	7.985435e-10	-1790.667	7.7091023e+08	4.0738628e+08	2.0120314	3.7376117	1.9368294	1433	273	1063	11	0	0	0	0	0	16.997457	0	5.7460894	0	0	0	0	0	0	297.846	-5.22782e-13	297.423	9.5012e-11	7.99648e-10	0	8	352776.35	352776.35
5.7475	20.119709	-36.339	13.1743	0	0	0	86513848	2	0	0	0	297.38636	20.122365	9.621814e-11	7.996199e-10	-1790.667	7.7091023e+08	4.0793743e+08	2.0118243	3.1006763	1.9494442	1465	235	1127	14	2	2	2	0	0	16.997457	0	5.7467736	0	0	0	0	0	0	297.846	-5.22782e-13	297.391	9.55795e-11	7.99272e-10	0	6	360662.21	360662.21
5.748	20.117884	-36.3422	13.1741	0	0	0	86513852	2	0	0	0	297.35528	20.119865	9.745804e-11	8.020038e-10	-1790.667	7.7091023e+08	4.0915563e+08	2.0120336	3.5382471	1.9408429	1435	256	1085	12	0	0	0	0	0	16.997457	0	5.7474581	0	0	0	0	0	0	297.846	-5.22782e-13	297.36	9.74412e-11	8.01018e-10	0	8	365284.57	365284.57
5.7485	20.116059	-36.3454	13.174	0	0	0	86513856	2	0	0	0	297.32511	20.119865	9.801937e-11	8.016023e-10	-1790.667	7.7091023e+08	4.0895283e+08	2.0122621	3.0179608	1.9515328	1432	240	1104	9	0	0	1	0	0	16.997457	0	5.7474581	0	0	0	0	0	0	297.846	-5.22782e-13	297.333	9.79234e-11	8.01641e-10	0	18	367363.1	367363.1
5.749	20.114234	-36.3485	13.1738	0	0	0	86513860	2	0	0	0	297.29528	20.117365	9.86411e-11	8.011547e-10	-1790.667	7.7091023e+08	4.0872652e+08	2.0121418	4.372177	1.9241674	1413	253	1087	8	0	1	0	0	0	16.997457	0	5.7481428	0	0	0	0	0	0	297.846	-5.22782e-13	297.305	9.8896e-11	8.01644e-10	0	17	369667.7	369667.7
5.7495	20.112409	-36.3517	13.1736	0	0	0	86513863	2	0	0	0	297.27156	20.114865	1.003606e-10	8.015455e-10	-1790.667	7.7091023e+08	4.0892794e+08	2.0120128	3.5069518	1.9414525	1488	258	1124	16	0	0	0	0	0	16.997457	0	5.7488276	0	0	0	0	0	0	297.846	-5.22782e-13	297.275	1.0044e-10	8.01988e-10	0	14	376085.71	376085.71
5.75	20.110584	-36.3548	13.1735	0	0	0	86513867	2	0	0	0	297.23952	20.114865	1.004885e-10	8.005756e-10	-1790.667	7.7091023e+08	4.0843517e+08	2.0118342	3.26341	1.9461798	1406	225	1096	11	1	2	0	0	0	16.997457	0	5.7488276	0	0	0	0	0	0	297.846	-5.22782e-13	297.244	1.00809e-10	8.00718e-10	0	16	376538.97	376538.97
5.7505	20.108759	-36.358	13.1733	0	0	0	86513872	2	0	0	0	297.2012	20.112365	1.01533e-10	8.036629e-10	-1790.667	7.7091023e+08	4.100123e+08	2.0119382	3.627165	1.9389619	1355	244	1016	12	1	1	0	0	0	16.997457	0	5.7495126	0	0	0	0	0	0	297.846	-5.22782e-13	297.218	1.01865e-10	8.03416e-10	0	16	380426.5	380426.5
5.751	20.106939	-36.3612	13.1731	0	0	0	86513875	2	0	0	0	297.17999	20.109865	1.034586e-10	8.033183e-10	-1790.667	7.7091023e+08	4.0983856e+08	2.0118102	4.0434191	1.9304643	1443	261	1077	13	1	1	0	0	0	16.997457	0	5.7501977	0	0	0	0	0	0	297.846	-5.22782e-13	297.184	1.02604e-10	8.0311e-10	0	11	387614.6	387614.6
5.7515	20.105114	-36.3643	13.1729	0	0	0	86513879	2	0	0	0	297.14809	20.107365	1.01906e-10	8.024053e-10	-1790.667	7.7091023e+08	4.0937484e+08	2.0119754	3.460941	1.9423421	1407	223	1084	10	0	0	0	0	0	16.997457	0	5.7508831	0	0	0	0	0	0	297.846	-5.22782e-13	297.152	1.0279e-10	8.0209e-10	0	14	381771.29	381771.29
5.752	20.103289	-36.3675	13.1728	0	0	0	86513883	2	0	0	0	297.11811	20.107365	1.022471e-10	8.034213e-10	-1790.667	7.7091023e+08	4.0989527e+08	2.0119565	3.7980146	1.9355421	1468	261	1123	14	0	0	0	0	0	16.997457	0	5.7508831	0	0	0	0	0	0	297.846	-5.22782e-13	297.129	1.03665e-10	8.02991e-10	0	19	383022.69	383022.69
5.7525	20.101469	-36.3706	13.1726	0	0	0	86513887	2	0	0	0	297.08752	20.104865	1.030322e-10	8.017764e-10	-1790.667	7.7091023e+08	4.0905815e+08	2.0120912	3.4822597	1.942025	1394	271	1037	13	0	0	0	0	0	16.997457	0	5.7515686	0	0	0	0	0	0	297.846	-5.22782e-13	297.098	1.03292e-10	8.02833e-10	0	12	385937.04	385937.04
5.753	20.099644	-36.3738	13.1724	0	0	0	86513890	2	0	0	0	297.06289	20.102365	1.04265e-10	8.042704e-10	-1790.667	7.7091023e+08	4.1033266e+08	2.012215	3.1463039	1.9489046	1433	234	1096	17	0	0	1	0	0	16.997457	0	5.7522543	0	0	0	0	0	0	297.846	-5.22782e-13	297.067	1.03735e-10	8.03456e-10	0	12	390527.86	390527.86
5.7535	20.097824	-36.377	13.1723	0	0	0	86513894	2	0	0	0	297.03263	20.099865	1.038813e-10	8.03702e-10	-1790.667	7.7091023e+08	4.1004478e+08	2.0120803	3.6074425	1.9394957	1435	247	1090	14	0	0	0	0	0	16.997457	0	5.7529401	0	0	0	0	0	0	297.846	-5.22782e-13	297.037	1.03698e-10	8.03433e-10	0	12	389063.82	389063.82
5.754	20.096004	-36.3801	13.1721	0	0	0	86513898	2	0	0	0	297.00296	20.099865	1.033627e-10	8.027783e-10	-1790.667	7.7091023e+08	4.0957562e+08	2.0120954	3.4437652	1.9428035	1451	256	1104	11	2	2	1	0	0	16.997457	0	5.7529401	0	0	0	0	0	0	297.846	-5.22782e-13	297.014	1.03733e-10	8.03121e-10	0	16	387094.78	387094.78
5.7545	20.094179	-36.3833	13.1719	0	0	0	86513902	2	0	0	0	296.97106	20.097365	1.018492e-10	8.044694e-10	-1790.667	7.7091023e+08	4.1044054e+08	2.0121232	3.600861	1.9396694	1438	253	1075	11	1	1	0	0	0	16.997457	0	5.7536261	0	0	0	0	0	0	297.846	-5.22782e-13	296.983	1.03389e-10	8.04118e-10	0	13	381400.35	381400.35
5.755	20.092359	-36.3864	13.1718	0	0	0	86513905	2	0	0	0	296.9496	20.094865	1.032952e-10	8.044481e-10	-1790.667	7.7091023e+08	4.104318e+08	2.0122618	3.6666562	1.938479	1433	253	1082	20	0	0	2	0	0	16.997457	0	5.7543124	0	0	0	0	0	0	297.846	-5.22782e-13	296.953	1.03007e-10	8.04158e-10	0	15	386788.54	386788.54
5.7555	20.090539	-36.3896	13.1716	0	0	0	86513909	2	0	0	0	296.91783	20.094865	1.012843e-10	8.043166e-10	-1790.667	7.7091023e+08	4.1036684e+08	2.0121136	3.3974543	1.943753	1516	287	1109	17	0	1	1	0	0	16.997457	0	5.7543124	0	0	0	0	0	0	297.846	-5.22782e-13	296.922	1.02864e-10	8.04329e-10	0	17	379232.53	379232.53
5.756	20.088719	-36.3928	13.1714	0	0	0	86513913	2	0	0	0	296.88692	20.092365	1.029186e-10	8.044552e-10	-1790.667	7.7091023e+08	4.104397e+08	2.0121213	3.2011748	1.9477098	1438	245	1080	12	0	0	0	0	0	16.997457	0	5.7549987	0	0	0	0	0	0	297.846	-5.22782e-13	296.899	1.02527e-10	8.0522e-10	0	12	385325.12	385325.12
5.7565	20.086899	-36.3959	13.1713	0	0	0	86513916	2	0	0	0	296.86515	20.089865	1.016147e-10	8.052368e-10	-1790.667	7.7091023e+08	4.1084063e+08	2.0121248	3.8464731	1.934729	1411	263	1045	12	0	0	1	0	0	16.997457	0	5.7556853	0	0	0	0	0	0	297.846	-5.22782e-13	296.869	1.01978e-10	8.04755e-10	0	15	380417.07	380417.07
5.757	20.085079	-36.3991	13.1711	0	0	0	86513920	2	0	0	0	296.8369	20.087365	1.021299e-10	8.050804e-10	-1790.667	7.7091023e+08	4.1076299e+08	2.0121981	3.5366538	1.9410336	1473	241	1128	11	0	0	0	0	0	16.997457	0	5.756372	0	0	0	0	0	0	297.846	-5.22782e-13	296.841	1.0191e-10	8.05398e-10	0	14	382319.43	382319.43
5.7575	20.083259	-36.4023	13.1709	0	0	0	86513924	2	0	0	0	296.80564	20.087365	1.00961e-10	8.046186e-10	-1790.667	7.7091023e+08	4.1052953e+08	2.0119856	3.2788147	1.9460163	1358	210	1049	8	1	2	0	0	0	16.997457	0	5.756372	0	0	0	0	0	0	297.846	-5.22782e-13	296.81	1.01485e-10	8.05061e-10	0	21	377917.6	377917.6
5.758	20.081439	-36.4054	13.1708	0	0	0	86513928	2	0	0	0	296.77421	20.084865	1.005667e-10	8.044694e-10	-1790.667	7.7091023e+08	4.1045558e+08	2.0121501	2.9839206	1.9521091	1411	250	1073	11	0	0	1	0	0	16.997457	0	5.7570589	0	0	0	0	0	0	297.846	-5.22782e-13	296.785	1.00854e-10	8.03618e-10	0	12	376415.65	376415.65
5.7585	20.079624	-36.4086	13.1706	0	0	0	86513932	2	0	0	0	296.74321	20.082365	1.008189e-10	8.047927e-10	-1790.667	7.7091023e+08	4.1062271e+08	2.0118934	3.4596345	1.9422893	1436	239	1072	16	1	1	0	0	0	16.997457	0	5.757746	0	0	0	0	0	0	297.846	-5.22782e-13	296.754	1.01045e-10	8.04241e-10	0	10	377333.57	377333.57
5.759	20.077804	-36.4117	13.1704	0	0	0	86513936	2	0	0	0	296.71379	20.079865	1.013944e-10	8.052083e-10	-1790.667	7.7091023e+08	4.1083694e+08	2.0121446	3.6418694	1.938865	1450	251	1105	17	1	1	0	0	0	16.997457	0	5.7584333	0	0	0	0	0	0	297.846	-5.22782e-13	296.724	1.00731e-10	8.05159e-10	0	13	379461.28	379461.28
5.7595	20.075984	-36.4149	13.1703	0	0	0	86513940	2	0	0	0	296.68343	20.079865	1.011422e-10	8.042278e-10	-1790.667	7.7091023e+08	4.1033886e+08	2.0118854	3.3418523	1.9446512	1512	288	1123	19	0	0	1	0	0	16.997457	0	5.7584333	0	0	0	0	0	0	297.846	-5.22782e-13	296.694	1.00196e-10	8.04777e-10	0	6	378491.31	378491.31
5.76	20.074169	-36.4181	13.1701	0	0	0	86513943	2	0	0	0	296.6614	20.077365	9.844214e-11	8.041816e-10	-1790.667	7.7091023e+08	4.1031748e+08	2.0118682	3.2347567	1.9467891	1462	273	1081	22	0	0	1	0	0	16.997457	0	5.7591207	0	0	0	0	0	0	297.846	-5.22782e-13	296.664	9.91998e-11	8.04052e-10	0	10	368361.79	368361.79
5.7605	20.072349	-36.4212	13.1699	0	0	0	86513947	2	0	0	0	296.63092	20.074865	9.902834e-11	8.053966e-10	-1790.667	7.7091023e+08	4.1093962e+08	2.012096	3.3536054	1.9446182	1504	282	1123	11	0	0	0	0	0	16.997457	0	5.7598083	0	0	0	0	0	0	297.846	-5.22782e-13	296.635	9.86971e-11	8.0512e-10	0	12	370529.71	370529.71
5.761	20.070534	-36.4244	13.1698	0	0	0	86513951	2	0	0	0	296.5993	20.074865	9.745449e-11	8.035457e-10	-1790.667	7.7091023e+08	4.0999744e+08	2.0118694	3.7219751	1.9369882	1443	272	1060	18	0	0	0	0	0	16.997457	0	5.7598083	0	0	0	0	0	0	297.846	-5.22782e-13	296.611	9.84457e-11	8.04633e-10	0	20	364615.74	364615.74
5.7615	20.068714	-36.4275	13.1696	0	0	0	86513954	2	0	0	0	296.57624	20.072365	9.710988e-11	8.036487e-10	-1790.667	7.7091023e+08	4.1005221e+08	2.0120902	3.0471476	1.9507789	1500	286	1085	14	0	0	0	0	0	16.997457	0	5.7604961	0	0	0	0	0	0	297.846	-5.22782e-13	296.581	9.77334e-11	8.03236e-10	0	20	363301.34	363301.34
5.762	20.066899	-36.4307	13.1695	0	0	0	86513958	2	0	0	0	296.54491	20.069865	9.660539e-11	8.02153e-10	-1790.667	7.7091023e+08	4.0929126e+08	2.0121709	3.4227868	1.9432986	1462	290	1080	9	0	0	0	0	0	16.997457	0	5.7611841	0	0	0	0	0	0	297.846	-5.22782e-13	296.549	9.70184e-11	8.02734e-10	0	13	361389.03	361389.03
5.7625	20.065084	-36.4339	13.1693	0	0	0	86513962	2	0	0	0	296.5152	20.067365	9.656986e-11	8.033965e-10	-1790.667	7.7091023e+08	4.0992798e+08	2.012135	3.4475778	1.9427651	1488	257	1121	14	2	2	0	0	0	16.997457	0	5.7618722	0	0	0	0	0	0	297.846	-5.22782e-13	296.52	9.68775e-11	8.02074e-10	0	15	361231.18	361231.18
5.763	20.063269	-36.437	13.1691	0	0	0	86513966	2	0	0	0	296.4856	20.067365	9.681855e-11	8.017516e-10	-1790.667	7.7091023e+08	4.0909091e+08	2.0118672	3.1233712	1.9490291	1492	284	1101	12	0	0	0	0	0	16.997457	0	5.7618722	0	0	0	0	0	0	297.846	-5.22782e-13	296.497	9.65201e-11	8.01841e-10	0	16	362136.44	362136.44
5.7635	20.061454	-36.4402	13.169	0	0	0	86513969	2	0	0	0	296.46018	20.064865	9.723777e-11	8.025296e-10	-1790.667	7.7091023e+08	4.0949012e+08	2.0120854	3.5090518	1.9414803	1450	266	1091	12	0	0	0	0	0	16.997457	0	5.7625605	0	0	0	0	0	0	297.846	-5.22782e-13	296.465	9.64011e-11	8.03037e-10	0	18	363679.37	363679.37
5.764	20.059639	-36.4434	13.1688	0	0	0	86513973	2	0	0	0	296.70847	20.062365	9.473666e-11	8.022454e-10	-1790.667	7.7091023e+08	4.0934735e+08	2.0121648	3.7734166	1.9362374	1478	307	1065	13	1	3	0	0	0	16.997457	0	5.763249	0	0	0	0	0	0	297.846	-5.22782e-13	296.712	9.49329e-11	8.03232e-10	0	13	354300.51	354300.51
5.7645	20.057824	-36.4465	13.1686	0	0	0	86513977	2	0	0	0	296.67919	20.059865	9.357848e-11	8.027072e-10	-1790.667	7.7091023e+08	4.0958524e+08	2.0119098	3.4631851	1.9422336	1478	291	1086	14	0	0	0	0	0	16.997457	0	5.7639377	0	0	0	0	0	0	297.846	-5.22782e-13	296.683	9.4345e-11	8.02824e-10	0	15	349944.94	349944.94
5.765	20.056009	-36.4497	13.1685	0	0	0	86513981	2	0	0	0	296.64724	20.059865	9.371348e-11	8.043237e-10	-1790.667	7.7091023e+08	4.1041233e+08	2.0119958	3.6888188	1.937777	1491	260	1114	16	1	1	2	0	0	16.997457	0	5.7639377	0	0	0	0	0	0	297.846	-5.22782e-13	296.659	9.41203e-11	8.03678e-10	0	14	350425.61	350425.61
5.7655	20.054194	-36.4528	13.1683	0	0	0	86513985	2	0	0	0	296.61615	20.057365	9.303491e-11	8.051302e-10	-1790.667	7.7091023e+08	4.1082613e+08	2.0118618	3.7165973	1.937089	1476	273	1104	16	1	1	1	0	0	16.997457	0	5.7646265	0	0	0	0	0	0	297.846	-5.22782e-13	296.628	9.27805e-11	8.03606e-10	0	12	347864.21	347864.21
5.766	20.052379	-36.456	13.1681	0	0	0	86513988	2	0	0	0	296.59375	20.054865	9.301004e-11	8.035492e-10	-1790.667	7.7091023e+08	4.1002169e+08	2.0120198	4.015865	1.9312198	1515	313	1100	12	0	0	1	0	0	16.997457	0	5.7653155	0	0	0	0	0	0	297.846	-5.22782e-13	296.598	9.26921e-11	8.04174e-10	0	7	347747.22	347747.22
5.7665	20.050569	-36.4592	13.168	0	0	0	86513992	2	0	0	0	296.56474	20.054865	9.126566e-11	8.04615e-10	-1790.667	7.7091023e+08	4.1056781e+08	2.0118211	3.3420387	1.9445853	1509	293	1115	11	0	0	3	0	0	16.997457	0	5.7653155	0	0	0	0	0	0	297.846	-5.22782e-13	296.569	9.1773e-11	8.03439e-10	0	19	341201.77	341201.77
5.767	20.048754	-36.4623	13.1678	0	0	0	86513996	2	0	0	0	296.53528	20.052365	9.094947e-11	8.04075e-10	-1790.667	7.7091023e+08	4.1029456e+08	2.0120192	3.8533072	1.9344899	1473	300	1065	14	0	0	1	0	0	16.997457	0	5.7660047	0	0	0	0	0	0	297.846	-5.22782e-13	296.538	9.13092e-11	8.04208e-10	0	13	339996.22	339996.22
5.7675	20.046944	-36.4655	13.1676	0	0	0	86514000	2	0	0	0	296.50331	20.049865	9.110224e-11	8.056773e-10	-1790.667	7.7091023e+08	4.1111447e+08	2.0121165	3.6349546	1.938977	1521	280	1124	14	3	4	1	0	0	16.997457	0	5.7666941	0	0	0	0	0	0	297.846	-5.22782e-13	296.511	9.0855e-11	8.05611e-10	0	18	340543.83	340543.83
5.768	20.045129	-36.4686	13.1675	0	0	0	86514004	2	0	0	0	296.47314	20.047365	9.006129e-11	8.038725e-10	-1790.667	7.7091023e+08	4.1019584e+08	2.0119658	3.9024123	1.9334506	1512	285	1111	12	0	1	0	0	0	16.997457	0	5.7673836	0	0	0	0	0	0	297.846	-5.22782e-13	296.485	8.99716e-11	8.04011e-10	0	18	336629.49	336629.49
5.7685	20.043319	-36.4718	13.1673	0	0	0	86514007	2	0	0	0	296.44995	20.047365	8.980905e-11	8.049952e-10	-1790.667	7.7091023e+08	4.1077104e+08	2.0119437	3.4731787	1.9420653	1470	274	1101	6	0	1	0	0	0	16.997457	0	5.7673836	0	0	0	0	0	0	297.846	-5.22782e-13	296.454	8.96465e-11	8.05098e-10	0	19	335663.52	335663.52
5.769	20.041504	-36.475	13.1671	0	0	0	86514011	2	0	0	0	298.21602	20.044865	9.050893e-11	8.09834e-10	-1790.667	7.7091023e+08	4.1324251e+08	2.0120643	3.9930652	1.9317213	1467	282	1077	14	0	0	0	0	0	16.997457	0	5.7680733	0	0	0	0	0	0	297.846	-5.22782e-13	297.321	8.98879e-11	7.96712e-10	0	8	338256.01	338256.01
5.7695	20.039694	-36.4781	13.167	0	0	0	86514015	2	0	0	0	298.18532	20.042365	9.038459e-11	8.106689e-10	-1790.667	7.7091023e+08	4.1367089e+08	2.0118598	3.8219919	1.9349667	1519	290	1122	12	0	0	1	0	0	16.997457	0	5.7687632	0	0	0	0	0	0	297.846	-5.22782e-13	298.197	8.99698e-11	8.10125e-10	0	15	337768.02	337768.02
5.77	20.037884	-36.4813	13.1668	0	0	0	86514018	2	0	0	0	298.16501	20.039865	9.053736e-11	8.110455e-10	-1790.667	7.7091023e+08	4.1386542e+08	2.0121536	3.5395469	1.9409325	1507	306	1093	17	1	1	1	0	0	16.997457	0	5.7694533	0	0	0	0	0	0	297.846	-5.22782e-13	298.168	9.03931e-11	8.11007e-10	0	14	338315.59	338315.59
5.7705	20.036074	-36.4844	13.1666	0	0	0	86514022	2	0	0	0	298.1321	20.039865	9.051604e-11	8.108501e-10	-1790.667	7.7091023e+08	4.1376807e+08	2.0118938	3.3165807	1.9451677	1527	283	1146	13	0	0	0	0	0	16.997457	0	5.7694533	0	0	0	0	0	0	297.846	-5.22782e-13	298.135	9.04752e-11	8.10251e-10	0	15	338212.6	338212.6
5.771	20.034264	-36.4876	13.1665	0	0	0	86514026	2	0	0	0	298.10194	20.037365	9.03988e-11	8.117809e-10	-1790.667	7.7091023e+08	4.1424541e+08	2.0120042	3.3243192	1.9451187	1559	322	1135	13	0	0	1	0	0	16.997457	0	5.7701435	0	0	0	0	0	0	297.846	-5.22782e-13	298.109	9.08742e-11	8.11576e-10	0	12	337751.24	337751.24
5.7715	20.032454	-36.4908	13.1663	0	0	0	86514030	2	0	0	0	298.07	20.034865	9.129764e-11	8.111911e-10	-1790.667	7.7091023e+08	4.1394682e+08	2.0122157	3.3341953	1.9451245	1592	332	1155	11	0	1	1	0	0	16.997457	0	5.7708339	0	0	0	0	0	0	297.846	-5.22782e-13	298.082	9.16316e-11	8.11032e-10	0	10	341086	341086
5.772	20.030644	-36.4939	13.1661	0	0	0	86514033	2	0	0	0	298.03898	20.034865	9.053025e-11	8.122747e-10	-1790.667	7.7091023e+08	4.1450216e+08	2.0118003	3.8481115	1.934384	1506	282	1132	11	0	0	0	0	0	16.997457	0	5.7708339	0	0	0	0	0	0	297.846	-5.22782e-13	298.051	9.06386e-11	8.1163e-10	0	10	338195.73	338195.73
5.7725	20.028834	-36.4971	13.166	0	0	0	86514037	2	0	0	0	298.01528	20.032365	9.022472e-11	8.137242e-10	-1790.667	7.7091023e+08	4.1524424e+08	2.0122771	2.9884393	1.9521414	1582	310	1168	7	0	0	1	0	0	16.997457	0	5.7715245	0	0	0	0	0	0	297.846	-5.22782e-13	298.02	9.04414e-11	8.1266e-10	0	14	337031.12	337031.12
5.773	20.027024	-36.5003	13.1658	0	0	0	86514041	2	0	0	0	297.98621	20.029865	9.064038e-11	8.124772e-10	-1790.667	7.7091023e+08	4.1461029e+08	2.0118902	3.325414	1.9449866	1524	311	1122	7	1	1	0	0	0	16.997457	0	5.7722153	0	0	0	0	0	0	297.846	-5.22782e-13	297.99	9.05977e-11	8.12984e-10	0	16	338560.46	338560.46
5.7735	20.025214	-36.5034	13.1656	0	0	0	86514045	2	0	0	0	297.95453	20.027365	8.941115e-11	8.131238e-10	-1790.667	7.7091023e+08	4.1494266e+08	2.0117994	3.5560922	1.9402579	1533	269	1166	10	0	0	2	0	0	16.997457	0	5.7729063	0	0	0	0	0	0	297.846	-5.22782e-13	297.966	9.06564e-11	8.12997e-10	0	15	333946.01	333946.01
5.774	20.023409	-36.5066	13.1655	0	0	0	86514048	2	0	0	0	297.9322	20.027365	8.9873e-11	8.134542e-10	-1790.667	7.7091023e+08	4.1511369e+08	2.012264	3.4455439	1.9429306	1664	353	1180	19	1	1	2	0	0	16.997457	0	5.7729063	0	0	0	0	0	0	297.846	-5.22782e-13	297.936	9.07034e-11	8.13411e-10	0	14	335647.86	335647.86
5.7745	20.021599	-36.5097	13.1653	0	0	0	86514053	2	0	0	0	297.89545	20.024865	9.075052e-11	8.13607e-10	-1790.667	7.7091023e+08	4.1519409e+08	2.0122707	3.1792462	1.9482957	1487	276	1121	6	1	1	2	0	0	16.997457	0	5.7735974	0	0	0	0	0	0	297.846	-5.22782e-13	297.907	9.06883e-11	8.13127e-10	0	12	338901.77	338901.77
5.775	20.019794	-36.5129	13.1651	0	0	0	86514057	2	0	0	0	297.86337	20.022365	9.128343e-11	8.127081e-10	-1790.667	7.7091023e+08	4.1473779e+08	2.0118288	2.9753307	1.9519702	1588	329	1151	17	0	1	0	0	0	16.997457	0	5.7742887	0	0	0	0	0	0	297.846	-5.22782e-13	297.876	9.07026e-11	8.14069e-10	0	13	340868.39	340868.39
5.7755	20.017984	-36.5161	13.165	0	0	0	86514060	2	0	0	0	297.83459	20.019865	9.162093e-11	8.149712e-10	-1790.667	7.7091023e+08	4.1589513e+08	2.0120989	3.6930511	1.937791	1589	299	1163	16	1	1	2	0	0	16.997457	0	5.7749802	0	0	0	0	0	0	297.846	-5.22782e-13	297.844	9.1211e-11	8.14483e-10	0	18	342105.09	342105.09
5.776	20.016179	-36.5192	13.1648	0	0	0	86514064	2	0	0	0	297.80765	20.019865	9.100276e-11	8.152483e-10	-1790.667	7.7091023e+08	4.1603899e+08	2.0122771	4.3353393	1.9250381	1565	287	1171	13	0	0	1	0	0	16.997457	0	5.7749802	0	0	0	0	0	0	297.846	-5.22782e-13	297.812	9.1938e-11	8.14855e-10	0	11	339773.48	339773.48
5.7765	20.014374	-36.5224	13.1647	0	0	0	86514068	2	0	0	0	297.77941	20.017365	9.146106e-11	8.156853e-10	-1790.667	7.7091023e+08	4.1626446e+08	2.0121802	3.3163313	1.9454496	1532	316	1100	14	0	0	1	0	0	16.997457	0	5.7756718	0	0	0	0	0	0	297.846	-5.22782e-13	297.786	9.12719e-11	8.15406e-10	0	18	341461.09	341461.09
5.777	20.012564	-36.5255	13.1645	0	0	0	86514072	2	0	0	0	297.74727	20.014865	9.179146e-11	8.160015e-10	-1790.667	7.7091023e+08	4.1642829e+08	2.0117853	3.573264	1.9398989	1554	317	1119	9	0	1	1	0	0	16.997457	0	5.7763636	0	0	0	0	0	0	297.846	-5.22782e-13	297.759	9.16263e-11	8.14362e-10	0	16	342670.99	342670.99
5.7775	20.010759	-36.5287	13.1643	0	0	0	86514075	2	0	0	0	297.72575	20.014865	9.271517e-11	8.155823e-10	-1790.667	7.7091023e+08	4.1621684e+08	2.0120976	3.6857059	1.9379376	1560	296	1134	15	0	0	0	0	0	16.997457	0	5.7763636	0	0	0	0	0	0	297.846	-5.22782e-13	297.729	9.1835e-11	8.1637e-10	0	13	346095.49	346095.49
5.778	20.008954	-36.5319	13.1642	0	0	0	86514079	2	0	0	0	297.69566	20.012365	9.341505e-11	8.165806e-10	-1790.667	7.7091023e+08	4.1672878e+08	2.0119389	3.1571218	1.9484195	1512	310	1103	10	1	1	0	0	0	16.997457	0	5.7770556	0	0	0	0	0	0	297.846	-5.22782e-13	297.699	9.23258e-11	8.15951e-10	0	15	348684.04	348684.04
5.7785	20.007149	-36.535	13.164	0	0	0	86514083	2	0	0	0	297.66362	20.009865	9.376677e-11	8.164172e-10	-1790.667	7.7091023e+08	4.1664788e+08	2.012104	3.670522	1.9382493	1573	307	1142	10	1	1	0	0	0	16.997457	0	5.7777478	0	0	0	0	0	0	297.846	-5.22782e-13	297.675	9.31877e-11	8.1635e-10	0	13	349972.77	349972.77
5.779	20.005344	-36.5382	13.1638	0	0	0	86514086	2	0	0	0	297.64283	20.007365	9.303491e-11	8.168861e-10	-1790.667	7.7091023e+08	4.1688968e+08	2.011888	3.4841701	1.9417904	1467	285	1082	9	1	1	0	0	0	16.997457	0	5.7784402	0	0	0	0	0	0	297.846	-5.22782e-13	297.646	9.29297e-11	8.1649e-10	0	9	347217.27	347217.27
5.7795	20.003539	-36.5414	13.1637	0	0	0	86514090	2	0	0	0	297.61008	20.007365	9.382006e-11	8.160512e-10	-1790.667	7.7091023e+08	4.164661e+08	2.0121741	3.6627447	1.9384733	1574	306	1159	15	0	0	3	0	0	16.997457	0	5.7784402	0	0	0	0	0	0	297.846	-5.22782e-13	297.615	9.34319e-11	8.15763e-10	0	16	350123.42	350123.42
5.78	20.001734	-36.5445	13.1635	0	0	0	86514094	2	0	0	0	297.58067	20.004865	9.30882e-11	8.16442e-10	-1790.667	7.7091023e+08	4.1666805e+08	2.0119226	3.4202986	1.9431088	1504	291	1111	8	0	0	0	0	0	16.997457	0	5.7791327	0	0	0	0	0	0	297.846	-5.22782e-13	297.588	9.38257e-11	8.16297e-10	0	16	347368.29	347368.29
5.7805	19.999929	-36.5477	13.1633	0	0	0	86514098	2	0	0	0	297.54985	20.002365	9.464074e-11	8.160477e-10	-1790.667	7.7091023e+08	4.1646934e+08	2.0119536	3.6789715	1.9379344	1463	270	1091	9	0	1	1	0	0	16.997457	0	5.7798254	0	0	0	0	0	0	297.846	-5.22782e-13	297.562	9.4138e-11	8.16308e-10	0	16	353137.43	353137.43
5.781	19.998129	-36.5508	13.1632	0	0	0	86514101	2	0	0	0	297.52505	20.002365	9.492851e-11	8.163177e-10	-1790.667	7.7091023e+08	4.1660966e+08	2.0120106	3.6456429	1.9386598	1582	309	1185	12	0	0	1	0	0	16.997457	0	5.7798254	0	0	0	0	0	0	297.846	-5.22782e-13	297.529	9.47892e-11	8.15783e-10	0	8	354186.81	354186.81
5.7815	19.996324	-36.554	13.163	0	0	0	86514105	2	0	0	0	297.49459	19.999865	9.557155e-11	8.17014e-10	-1790.667	7.7091023e+08	4.1696755e+08	2.0120906	3.8361057	1.9349046	1543	299	1122	18	0	0	0	0	0	16.997457	0	5.7805183	0	0	0	0	0	0	297.846	-5.22782e-13	297.499	9.50671e-11	8.17354e-10	0	15	356561.49	356561.49
5.782	19.994519	-36.5572	13.1628	0	0	0	86514109	2	0	0	0	297.46402	19.997365	9.564971e-11	8.166836e-10	-1790.667	7.7091023e+08	4.1680146e+08	2.0120666	3.5175934	1.9412902	1483	282	1091	10	0	1	1	0	0	16.997457	0	5.7812114	0	0	0	0	0	0	297.846	-5.22782e-13	297.472	9.57705e-11	8.17045e-10	0	22	356828.52	356828.52
5.7825	19.992719	-36.5603	13.1627	0	0	0	86514113	2	0	0	0	297.43517	19.994865	9.755396e-11	8.186021e-10	-1790.667	7.7091023e+08	4.1778314e+08	2.0118355	3.6363529	1.9386781	1544	294	1147	12	0	0	0	0	0	16.997457	0	5.7819047	0	0	0	0	0	0	297.846	-5.22782e-13	297.445	9.6338e-11	8.17676e-10	0	10	363907.41	363907.41
5.783	19.990914	-36.5635	13.1625	0	0	0	86514117	2	0	0	0	297.40236	19.994865	9.674039e-11	8.169572e-10	-1790.667	7.7091023e+08	4.169462e+08	2.0118426	3.4667683	1.9420966	1545	287	1158	11	0	1	0	0	0	16.997457	0	5.7819047	0	0	0	0	0	0	297.846	-5.22782e-13	297.407	9.67981e-11	8.18014e-10	0	15	360847.68	360847.68
5.7835	19.989114	-36.5666	13.1623	0	0	0	86514121	2	0	0	0	297.37411	19.992365	9.690737e-11	8.187513e-10	-1790.667	7.7091023e+08	4.1786441e+08	2.0122573	3.1259462	1.9493552	1531	292	1120	15	0	0	1	0	0	16.997457	0	5.7825981	0	0	0	0	0	0	297.846	-5.22782e-13	297.385	9.72591e-11	8.17474e-10	0	12	361445.64	361445.64
5.784	19.987314	-36.5698	13.1622	0	0	0	86514124	2	0	0	0	297.35093	19.989865	9.731238e-11	8.184671e-10	-1790.667	7.7091023e+08	4.1772194e+08	2.0121734	3.3143067	1.9454838	1488	241	1147	10	0	0	1	0	0	16.997457	0	5.7832917	0	0	0	0	0	0	297.846	-5.22782e-13	297.355	9.74616e-11	8.17433e-10	0	19	362931.26	362931.26
5.7845	19.985509	-36.573	13.162	0	0	0	86514128	2	0	0	0	297.31897	19.987365	9.83178e-11	8.183854e-10	-1790.667	7.7091023e+08	4.1768282e+08	2.0119139	3.226142	1.9470067	1548	292	1129	7	0	0	0	0	0	16.997457	0	5.7839855	0	0	0	0	0	0	297.846	-5.22782e-13	297.324	9.80993e-11	8.18794e-10	0	11	366655.78	366655.78
5.785	19.983709	-36.5761	13.1619	0	0	0	86514132	2	0	0	0	297.28894	19.987365	9.855583e-11	8.174545e-10	-1790.667	7.7091023e+08	4.172103e+08	2.0120723	3.224902	1.947185	1550	313	1124	15	0	0	0	0	0	16.997457	0	5.7839855	0	0	0	0	0	0	297.846	-5.22782e-13	297.293	9.8688e-11	8.18619e-10	0	16	367518.16	367518.16
5.7855	19.981909	-36.5793	13.1617	0	0	0	86514136	2	0	0	0	297.26008	19.984865	9.795897e-11	8.173622e-10	-1790.667	7.7091023e+08	4.1716578e+08	2.0120096	3.3109504	1.945393	1531	282	1125	15	1	1	0	0	0	16.997457	0	5.7846794	0	0	0	0	0	0	297.846	-5.22782e-13	297.27	9.85354e-11	8.17755e-10	0	13	365267.3	365267.3
5.786	19.980109	-36.5824	13.1615	0	0	0	86514139	2	0	0	0	297.23517	19.982365	9.993428e-11	8.182504e-10	-1790.667	7.7091023e+08	4.176217e+08	2.0120864	3.861528	1.9343891	1591	285	1201	10	1	1	0	0	0	16.997457	0	5.7853736	0	0	0	0	0	0	297.846	-5.22782e-13	297.239	9.94245e-11	8.17009e-10	0	20	372607.15	372607.15
5.7865	19.978309	-36.5856	13.1614	0	0	0	86514143	2	0	0	0	297.20563	19.982365	9.992362e-11	8.169359e-10	-1790.667	7.7091023e+08	4.169534e+08	2.0118339	3.3642698	1.9441504	1540	273	1154	14	0	0	1	0	0	16.997457	0	5.7853736	0	0	0	0	0	0	297.846	-5.22782e-13	297.209	9.93037e-11	8.1716e-10	0	13	372541.76	372541.76
5.787	19.976509	-36.5888	13.1612	0	0	0	86514147	2	0	0	0	297.17521	19.979865	9.98206e-11	8.177032e-10	-1790.667	7.7091023e+08	4.1734764e+08	2.011808	3.1597131	1.9482406	1508	286	1115	15	0	0	1	0	0	16.997457	0	5.7860679	0	0	0	0	0	0	297.846	-5.22782e-13	297.182	9.95122e-11	8.17131e-10	0	5	372132.06	372132.06
5.7875	19.974709	-36.5919	13.161	0	0	0	86514151	2	0	0	0	297.14403	19.977365	9.980283e-11	8.184351e-10	-1790.667	7.7091023e+08	4.1772381e+08	2.0120995	2.8607094	1.9545392	1454	243	1107	13	1	1	0	0	0	16.997457	0	5.7867624	0	0	0	0	0	0	297.846	-5.22782e-13	297.156	9.98321e-11	8.17693e-10	0	18	372040.21	372040.21
5.788	19.972909	-36.5951	13.1609	0	0	0	86514154	2	0	0	0	297.12045	19.974865	9.993073e-11	8.178631e-10	-1790.667	7.7091023e+08	4.1743449e+08	2.0119498	3.2990088	1.9455754	1499	259	1129	11	0	0	2	0	0	16.997457	0	5.787457	0	0	0	0	0	0	297.846	-5.22782e-13	297.124	9.98526e-11	8.17457e-10	0	19	372491.35	372491.35
5.7885	19.971114	-36.5983	13.1607	0	0	0	86514158	2	0	0	0	297.0904	19.974865	1.011671e-10	8.18428e-10	-1790.667	7.7091023e+08	4.1772545e+08	2.0120224	3.4238665	1.9431334	1574	284	1167	10	0	0	1	0	0	16.997457	0	5.787457	0	0	0	0	0	0	297.846	-5.22782e-13	297.094	1.00696e-10	8.19006e-10	0	14	377073.96	377073.96
5.789	19.969314	-36.6014	13.1605	0	0	0	86514162	2	0	0	0	297.05911	19.972365	1.014939e-10	8.201724e-10	-1790.667	7.7091023e+08	4.1861844e+08	2.0120378	3.1835585	1.9479834	1534	259	1160	9	0	1	0	0	0	16.997457	0	5.7881519	0	0	0	0	0	0	297.846	-5.22782e-13	297.071	1.0048e-10	8.19763e-10	0	16	378266	378266
5.7895	19.967514	-36.6046	13.1604	0	0	0	86514166	2	0	0	0	297.03134	19.969865	1.005169e-10	8.211671e-10	-1790.667	7.7091023e+08	4.191288e+08	2.0120845	3.2604913	1.9464806	1527	285	1133	10	0	1	0	0	0	16.997457	0	5.7888469	0	0	0	0	0	0	297.846	-5.22782e-13	297.041	1.00372e-10	8.20873e-10	0	11	374598.96	374598.96
5.79	19.965719	-36.6077	13.1602	0	0	0	86514169	2	0	0	0	297.00755	19.969865	1.009219e-10	8.207799e-10	-1790.667	7.7091023e+08	4.1893384e+08	2.011872	3.4611824	1.9422374	1586	293	1185	12	0	1	0	0	0	16.997457	0	5.7888469	0	0	0	0	0	0	297.846	-5.22782e-13	297.012	1.01114e-10	8.18807e-10	0	13	376082.41	376082.41
5.7905	19.963919	-36.6109	13.1601	0	0	0	86514174	2	0	0	0	296.96956	19.967365	1.009823e-10	8.190142e-10	-1790.667	7.7091023e+08	4.1803527e+08	2.0121165	3.2669123	1.9463824	1437	271	1078	10	1	1	0	0	0	16.997457	0	5.7895421	0	0	0	0	0	0	297.846	-5.22782e-13	296.981	1.00508e-10	8.18919e-10	0	13	376281.6	376281.6
5.791	19.962124	-36.6141	13.1599	0	0	0	86514177	2	0	0	0	296.94625	19.964865	1.023928e-10	8.201297e-10	-1790.667	7.7091023e+08	4.1860731e+08	2.0121261	4.2254529	1.9271046	1504	263	1121	19	1	1	0	0	0	16.997457	0	5.7902375	0	0	0	0	0	0	297.846	-5.22782e-13	296.95	1.01534e-10	8.19747e-10	0	8	381511.17	381511.17
5.7915	19.960329	-36.6172	13.1597	0	0	0	86514181	2	0	0	0	296.91529	19.962365	1.023608e-10	8.189787e-10	-1790.667	7.7091023e+08	4.180225e+08	2.012216	2.732971	1.9572227	1504	276	1100	18	1	2	1	0	0	16.997457	0	5.790933	0	0	0	0	0	0	297.846	-5.22782e-13	296.919	1.01399e-10	8.19491e-10	0	18	381365.71	381365.71
5.792	19.958529	-36.6204	13.1596	0	0	0	86514185	2	0	0	0	296.88791	19.962365	1.018918e-10	8.200587e-10	-1790.667	7.7091023e+08	4.1857645e+08	2.0122211	3.6902028	1.9379661	1557	267	1183	8	0	0	1	0	0	16.997457	0	5.790933	0	0	0	0	0	0	297.846	-5.22782e-13	296.894	1.01547e-10	8.20218e-10	0	15	379592.24	379592.24
5.7925	19.956734	-36.6235	13.1594	0	0	0	86514188	2	0	0	0	296.8565	19.959865	1.023501e-10	8.194405e-10	-1790.667	7.7091023e+08	4.182636e+08	2.012145	3.4364125	1.9429994	1560	306	1138	14	2	3	0	0	0	16.997457	0	5.7916288	0	0	0	0	0	0	297.846	-5.22782e-13	296.867	1.02469e-10	8.19311e-10	0	15	381273.39	381273.39
5.793	19.954939	-36.6267	13.1592	0	0	0	86514192	2	0	0	0	296.83236	19.957365	1.023821e-10	8.20144e-10	-1790.667	7.7091023e+08	4.1862539e+08	2.0122054	3.7624786	1.9364966	1589	274	1204	12	0	1	0	0	0	16.997457	0	5.7923247	0	0	0	0	0	0	297.846	-5.22782e-13	296.836	1.02121e-10	8.20103e-10	0	17	381366.36	381366.36
5.7935	19.953144	-36.6299	13.1591	0	0	0	86514196	2	0	0	0	296.80299	19.957365	1.027374e-10	8.211565e-10	-1790.667	7.7091023e+08	4.1914491e+08	2.0120352	3.3334447	1.9449651	1481	244	1142	12	0	0	0	0	0	16.997457	0	5.7923247	0	0	0	0	0	0	297.846	-5.22782e-13	296.81	1.02285e-10	8.21024e-10	0	19	382663.51	382663.51
5.794	19.951349	-36.633	13.1589	0	0	0	86514200	2	0	0	0	296.76905	19.954865	1.022933e-10	8.214656e-10	-1790.667	7.7091023e+08	4.1930541e+08	2.0121453	3.4565138	1.9425952	1518	265	1157	9	0	1	2	0	0	16.997457	0	5.7930208	0	0	0	0	0	0	297.846	-5.22782e-13	296.782	1.02624e-10	8.21625e-10	0	18	380983.19	380983.19
5.7945	19.949554	-36.6362	13.1587	0	0	0	86514203	2	0	0	0	296.73878	19.952365	1.008083e-10	8.218777e-10	-1790.667	7.7091023e+08	4.1951849e+08	2.0121859	3.3745749	1.9442832	1530	290	1113	14	1	2	0	0	0	16.997457	0	5.793717	0	0	0	0	0	0	297.846	-5.22782e-13	296.751	1.0206e-10	8.21204e-10	0	14	375426.6	375426.6
5.795	19.947759	-36.6394	13.1586	0	0	0	86514207	2	0	0	0	296.71697	19.949963	1.028972e-10	8.216325e-10	-1790.667	7.7091023e+08	4.1939607e+08	2.0120195	3.3807227	1.9439987	1565	264	1171	15	1	1	1	0	0	16.997457	0	5.7943863	0	0	0	0	0	0	297.846	-5.22782e-13	296.721	1.02619e-10	8.21791e-10	0	9	383179.66	383179.66
5.7955	19.945964	-36.6425	13.1584	0	0	0	86514211	2	0	0	0	296.68597	19.949963	1.021192e-10	8.23384e-10	-1790.667	7.7091023e+08	4.2029286e+08	2.0122765	3.3779056	1.9443037	1566	322	1137	16	0	0	0	0	0	16.997457	0	5.7943863	0	0	0	0	0	0	297.846	-5.22782e-13	296.698	1.02378e-10	8.22844e-10	0	13	380256.31	380256.31
5.796	19.944174	-36.6457	13.1583	0	0	0	86514214	2	0	0	0	296.66327	19.947463	1.028653e-10	8.232028e-10	-1790.667	7.7091023e+08	4.2020313e+08	2.0118589	3.6730369	1.9379626	1570	296	1143	15	0	0	0	0	0	16.997457	0	5.7950829	0	0	0	0	0	0	297.846	-5.22782e-13	296.667	1.02716e-10	8.23852e-10	0	9	383008.2	383008.2
5.7965	19.942379	-36.6488	13.1581	0	0	0	86514218	2	0	0	0	296.63482	19.944963	1.027374e-10	8.232561e-10	-1790.667	7.7091023e+08	4.202331e+08	2.0122419	3.1122302	1.9496163	1585	278	1195	6	0	0	1	0	0	16.997457	0	5.7957797	0	0	0	0	0	0	297.846	-5.22782e-13	296.637	1.0276e-10	8.22996e-10	0	13	382505.68	382505.68
5.797	19.940584	-36.652	13.1579	0	0	0	86514222	2	0	0	0	296.6038	19.942463	1.036469e-10	8.232917e-10	-1790.667	7.7091023e+08	4.2025404e+08	2.012168	3.6362292	1.939001	1586	275	1195	7	0	0	2	0	0	16.997457	0	5.7964767	0	0	0	0	0	0	297.846	-5.22782e-13	296.607	1.02864e-10	8.23229e-10	0	15	385865.34	385865.34
5.7975	19.938794	-36.6552	13.1578	0	0	0	86514226	2	0	0	0	296.57241	19.942463	1.023572e-10	8.237571e-10	-1790.667	7.7091023e+08	4.2049439e+08	2.0120675	3.6063998	1.9395043	1573	258	1204	6	0	1	2	0	0	16.997457	0	5.7964767	0	0	0	0	0	0	297.846	-5.22782e-13	296.586	1.03471e-10	8.24058e-10	0	15	381037.75	381037.75
5.798	19.936999	-36.6583	13.1576	0	0	0	86514229	2	0	0	0	296.55166	19.939963	1.027836e-10	8.248371e-10	-1790.667	7.7091023e+08	4.2104848e+08	2.0119341	3.9112375	1.9332426	1507	267	1142	6	1	1	0	0	0	16.997457	0	5.7971738	0	0	0	0	0	0	297.846	-5.22782e-13	296.556	1.03365e-10	8.24778e-10	0	18	382598.78	382598.78
5.7985	19.935209	-36.6615	13.1574	0	0	0	86514234	2	0	0	0	296.51129	19.937463	1.036717e-10	8.250964e-10	-1790.667	7.7091023e+08	4.2118364e+08	2.011856	3.2813005	1.945841	1538	251	1152	12	0	2	0	0	0	16.997457	0	5.7978712	0	0	0	0	0	0	297.846	-5.22782e-13	296.524	1.03305e-10	8.24868e-10	0	17	385878.09	385878.09
5.799	19.933414	-36.6646	13.1573	0	0	0	86514238	2	0	0	0	296.48189	19.937463	1.027587e-10	8.245813e-10	-1790.667	7.7091023e+08	4.209235e+08	2.0118579	3.2513787	1.9464448	1612	281	1202	15	0	0	2	0	0	16.997457	0	5.7978712	0	0	0	0	0	0	297.846	-5.22782e-13	296.494	1.03589e-10	8.25764e-10	0	15	382453.51	382453.51
5.7995	19.931624	-36.6678	13.1571	0	0	0	86514241	2	0	0	0	296.74171	19.934963	1.038174e-10	8.271996e-10	-1790.667	7.7091023e+08	4.2226289e+08	2.0121562	3.3175159	1.9454026	1599	264	1222	7	0	0	0	0	0	16.997457	0	5.7985687	0	0	0	0	0	0	297.846	-5.22782e-13	296.609	1.03477e-10	8.17599e-10	0	15	386367.29	386367.29
5.8	19.929834	-36.671	13.157	0	0	0	86514245	2	0	0	0	296.71957	19.932463	1.03487e-10	8.277823e-10	-1790.667	7.7091023e+08	4.2256317e+08	2.0121322	3.1663606	1.9484208	1544	296	1121	14	1	1	1	0	0	16.997457	0	5.7992664	0	0	0	0	0	0	297.846	-5.22782e-13	296.723	1.03534e-10	8.27444e-10	0	13	385111.21	385111.21
5.8005	19.928044	-36.6741	13.1568	0	0	0	86514249	2	0	0	0	296.68871	19.929963	1.03082e-10	8.282548e-10	-1790.667	7.7091023e+08	4.2280721e+08	2.0119098	3.6149375	1.9391805	1601	290	1193	9	0	0	0	0	0	16.997457	0	5.7999642	0	0	0	0	0	0	297.846	-5.22782e-13	296.692	1.03589e-10	8.27614e-10	0	16	383577.7	383577.7
5.801	19.926254	-36.6773	13.1566	0	0	0	86514253	2	0	0	0	296.65812	19.929963	1.03789e-10	8.279457e-10	-1790.667	7.7091023e+08	4.2265226e+08	2.0122262	3.5021589	1.9417549	1598	274	1197	15	0	0	0	0	0	16.997457	0	5.7999642	0	0	0	0	0	0	297.846	-5.22782e-13	296.67	1.041e-10	8.27004e-10	0	12	386181.98	386181.98
5.8015	19.924464	-36.6804	13.1565	0	0	0	86514256	2	0	0	0	296.6295	19.927463	1.04972e-10	8.27896e-10	-1790.667	7.7091023e+08	4.2262974e+08	2.0119296	3.6878905	1.9377318	1557	287	1159	12	0	1	0	0	0	16.997457	0	5.8006623	0	0	0	0	0	0	297.846	-5.22782e-13	296.639	1.04929e-10	8.27966e-10	0	16	390556.89	390556.89
5.802	19.922674	-36.6836	13.1563	0	0	0	86514260	2	0	0	0	296.60604	19.924963	1.061125e-10	8.283152e-10	-1790.667	7.7091023e+08	4.228466e+08	2.0117994	3.2060931	1.9472992	1557	274	1150	13	0	0	0	0	0	16.997457	0	5.8013605	0	0	0	0	0	0	297.846	-5.22782e-13	296.609	1.04675e-10	8.28195e-10	0	19	394773.09	394773.09
5.8025	19.920884	-36.6868	13.1561	0	0	0	86514264	2	0	0	0	296.57416	19.924963	1.057927e-10	8.287557e-10	-1790.667	7.7091023e+08	4.2307434e+08	2.0120387	3.4914636	1.9417891	1566	280	1161	13	0	0	1	0	0	16.997457	0	5.8013605	0	0	0	0	0	0	297.846	-5.22782e-13	296.582	1.05207e-10	8.27662e-10	0	14	393556.29	393556.29
5.803	19.919094	-36.6899	13.156	0	0	0	86514268	2	0	0	0	296.54449	19.922463	1.05107e-10	8.279386e-10	-1790.667	7.7091023e+08	4.2266009e+08	2.0120842	3.6744706	1.9381507	1632	289	1217	14	0	0	0	0	0	16.997457	0	5.8020589	0	0	0	0	0	0	297.846	-5.22782e-13	296.557	1.05775e-10	8.27787e-10	0	8	390978.58	390978.58
