# Scan number: 3
# Command: ascan cr2roll -0.0246987 0.175301 20 1
# Date: Wed Jul 24 18:14:18 2024
# date: Wed Jul 24 18:14:18 2024
# C Wed Jul 24 18: 16:18 2024.  do ./2023-07_EXAFS.mac.
cr2roll	monoE	monoh	H	K	L	Epoch	sec	no1	no2	izero	RCur	enc_det	K1_1	K1_2	"Counter 8"	"Counter 9"	ionch1	mcaRt	mcaDt	mcaLt	mca	roi1	roi2	roi3	roi4	roi5	roi6	ctm	ctran	LST1	LST2	E_det	mcaLt1	mcaLt2	mcaLt3	mcaLt4	mcaLt5	mcaLt6	mcaLt7	mcaLt8	AS_RC	AS_DM	AS_IC	AS_IC1	cyber	diode1	diode1
0.0053042607	8.979	25	0	0	0	86407558	1	0	0	0	296.6699	12.718537	-4.263256e-13	-5.009326e-13	-1790.667	7.7091023e+08	-353557.62	1.0121734	0.03392304	1.0118301	0	0	0	0	0	0	0	0	0	16.997457	0	8.9799449	0	0	0	0	0	0	297.846	-5.22782e-13	296.67	-4.12115e-13	-5.20473e-13	0	13	-1145.7237	-1145.7237
0.015296008	8.979	25	0	0	0	86407562	1	0	0	0	296.64141	12.718537	-4.760636e-13	-4.405365e-13	-1790.667	7.7091023e+08	-310930.13	1.0119683	0.034815319	1.011616	2	0	0	2	0	0	0	0	0	16.997457	0	8.9799449	0	0	0	0	0	0	297.846	-5.22782e-13	296.641	-5.87974e-13	-3.9968e-13	0	13	-1279.3915	-1279.3915
0.025301461	8.979	25	0	0	0	86407566	1	0	0	0	296.61242	12.718537	-4.511946e-13	-1.49214e-13	-1790.667	7.7091023e+08	-105315.06	1.0121245	0.035884914	1.0117613	7	0	0	2	0	0	0	0	0	16.997457	0	8.9799449	0	0	0	0	0	0	297.846	-5.22782e-13	296.612	-5.68434e-13	-1.47438e-13	0	15	-1212.5576	-1212.5576
0.035306914	8.979	25	0	0	0	86407570	1	0	0	0	296.58206	12.718537	-4.654055e-13	6.57252e-13	-1790.667	7.7091023e+08	463887.66	1.0119946	0.03671166	1.011623	9	0	2	4	0	0	0	0	0	16.997457	0	8.9799449	0	0	0	0	0	0	297.846	-5.22782e-13	296.586	-5.29354e-13	6.39488e-13	0	11	-1250.7485	-1250.7485
0.04529866	8.979	25	0	0	0	86407574	1	0	0	0	296.5507	12.718537	-5.258016e-13	3.339551e-12	-1790.667	7.7091023e+08	2357051	1.0120461	2.8261796	0.98344384	35	1	4	14	0	0	0	0	0	16.997457	0	8.9799449	0	0	0	0	0	0	297.846	-5.22782e-13	296.561	-4.73695e-13	3.32356e-12	0	9	-1413.0592	-1413.0592
0.055304114	8.979	25	0	0	0	86407577	1	0	0	0	296.53041	12.718537	8.171241e-14	7.274537e-11	-1790.667	7.7091023e+08	51343594	1.0118957	5.9178907	0.9520128	745	45	50	225	3	3	0	0	0	16.997457	0	8.9799449	0	0	0	0	0	0	297.846	-5.22782e-13	296.53	-4.61853e-14	7.12319e-11	0	9	219.59704	219.59704
0.06529586	8.979	25	0	0	0	86407590	1	0	0	0	296.43595	12.718537	6.593837e-12	9.533743e-10	-1790.667	7.7091023e+08	6.7289042e+08	1.012097	19.853845	0.8111568	7948	400	497	2271	14	14	1	0	0	16.997457	0	8.9799449	0	0	0	0	0	0	297.846	-5.22782e-13	296.5	6.51035e-12	9.49134e-10	0	9	17720.529	17720.529
0.075301313	8.979	25	0	0	0	86407594	1	0	0	0	298.42033	12.718537	1.049472e-11	1.638284e-09	-1790.667	7.7091023e+08	1.1562989e+09	1.0122883	30.390203	0.70465184	11795	581	751	3378	13	17	11	0	0	16.997457	0	8.9799449	0	0	0	0	0	0	297.846	-5.22782e-13	298.428	1.04503e-11	1.63678e-09	0	6	28203.91	28203.91
0.085306766	8.979	25	0	0	0	86407598	1	0	0	0	298.39675	12.718537	7.180034e-12	1.108868e-09	-1790.667	7.7091023e+08	7.8263769e+08	1.0119754	20.253552	0.8070144	7800	374	483	2125	3	4	4	0	0	16.997457	0	8.9799449	0	0	0	0	0	0	297.846	-5.22782e-13	298.397	6.91121e-12	1.10885e-09	0	4	19295.897	19295.897
0.095298513	8.979	25	0	0	0	86407602	1	0	0	0	298.36951	12.718537	1.513456e-12	2.783409e-10	-1790.667	7.7091023e+08	1.9645267e+08	1.0119837	7.6631433	0.93443392	1893	79	110	479	0	0	0	0	0	16.997457	0	8.9799449	0	0	0	0	0	0	297.846	-5.22782e-13	298.37	1.52175e-12	2.77671e-10	0	13	4067.3193	4067.3193
0.10530397	8.979	25	0	0	0	86407605	1	0	0	0	298.3408	12.718537	-2.025047e-13	1.707789e-11	-1790.667	7.7091023e+08	12053554	1.0121827	4.4209883	0.96743424	110	6	4	27	0	0	0	0	0	16.997457	0	8.9799449	0	0	0	0	0	0	297.846	-5.22782e-13	298.341	-4.05009e-13	1.70335e-11	0	9	-544.21884	-544.21884
0.11529571	8.979	25	0	0	0	86407609	1	0	0	0	298.30913	12.718537	-3.517187e-13	3.300471e-12	-1790.667	7.7091023e+08	2329468.4	1.0117866	0.041589799	1.0113658	25	1	2	8	0	0	0	0	0	16.997457	0	8.9799449	0	0	0	0	0	0	297.846	-5.22782e-13	298.313	-4.42313e-13	3.28626e-12	0	18	-945.22223	-945.22223
0.12530117	8.979	25	0	0	0	86407613	1	0	0	0	298.28029	12.718537	-5.542233e-13	1.733724e-12	-1790.667	7.7091023e+08	1223660.3	1.0119114	8.3686065	0.92722848	11	1	0	5	0	0	0	0	0	16.997457	0	8.9799449	0	0	0	0	0	0	297.846	-5.22782e-13	298.287	-3.53495e-13	1.7503e-12	0	10	-1489.4408	-1489.4408
0.13530662	8.979	25	0	0	0	86407617	1	0	0	0	298.25283	12.718537	-4.369838e-13	7.887024e-13	-1790.667	7.7091023e+08	556665.2	1.011863	16.696742	0.84291488	5	0	0	3	0	0	0	0	0	16.997457	0	8.9799449	0	0	0	0	0	0	297.846	-5.22782e-13	298.258	-5.18696e-13	7.83373e-13	0	9	-1174.3669	-1174.3669
0.14529837	8.979	25	0	0	0	86407620	1	0	0	0	298.22931	12.718537	-4.511946e-13	1.24345e-13	-1790.667	7.7091023e+08	87762.55	1.0119213	33.356239	0.6743824	2	0	0	0	0	0	0	0	0	16.997457	0	8.9799449	0	0	0	0	0	0	297.846	-5.22782e-13	298.229	-4.76064e-13	1.54543e-13	0	15	-1212.5576	-1212.5576
0.15530382	8.979	25	0	0	0	86407624	1	0	0	0	298.20196	12.718537	-3.410605e-13	-2.842171e-13	-1790.667	7.7091023e+08	-200600.08	1.0120637	0.03411643	1.0117184	1	0	0	1	0	0	0	0	0	16.997457	0	8.9799449	0	0	0	0	0	0	297.846	-5.22782e-13	298.202	-4.2751e-13	-2.75335e-13	0	11	-916.57898	-916.57898
0.16529557	8.979	25	0	0	0	86407628	1	0	0	0	298.17068	12.718537	-5.222489e-13	-3.588241e-13	-1790.667	7.7091023e+08	-253257.61	1.012136	0.031553072	1.0118166	0	0	0	0	0	0	0	0	0	16.997457	0	8.9799449	0	0	0	0	0	0	297.846	-5.22782e-13	298.179	-4.99156e-13	-3.97904e-13	0	14	-1403.5116	-1403.5116
0.17530102	8.979	25	0	0	0	86407632	1	0	0	0	298.14813	12.718537	-5.506706e-13	-4.121148e-13	-1790.667	7.7091023e+08	-290870.13	1.0120138	0.034181353	1.0116678	1	0	0	0	0	0	0	0	0	16.997457	0	8.9799449	0	0	0	0	0	0	297.846	-5.22782e-13	298.148	-5.30539e-13	-3.96128e-13	0	12	-1479.8931	-1479.8931
