# Scan number: 6
# Command: k-scan 3 12 8.979 180 1 10
# Date: Thu Jul 25 03:56:10 2024
# date: Thu Jul 25 03:56:10 2024
# C Thu Jul 25 04: 21:44 2024.  do ./2023-07_EXAFS.mac.
Energy	monobr	monoh	cr2latr	cr2vetr	Epoch	sec	no1	no2	izero	RCur	enc_det	K1_1	K1_2	"Counter 8"	"Counter 9"	ionch1	mcaRt	mcaDt	mcaLt	mca	roi1	roi2	roi3	roi4	roi5	roi6	ctm	ctran	LST1	LST2	E_det	mcaLt1	mcaLt2	mcaLt3	mcaLt4	mcaLt5	mcaLt6	mcaLt7	mcaLt8	AS_RC	AS_DM	AS_IC	AS_IC1	cyber	diode1	diode1
9.01329	12.670699	25	-58.6672	12.5891	86442456	1	0	0	0	297.54735	12.671037	1.103915e-08	1.539441e-09	-1790.667	7.7091023e+08	1.092692e+09	1.0119152	92.672588	0.0741472	8777	112	97	5799	133	147	4	0	0	16.997457	0	9.0130544	0	0	0	0	0	0	297.846	-5.22782e-13	297.551	1.10238e-08	1.53838e-09	0	10	29607263	29607263
9.01444	12.669064	25	-58.6672	12.589	86442458	1.0200544	0	0	0	297.52552	12.671037	1.096723e-08	1.539579e-09	-1790.667	7.7091023e+08	1.0929975e+09	1.0279878	92.555803	0.07652544	8161	145	144	4814	80	104	5	0	0	16.997457	0	9.0130544	0	0	0	0	0	0	297.846	-5.22782e-13	297.532	1.09742e-08	1.53995e-09	0	7	29412401	29412401
9.0156	12.667399	25	-58.6672	12.5889	86442461	1.0404384	0	0	0	297.51276	12.668537	1.083745e-08	1.540513e-09	-1790.667	7.7091023e+08	1.0938702e+09	1.0522733	92.776173	0.0760144	9135	123	171	4935	104	126	9	0	0	16.997457	0	9.0148039	0	0	0	0	0	0	297.846	-5.22782e-13	297.513	1.08465e-08	1.54045e-09	0	7	29062388	29062388
9.01678	12.665709	25	-58.6672	12.5888	86442464	1.061152	0	0	0	297.48957	12.668537	1.069036e-08	1.54216e-09	-1790.667	7.7091023e+08	1.0952532e+09	1.0678566	92.840088	0.0764576	9182	114	137	5566	133	143	11	0	0	16.997457	0	9.0148039	0	0	0	0	0	0	297.846	-5.22782e-13	297.493	1.06877e-08	1.54086e-09	0	9	28665973	28665973
9.01799	12.663989	25	-58.6672	12.5887	86442467	1.0821956	0	0	0	297.46703	12.666037	1.045169e-08	1.539068e-09	-1790.667	7.7091023e+08	1.0932757e+09	1.0934432	92.992616	0.07662176	9214	100	88	6027	143	163	1	0	0	16.997457	0	9.0165542	0	0	0	0	0	0	297.846	-5.22782e-13	297.476	1.04611e-08	1.53892e-09	0	8	28024013	28024013
9.01921	12.662244	25	-58.6672	12.5887	86442469	1.1035684	0	0	0	297.45287	12.663537	1.016778e-08	1.538963e-09	-1790.667	7.7091023e+08	1.0934216e+09	1.1082461	93.180258	0.07557952	9184	103	128	5681	128	141	7	0	0	16.997457	0	9.0183051	0	0	0	0	0	0	297.846	-5.22782e-13	297.453	1.0187e-08	1.54178e-09	0	8	27260834	27260834
9.02045	12.660474	25	-58.6672	12.5886	86442472	1.1252712	0	0	0	297.43136	12.661037	9.854521e-09	1.539965e-09	-1790.667	7.7091023e+08	1.0943577e+09	1.1318851	93.42927	0.07437312	9068	130	114	5606	132	150	8	0	0	16.997457	0	9.0200568	0	0	0	0	0	0	297.846	-5.22782e-13	297.431	9.85684e-09	1.53977e-09	0	16	26419053	26419053
9.02171	12.658679	25	-58.6672	12.5885	86442475	1.1473032	0	0	0	297.41064	12.661037	9.783211e-09	1.540522e-09	-1790.667	7.7091023e+08	1.0949816e+09	1.1561152	93.582148	0.07419776	8827	145	136	4815	104	121	4	0	0	16.997457	0	9.0200568	0	0	0	0	0	0	297.846	-5.22782e-13	297.414	9.78288e-09	1.53885e-09	0	10	26225959	26225959
9.02299	12.656859	25	-58.6672	12.5884	86442478	1.1696652	0	0	0	297.3896	12.658537	9.594007e-09	1.537879e-09	-1790.667	7.7091023e+08	1.0933344e+09	1.1801318	93.686563	0.07450688	8893	136	177	5093	115	131	7	0	0	16.997457	0	9.0218091	0	0	0	0	0	0	297.846	-5.22782e-13	297.393	9.60875e-09	1.53765e-09	0	11	25716849	25716849
9.02428	12.655009	25	-58.6672	12.5883	86442481	1.1923568	0	0	0	297.36736	12.656037	9.400601e-09	1.538291e-09	-1790.667	7.7091023e+08	1.0938606e+09	1.203841	93.824965	0.0743376	9312	177	185	5137	137	148	9	0	0	16.997457	0	9.0235621	0	0	0	0	0	0	297.846	-5.22782e-13	297.375	9.40701e-09	1.53534e-09	0	7	25196537	25196537
9.0256	12.653134	25	-58.6672	12.5882	86442484	1.2153784	0	0	0	297.34464	12.656037	9.248517e-09	1.535744e-09	-1790.667	7.7091023e+08	1.0922879e+09	1.2198922	93.868547	0.07479712	9055	162	142	5450	118	136	5	0	0	16.997457	0	9.0235621	0	0	0	0	0	0	297.846	-5.22782e-13	297.354	9.24518e-09	1.53499e-09	0	10	24787009	24787009
9.02693	12.651229	25	-58.6672	12.5881	86442487	1.2387292	0	0	0	297.32672	12.653537	9.180219e-09	1.5333e-09	-1790.667	7.7091023e+08	1.0907895e+09	1.2439056	93.856074	0.07642464	10134	83	111	6794	141	162	8	0	0	16.997457	0	9.0253158	0	0	0	0	0	0	297.846	-5.22782e-13	297.332	9.18029e-09	1.53067e-09	0	10	24602069	24602069
9.02829	12.649304	25	-58.6672	12.588	86442490	1.2624096	0	0	0	297.30216	12.651037	9.174329e-09	1.529148e-09	-1790.667	7.7091023e+08	1.0880806e+09	1.2679206	93.825128	0.07829248	9586	124	161	5633	125	139	6	0	0	16.997457	0	9.0270703	0	0	0	0	0	0	297.846	-5.22782e-13	297.31	9.16441e-09	1.53091e-09	0	15	24584351	24584351
9.02966	12.647349	25	-58.6672	12.5879	86442493	1.28642	0	0	0	297.27975	12.648537	9.256521e-09	1.527498e-09	-1790.667	7.7091023e+08	1.0871529e+09	1.2921386	93.904654	0.07876032	10357	106	117	6778	141	158	5	0	0	16.997457	0	9.0288254	0	0	0	0	0	0	297.846	-5.22782e-13	297.289	9.24293e-09	1.52774e-09	0	6	24802636	24802636
9.03105	12.645369	25	-58.6672	12.5878	86442496	1.31076	0	0	0	297.25884	12.646037	9.365511e-09	1.52532e-09	-1790.667	7.7091023e+08	1.0858526e+09	1.3157994	93.477206	0.08582688	10368	141	169	5849	128	157	6	0	0	16.997457	0	9.0305812	0	0	0	0	0	0	297.846	-5.22782e-13	297.262	9.36151e-09	1.52543e-09	0	15	25092657	25092657
9.03246	12.643364	25	-58.6672	12.5877	86442499	1.3354296	0	0	0	297.23678	12.646037	9.524605e-09	1.524525e-09	-1790.667	7.7091023e+08	1.0855399e+09	1.3401942	93.227298	0.09076736	11067	125	138	7073	162	190	8	0	0	16.997457	0	9.0305812	0	0	0	0	0	0	297.846	-5.22782e-13	297.24	9.53173e-09	1.52375e-09	0	12	25516835	25516835
9.03389	12.641329	25	-58.6672	12.5876	86442502	1.3604288	0	0	0	297.21521	12.643537	9.651878e-09	1.521302e-09	-1790.667	7.7091023e+08	1.0835015e+09	1.3719635	93.135724	0.09417536	11871	136	122	7993	183	211	5	0	0	16.997457	0	9.0323377	0	0	0	0	0	0	297.846	-5.22782e-13	297.219	9.65246e-09	1.52051e-09	0	13	25855672	25855672
9.03534	12.639269	25	-58.6672	12.5875	86442505	1.3857576	0	0	0	297.19257	12.641037	9.732968e-09	1.519142e-09	-1790.667	7.7091023e+08	1.0822229e+09	1.3958262	92.928174	0.0987104	11886	149	191	7170	145	172	7	0	0	16.997457	0	9.034095	0	0	0	0	0	0	297.846	-5.22782e-13	297.193	9.73406e-09	1.51883e-09	0	16	26070720	26070720
9.0368	12.637189	25	-58.6672	12.5874	86442509	1.4114164	0	0	0	297.16388	12.638537	9.758157e-09	1.51759e-09	-1790.667	7.7091023e+08	1.0813787e+09	1.420169	92.857909	0.10142976	12417	128	137	8432	190	215	3	0	0	16.997457	0	9.0358529	0	0	0	0	0	0	297.846	-5.22782e-13	297.168	9.75697e-09	1.51678e-09	0	11	26135993	26135993
9.03829	12.635074	25	-58.6672	12.5873	86442513	1.4374044	0	0	0	297.13549	12.636037	9.709023e-09	1.512099e-09	-1790.667	7.7091023e+08	1.077732e+09	1.4440534	92.790937	0.10410272	12584	162	200	7694	180	206	7	0	0	16.997457	0	9.0376115	0	0	0	0	0	0	297.846	-5.22782e-13	297.145	9.71187e-09	1.51394e-09	0	16	26002165	26002165
9.03979	12.632939	25	-58.6672	12.5872	86442516	1.4637224	0	0	0	297.11264	12.633537	9.631574e-09	1.510772e-09	-1790.667	7.7091023e+08	1.0770538e+09	1.475856	92.705933	0.10764992	13436	150	206	8939	190	216	2	0	0	16.997457	0	9.0393708	0	0	0	0	0	0	297.846	-5.22782e-13	297.117	9.63958e-09	1.51158e-09	0	15	25792521	25792521
9.04131	12.630774	25	-58.6672	12.5871	86442520	1.49037	0	0	0	297.08372	12.633537	9.517759e-09	1.509234e-09	-1790.667	7.7091023e+08	1.0762284e+09	1.4999776	92.744212	0.1088352	13536	120	143	9249	189	235	4	0	0	16.997457	0	9.0393708	0	0	0	0	0	0	297.846	-5.22782e-13	297.091	9.50509e-09	1.51071e-09	0	12	25485509	25485509
9.04286	12.628589	25	-58.6672	12.587	86442523	1.5173472	0	0	0	297.06428	12.631037	9.407849e-09	1.50853e-09	-1790.667	7.7091023e+08	1.0760028e+09	1.5239078	92.728337	0.11081344	13661	176	152	8687	204	237	5	0	0	16.997457	0	9.0411309	0	0	0	0	0	0	297.846	-5.22782e-13	297.067	9.41298e-09	1.5085e-09	0	12	25188964	25188964
9.04442	12.626374	25	-58.6672	12.5869	86442527	1.544654	0	0	0	297.03488	12.628537	9.305023e-09	1.507702e-09	-1790.667	7.7091023e+08	1.0756903e+09	1.5495178	92.985503	0.10869088	13700	164	171	9250	182	215	7	0	0	16.997457	0	9.0428916	0	0	0	0	0	0	297.846	-5.22782e-13	297.037	9.31199e-09	1.50657e-09	0	19	24911424	24911424
9.046	12.624129	25	-58.6672	12.5867	86442530	1.5722904	0	0	0	297.0128	12.626037	9.26336e-09	1.502677e-09	-1790.667	7.7091023e+08	1.0723861e+09	1.5799238	92.729695	0.11486528	14383	136	152	9534	171	208	6	0	0	16.997457	0	9.0446531	0	0	0	0	0	0	297.846	-5.22782e-13	297.017	9.25742e-09	1.50466e-09	0	15	24797639	24797639
9.04759	12.621864	25	-58.6672	12.5866	86442534	1.6002568	0	0	0	296.98426	12.623537	9.192284e-09	1.504459e-09	-1790.667	7.7091023e+08	1.0739409e+09	1.6122051	92.503207	0.12086368	13590	149	192	8766	184	221	6	0	0	16.997457	0	9.0464152	0	0	0	0	0	0	297.846	-5.22782e-13	296.987	9.19415e-09	1.50385e-09	0	15	24605131	24605131
9.04921	12.619569	25	-58.6672	12.5865	86442538	1.6285524	0	0	0	296.9553	12.621037	9.129195e-09	1.505365e-09	-1790.667	7.7091023e+08	1.0748765e+09	1.6360128	92.765964	0.11834976	14361	182	182	9614	185	221	5	0	0	16.997457	0	9.048178	0	0	0	0	0	0	297.846	-5.22782e-13	296.963	9.12163e-09	1.50276e-09	0	13	24433996	24433996
9.05085	12.617254	25	-58.6672	12.5864	86442541	1.657178	0	0	0	296.93356	12.618537	9.037667e-09	1.502137e-09	-1790.667	7.7091023e+08	1.0728635e+09	1.667849	92.936723	0.1178048	14895	148	144	10351	212	253	11	0	0	16.997457	0	9.0499416	0	0	0	0	0	0	297.846	-5.22782e-13	296.937	9.0371e-09	1.50338e-09	0	13	24186757	24186757
9.0525	12.614909	25	-58.6672	12.5863	86442545	1.6861332	0	0	0	296.90804	12.616037	8.961493e-09	1.502507e-09	-1790.667	7.7091023e+08	1.0734216e+09	1.6922826	92.878542	0.1205152	14817	136	200	9208	187	224	9	0	0	16.997457	0	9.0517058	0	0	0	0	0	0	297.846	-5.22782e-13	296.911	8.9771e-09	1.50245e-09	0	9	23980639	23980639
9.05418	12.612539	25	-58.6672	12.5862	86442549	1.715418	0	0	0	296.87749	12.613537	8.926072e-09	1.503668e-09	-1790.667	7.7091023e+08	1.0745506e+09	1.7239251	92.810416	0.12394304	14933	185	231	9510	191	231	11	0	0	16.997457	0	9.0534708	0	0	0	0	0	0	297.846	-5.22782e-13	296.882	8.92318e-09	1.50228e-09	0	21	23883565	23883565
9.05587	12.610144	25	-58.6672	12.586	86442553	1.7450324	0	0	0	296.84832	12.611037	8.894709e-09	1.50399e-09	-1790.667	7.7091023e+08	1.0750823e+09	1.7558112	92.982371	0.12321632	15680	149	160	10938	195	231	5	0	0	16.997457	0	9.0552365	0	0	0	0	0	0	297.846	-5.22782e-13	296.853	8.89319e-09	1.50307e-09	0	20	23797354	23797354
9.05758	12.607719	25	-58.6672	12.5859	86442556	1.7749764	0	0	0	296.82687	12.608537	8.830252e-09	1.501929e-09	-1790.667	7.7091023e+08	1.0739139e+09	1.7798982	93.018244	0.12426816	15792	156	180	10379	199	238	6	0	0	16.997457	0	9.0570028	0	0	0	0	0	0	297.846	-5.22782e-13	296.83	8.82925e-09	1.50381e-09	0	20	23622602	23622602
9.05931	12.605274	25	-58.6672	12.5858	86442560	1.8052504	0	0	0	296.79722	12.606037	8.76344e-09	1.506441e-09	-1790.667	7.7091023e+08	1.0774496e+09	1.8121738	93.083242	0.12534368	15848	166	174	10481	205	243	7	0	0	16.997457	0	9.0587699	0	0	0	0	0	0	297.846	-5.22782e-13	296.801	8.76373e-09	1.50712e-09	0	11	23441560	23441560
9.06106	12.602799	25	-58.6672	12.5857	86442564	1.835854	0	0	0	296.7688	12.603537	8.697434e-09	1.507329e-09	-1790.667	7.7091023e+08	1.0783982e+09	1.8440714	93.177357	0.1258144	15689	184	210	9965	212	260	10	0	0	16.997457	0	9.0605377	0	0	0	0	0	0	297.846	-5.22782e-13	296.772	8.71349e-09	1.50958e-09	0	16	23262685	23262685
9.06283	12.600299	25	-58.6672	12.5855	86442568	1.8667868	0	0	0	296.74025	12.601037	8.582447e-09	1.498066e-09	-1790.667	7.7091023e+08	1.0720863e+09	1.875999	93.230137	0.12700256	16302	135	132	10590	229	263	7	0	0	16.997457	0	9.0623062	0	0	0	0	0	0	297.846	-5.22782e-13	296.745	8.57854e-09	1.50069e-09	0	17	22952826	22952826
9.06461	12.597774	25	-58.6672	12.5854	86442572	1.8980496	0	0	0	296.71087	12.598537	8.437461e-09	1.485834e-09	-1790.667	7.7091023e+08	1.0636471e+09	1.9080736	93.167878	0.13036192	16258	184	205	10480	211	246	10	0	0	16.997457	0	9.0640754	0	0	0	0	0	0	297.846	-5.22782e-13	296.713	8.4517e-09	1.48552e-09	0	16	22562798	22562798
9.06642	12.595224	25	-58.6672	12.5853	86442576	1.929642	0	0	0	296.6823	12.596037	8.484303e-09	1.500451e-09	-1790.667	7.7091023e+08	1.0744341e+09	1.9400314	93.506546	0.12597504	16289	159	163	10933	211	256	7	0	0	16.997457	0	9.0658453	0	0	0	0	0	0	297.846	-5.22782e-13	296.686	8.47297e-09	1.5014e-09	0	20	22685732	22685732
9.06824	12.592649	25	-58.6672	12.5852	86442580	1.9615644	0	0	0	296.65105	12.593537	8.495167e-09	1.513959e-09	-1790.667	7.7091023e+08	1.0844349e+09	1.9719395	93.509123	0.12799616	15971	196	263	10422	195	229	8	0	0	16.997457	0	9.0676159	0	0	0	0	0	0	297.846	-5.22782e-13	296.655	8.50144e-09	1.51668e-09	0	20	22712440	22712440
9.07009	12.590049	25	-58.6672	12.585	86442585	1.993816	0	0	0	296.61623	12.591037	8.418031e-09	1.515904e-09	-1790.667	7.7091023e+08	1.0861622e+09	2.0042672	93.732237	0.12562272	16350	155	192	10664	242	299	6	0	0	16.997457	0	9.0693873	0	0	0	0	0	0	297.846	-5.22782e-13	296.627	8.41471e-09	1.51633e-09	0	17	22503857	22503857
9.07195	12.587424	25	-58.6672	12.5849	86442589	2.0263976	0	0	0	296.58882	12.588537	8.36992e-09	1.513728e-09	-1790.667	7.7091023e+08	1.0849386e+09	2.0373946	93.896251	0.12435744	16637	143	163	11288	211	252	9	0	0	16.997457	0	9.0711593	0	0	0	0	0	0	297.846	-5.22782e-13	296.595	8.36207e-09	1.51444e-09	0	20	22372891	22372891
9.07383	12.584769	25	-58.6672	12.5848	86442593	2.0593084	0	0	0	296.55901	12.586037	8.351808e-09	1.509921e-09	-1790.667	7.7091023e+08	1.0825486e+09	2.0679498	93.84163	0.127352	16173	180	174	10351	233	271	9	0	0	16.997457	0	9.072932	0	0	0	0	0	0	297.846	-5.22782e-13	296.563	8.36202e-09	1.51238e-09	0	21	22322108	22322108
9.07573	12.582094	25	-58.6672	12.5846	86442597	2.0925492	0	0	0	296.53006	12.583537	8.402871e-09	1.508045e-09	-1790.667	7.7091023e+08	1.0815455e+09	2.1001542	93.728674	0.13170752	16444	202	235	10255	243	296	12	0	0	16.997457	0	9.0747055	0	0	0	0	0	0	297.846	-5.22782e-13	296.534	8.40928e-09	1.51005e-09	0	25	22456179	22456179
9.07765	12.579389	25	-58.6672	12.5845	86442602	2.1261196	0	0	0	296.49462	12.581037	8.54736e-09	1.509546e-09	-1790.667	7.7091023e+08	1.082968e+09	2.1318493	93.656212	0.13524	17424	172	231	11150	262	325	5	0	0	16.997457	0	9.0764797	0	0	0	0	0	0	297.846	-5.22782e-13	296.505	8.54223e-09	1.50915e-09	0	19	22839847	22839847
9.07958	12.576664	25	-58.6672	12.5844	86442606	2.1600196	0	0	0	296.46669	12.578537	8.724392e-09	1.506139e-09	-1790.667	7.7091023e+08	1.080871e+09	2.1722701	93.504469	0.14110048	17834	215	248	11638	220	281	11	0	0	16.997457	0	9.0782545	0	0	0	0	0	0	297.846	-5.22782e-13	296.474	8.7246e-09	1.50628e-09	0	26	23310372	23310372
9.08154	12.573909	25	-58.6672	12.5842	86442610	2.1942496	0	0	0	296.43667	12.576037	8.945118e-09	1.50653e-09	-1790.667	7.7091023e+08	1.0815046e+09	2.2038858	93.22937	0.14921696	18741	224	219	12112	248	299	10	0	0	16.997457	0	9.0800301	0	0	0	0	0	0	297.846	-5.22782e-13	296.441	8.9129e-09	1.50239e-09	0	23	23897489	23897489
9.08352	12.571129	25	-58.6672	12.5841	86442615	2.2288088	0	0	0	297.82661	12.573537	9.159997e-09	1.513461e-09	-1790.667	7.7091023e+08	1.0868386e+09	2.2362054	93.36247	0.1484288	19020	194	254	12537	258	293	14	0	0	16.997457	0	9.0818064	0	0	0	0	0	0	297.846	-5.22782e-13	297.834	9.16811e-09	1.51214e-09	0	20	24468832	24468832
9.08551	12.568329	25	-58.6672	12.584	86442619	2.263698	0	0	0	297.79636	12.571037	9.333601e-09	1.508637e-09	-1790.667	7.7091023e+08	1.0837336e+09	2.2758646	93.258748	0.15342176	19654	174	229	13445	252	299	7	0	0	16.997457	0	9.0835834	0	0	0	0	0	0	297.846	-5.22782e-13	297.801	9.34012e-09	1.50844e-09	0	15	24929793	24929793
9.08752	12.565499	25	-58.6672	12.5838	86442624	2.2989164	0	0	0	297.76107	12.566037	9.572123e-09	1.514893e-09	-1790.667	7.7091023e+08	1.0885922e+09	2.3082074	93.177278	0.15748256	20341	226	255	13585	261	325	6	0	0	16.997457	0	9.0871396	0	0	0	0	0	0	297.846	-5.22782e-13	297.769	9.56223e-09	1.51513e-09	0	15	25563999	25563999
9.08955	12.562644	25	-58.6672	12.5837	86442628	2.3344648	0	0	0	297.73342	12.563537	9.748089e-09	1.525812e-09	-1790.667	7.7091023e+08	1.0968096e+09	2.3399533	93.18556	0.15945472	19623	252	321	12257	237	296	13	0	0	16.997457	0	9.0889188	0	0	0	0	0	0	297.846	-5.22782e-13	297.74	9.73057e-09	1.52621e-09	0	19	26030989	26030989
9.0916	12.559764	25	-58.6672	12.5835	86442633	2.3703428	0	0	0	297.69802	12.561037	9.848055e-09	1.529761e-09	-1790.667	7.7091023e+08	1.1000242e+09	2.3798995	93.152181	0.1629712	20842	205	237	13984	268	332	13	0	0	16.997457	0	9.0906986	0	0	0	0	0	0	297.846	-5.22782e-13	297.704	9.8358e-09	1.52804e-09	0	26	26294922	26294922
9.09367	12.556859	25	-58.6672	12.5834	86442637	2.4065508	0	0	0	297.66912	12.558537	9.931284e-09	1.527861e-09	-1790.667	7.7091023e+08	1.0990373e+09	2.4118259	93.007734	0.16864128	21183	247	262	14230	287	335	8	0	0	16.997457	0	9.0924792	0	0	0	0	0	0	297.846	-5.22782e-13	297.675	9.94858e-09	1.52908e-09	0	22	26514084	26514084
9.09576	12.553929	25	-58.6672	12.5832	86442642	2.443088	0	0	0	297.6316	12.556037	1.01153e-08	1.531168e-09	-1790.667	7.7091023e+08	1.1018002e+09	2.4518086	92.973416	0.1722784	21848	227	233	14317	288	342	8	0	0	16.997457	0	9.0942605	0	0	0	0	0	0	297.846	-5.22782e-13	297.639	1.01047e-08	1.53003e-09	0	21	27002213	27002213
9.09787	12.550974	25	-58.6672	12.5831	86442648	2.4799552	0	0	0	297.58772	12.553537	1.019796e-08	1.530831e-09	-1790.667	7.7091023e+08	1.1019456e+09	2.4922733	92.507339	0.1867376	23892	205	269	16584	297	383	11	0	0	16.997457	0	9.0960425	0	0	0	0	0	0	297.846	-5.22782e-13	297.606	1.02182e-08	1.53042e-09	0	23	27219670	27219670
9.09999	12.547994	25	-58.6672	12.5829	86442652	2.5171516	0	0	0	297.55899	12.551037	1.02697e-08	1.527546e-09	-1790.667	7.7091023e+08	1.09997e+09	2.5238019	92.816793	0.18128992	22839	277	346	14777	276	337	16	0	0	16.997457	0	9.0978253	0	0	0	0	0	0	297.846	-5.22782e-13	297.562	1.02692e-08	1.52717e-09	0	30	27407920	27407920
9.10214	12.544989	25	-58.6672	12.5828	86442657	2.554678	0	0	0	297.52269	12.546037	1.022312e-08	1.525114e-09	-1790.667	7.7091023e+08	1.098613e+09	2.564073	92.809627	0.1843664	22998	247	304	15568	314	361	10	0	0	16.997457	0	9.1013929	0	0	0	0	0	0	297.846	-5.22782e-13	297.529	1.02465e-08	1.5253e-09	0	26	27280347	27280347
9.1043	12.541959	25	-58.6672	12.5826	86442662	2.592534	0	0	0	297.48602	12.543537	1.017214e-08	1.520554e-09	-1790.667	7.7091023e+08	1.0957233e+09	2.6039254	92.720836	0.189544	23270	260	330	15089	305	370	5	0	0	16.997457	0	9.1031777	0	0	0	0	0	0	297.846	-5.22782e-13	297.494	1.01596e-08	1.52056e-09	0	20	27141052	27141052
9.10649	12.538904	25	-58.6672	12.5825	86442667	2.6307196	0	0	0	297.44955	12.541037	1.006411e-08	1.517494e-09	-1790.667	7.7091023e+08	1.0939183e+09	2.6361104	92.961824	0.18553408	23299	270	322	15182	303	366	14	0	0	16.997457	0	9.1049633	0	0	0	0	0	0	297.846	-5.22782e-13	297.458	1.0073e-08	1.51817e-09	0	37	26849549	26849549
9.10869	12.535829	25	-58.6672	12.5823	86442672	2.6692348	0	0	0	297.41529	12.538537	9.983506e-09	1.517529e-09	-1790.667	7.7091023e+08	1.0943457e+09	2.6760966	93.0039	0.1872224	23864	239	259	16100	320	383	10	0	0	16.997457	0	9.1067496	0	0	0	0	0	0	297.846	-5.22782e-13	297.422	9.97111e-09	1.51527e-09	0	18	26631265	26631265
9.11091	12.532724	25	-58.6672	12.5822	86442677	2.70808	0	0	0	297.37945	12.533537	9.911815e-09	1.515247e-09	-1790.667	7.7091023e+08	1.0931055e+09	2.7158147	93.071103	0.188176	24093	231	282	16376	336	408	11	0	0	16.997457	0	9.1103244	0	0	0	0	0	0	297.846	-5.22782e-13	297.387	9.89619e-09	1.51363e-09	0	23	26436781	26436781
9.11315	12.529594	25	-58.6672	12.582	86442682	2.7472544	0	0	0	297.34147	12.531037	9.916288e-09	1.515994e-09	-1790.667	7.7091023e+08	1.094054e+09	2.7562445	93.286865	0.1850304	23694	226	319	15585	326	394	11	0	0	16.997457	0	9.1121129	0	0	0	0	0	0	297.846	-5.22782e-13	297.35	9.90142e-09	1.51405e-09	0	19	26445439	26445439
9.1154	12.526439	25	-58.6672	12.5819	86442687	2.7867588	0	0	0	297.30612	12.528537	9.897551e-09	1.518693e-09	-1790.667	7.7091023e+08	1.0964142e+09	2.7960509	93.194012	0.19029888	23997	269	331	15348	327	387	8	0	0	16.997457	0	9.1139021	0	0	0	0	0	0	297.846	-5.22782e-13	297.314	9.88408e-09	1.51676e-09	0	40	26392194	26392194
9.11768	12.523264	25	-58.6672	12.5817	86442692	2.8265928	0	0	0	297.26944	12.526037	9.870721e-09	1.520952e-09	-1790.667	7.7091023e+08	1.0984638e+09	2.8358134	93.443146	0.18594016	23846	269	283	15804	335	396	8	0	0	16.997457	0	9.115692	0	0	0	0	0	0	297.846	-5.22782e-13	297.277	9.87296e-09	1.51929e-09	0	25	26317344	26317344
9.11997	12.520059	25	-58.6672	12.5816	86442697	2.8667564	0	0	0	297.23494	12.521037	9.846836e-09	1.520812e-09	-1790.667	7.7091023e+08	1.0987835e+09	2.875927	93.463456	0.18798624	24538	289	318	16689	342	413	10	0	0	16.997457	0	9.119274	0	0	0	0	0	0	297.846	-5.22782e-13	297.241	9.84074e-09	1.52294e-09	0	34	26250354	26250354
9.12229	12.516829	25	-58.6672	12.5814	86442702	2.9072496	0	0	0	297.19922	12.518537	9.746564e-09	1.524556e-09	-1790.667	7.7091023e+08	1.1019163e+09	2.91604	93.580401	0.18719808	24584	227	276	16486	348	442	15	0	0	16.997457	0	9.1210661	0	0	0	0	0	0	297.846	-5.22782e-13	297.206	9.74301e-09	1.52538e-09	0	20	25979730	25979730
9.12462	12.513579	25	-58.6672	12.5812	86442709	2.9480728	0	0	0	297.14898	12.516037	9.630472e-09	1.528417e-09	-1790.667	7.7091023e+08	1.1051378e+09	2.9558323	93.456755	0.19340736	25655	264	267	17529	325	429	11	0	0	16.997457	0	9.1228589	0	0	0	0	0	0	297.846	-5.22782e-13	297.17	9.65927e-09	1.52807e-09	0	24	25667001	25667001
9.12697	12.510304	25	-58.6672	12.5811	86442714	2.9892252	0	0	0	297.11304	12.511037	9.575015e-09	1.531395e-09	-1790.667	7.7091023e+08	1.1077268e+09	2.9961267	93.861119	0.18392864	24345	281	322	16158	299	385	12	0	0	16.997457	0	9.1264466	0	0	0	0	0	0	297.846	-5.22782e-13	297.124	9.53546e-09	1.53125e-09	0	31	25515911	25515911
9.12934	12.506999	25	-58.6672	12.5809	86442719	3.0307076	0	0	0	297.07457	12.508537	9.434714e-09	1.532269e-09	-1790.667	7.7091023e+08	1.108799e+09	3.0359155	94.003765	0.18204064	24286	247	277	16353	343	431	17	0	0	16.997457	0	9.1282416	0	0	0	0	0	0	297.846	-5.22782e-13	297.083	9.41578e-09	1.53125e-09	0	27	25138769	25138769
9.13173	12.503674	25	-58.6672	12.5807	86442724	3.0725192	0	0	0	297.04032	12.506037	9.328595e-09	1.530925e-09	-1790.667	7.7091023e+08	1.1082701e+09	3.0839293	94.185164	0.17932544	24451	235	259	16033	348	435	10	0	0	16.997457	0	9.1300373	0	0	0	0	0	0	297.846	-5.22782e-13	297.048	9.34456e-09	1.5311e-09	0	24	24852768	24852768
9.13414	12.500324	25	-58.6672	12.5806	86442730	3.1146608	0	0	0	296.9977	12.501037	9.296262e-09	1.530754e-09	-1790.667	7.7091023e+08	1.1085939e+09	3.1241997	94.059002	0.18560864	23809	250	318	15342	354	410	11	0	0	16.997457	0	9.1336308	0	0	0	0	0	0	297.846	-5.22782e-13	297.012	9.31849e-09	1.53171e-09	0	30	24763370	24763370
9.13657	12.496949	25	-58.6672	12.5804	86442735	3.157132	0	0	0	296.963	12.498537	9.334013e-09	1.529287e-09	-1790.667	7.7091023e+08	1.1079826e+09	3.1641456	94.09434	0.18686368	25269	262	302	16631	327	427	10	0	0	16.997457	0	9.1354287	0	0	0	0	0	0	297.846	-5.22782e-13	296.97	9.33462e-09	1.52861e-09	0	26	24860638	24860638
9.13902	12.493549	25	-58.6672	12.5802	86442741	3.1999332	0	0	0	296.91779	12.496037	9.367177e-09	1.519728e-09	-1790.667	7.7091023e+08	1.1015094e+09	3.2121046	93.857675	0.19729792	25992	267	306	17022	348	432	9	0	0	16.997457	0	9.1372273	0	0	0	0	0	0	297.846	-5.22782e-13	296.933	9.37003e-09	1.51955e-09	0	24	24945641	24945641
9.14148	12.490129	25	-58.6672	12.5801	86442746	3.2430636	0	0	0	296.88326	12.491037	9.256734e-09	1.481848e-09	-1790.667	7.7091023e+08	1.0744969e+09	3.2520045	93.483975	0.21190144	28004	245	285	19031	380	465	9	0	0	16.997457	0	9.1408266	0	0	0	0	0	0	297.846	-5.22782e-13	296.894	9.25365e-09	1.48335e-09	0	23	24648224	24648224
9.14396	12.486679	25	-58.6672	12.5799	86442752	3.286524	0	0	0	296.8371	12.488537	9.058908e-09	1.425985e-09	-1790.667	7.7091023e+08	1.0344206e+09	3.292161	92.679191	0.2410128	30483	263	326	21051	412	489	11	0	0	16.997457	0	9.1426274	0	0	0	0	0	0	297.846	-5.22782e-13	296.853	9.05867e-09	1.42598e-09	0	39	24118219	24118219
9.14647	12.483209	25	-58.6672	12.5797	86442757	3.3303136	0	0	0	296.80499	12.486037	9.565365e-09	1.495879e-09	-1790.667	7.7091023e+08	1.0855793e+09	3.3399597	93.438771	0.2191424	28863	279	333	19516	408	493	6	0	0	16.997457	0	9.1444289	0	0	0	0	0	0	297.846	-5.22782e-13	296.811	9.55318e-09	1.4968e-09	0	27	25463133	25463133
9.14899	12.479714	25	-58.6672	12.5796	86442763	3.3744332	0	0	0	296.7602	12.481037	9.848033e-09	1.526939e-09	-1790.667	7.7091023e+08	1.1085888e+09	3.3798573	93.549181	0.21802848	28586	311	352	18769	337	435	6	0	0	16.997457	0	9.148034	0	0	0	0	0	0	297.846	-5.22782e-13	296.775	9.85051e-09	1.52674e-09	0	40	26212023	26212023
9.15153	12.476194	25	-58.6672	12.5794	86442769	3.4188824	0	0	0	296.71679	12.478537	1.004027e-08	1.526418e-09	-1790.667	7.7091023e+08	1.1086832e+09	3.4279235	93.270188	0.2306928	30730	275	349	21270	416	516	12	0	0	16.997457	0	9.1498377	0	0	0	0	0	0	297.846	-5.22782e-13	296.731	1.00572e-08	1.52781e-09	0	50	26720022	26720022
9.15409	12.472649	25	-58.6672	12.5792	86442775	3.4636612	0	0	0	296.67529	12.473537	1.025365e-08	1.52637e-09	-1790.667	7.7091023e+08	1.1091251e+09	3.476079	93.316516	0.2323232	29308	370	453	18663	380	479	23	0	0	16.997457	0	9.1534472	0	0	0	0	0	0	297.846	-5.22782e-13	296.685	1.02718e-08	1.52786e-09	0	36	27284117	27284117
9.15667	12.469084	25	-58.6672	12.579	86442781	3.5087696	0	0	0	296.63061	12.471037	1.043539e-08	1.518917e-09	-1790.667	7.7091023e+08	1.1041879e+09	3.5159763	92.998078	0.24618592	31858	282	350	21266	389	482	13	0	0	16.997457	0	9.1552531	0	0	0	0	0	0	297.846	-5.22782e-13	296.641	1.04269e-08	1.51779e-09	0	29	27763851	27763851
9.15926	12.465489	25	-58.6672	12.5789	86442787	3.554208	0	0	0	296.58745	12.468537	1.060852e-08	1.51867e-09	-1790.667	7.7091023e+08	1.104489e+09	3.5640771	93.023612	0.24864384	31797	337	417	20961	393	473	17	0	0	16.997457	0	9.1570597	0	0	0	0	0	0	297.846	-5.22782e-13	296.598	1.0613e-08	1.51641e-09	0	37	28220538	28220538
9.16188	12.461874	25	-58.6672	12.5787	86442793	3.5999756	0	0	0	296.54515	12.463537	1.081738e-08	1.539608e-09	-1790.667	7.7091023e+08	1.1202098e+09	3.611809	93.212044	0.245168	31249	348	383	20308	429	521	11	0	0	16.997457	0	9.1606751	0	0	0	0	0	0	297.846	-5.22782e-13	296.556	1.08055e-08	1.53705e-09	0	39	28772092	28772092
9.16451	12.458234	25	-58.6672	12.5785	86442799	3.6460732	0	0	0	296.50246	12.461037	1.084335e-08	1.539719e-09	-1790.667	7.7091023e+08	1.1207861e+09	3.6521981	93.247429	0.24661728	31001	327	391	20508	395	491	14	0	0	16.997457	0	9.1624839	0	0	0	0	0	0	297.846	-5.22782e-13	296.513	1.0841e-08	1.54129e-09	0	39	28837097	28837097
9.16717	12.454569	25	-58.6672	12.5783	86442805	3.6925004	0	0	0	296.4611	12.456037	1.074607e-08	1.536241e-09	-1790.667	7.7091023e+08	1.1187548e+09	3.6999936	93.361381	0.24562848	31788	381	409	20514	412	494	26	0	0	16.997457	0	9.1661036	0	0	0	0	0	0	297.846	-5.22782e-13	296.471	1.07577e-08	1.53723e-09	0	40	28574316	28574316
9.16984	12.450884	25	-58.6672	12.5781	86442811	3.7392572	0	0	0	298.39062	12.453537	1.07619e-08	1.550578e-09	-1790.667	7.7091023e+08	1.129703e+09	3.7482067	93.527435	0.24260512	31724	323	393	21654	412	491	16	0	0	16.997457	0	9.1679146	0	0	0	0	0	0	297.846	-5.22782e-13	296.921	1.07271e-08	1.5448e-09	0	30	28612322	28612322
9.17253	12.447169	25	-58.6672	12.5779	86442817	3.7863436	0	0	0	298.34843	12.448537	1.077647e-08	1.573376e-09	-1790.667	7.7091023e+08	1.1468319e+09	3.7959114	94.085485	0.22450976	30309	328	404	19736	402	505	15	0	0	16.997457	0	9.1715388	0	0	0	0	0	0	297.846	-5.22782e-13	298.359	1.078e-08	1.57486e-09	0	31	28646943	28646943
9.17524	12.443434	25	-58.6672	12.5778	86442823	3.83376	0	0	0	298.30457	12.446037	1.067084e-08	1.579197e-09	-1790.667	7.7091023e+08	1.1516001e+09	3.8439165	94.170837	0.22406816	30382	312	338	20203	453	542	22	0	0	16.997457	0	9.173352	0	0	0	0	0	0	297.846	-5.22782e-13	298.315	1.06797e-08	1.57919e-09	0	34	28362050	28362050
9.17797	12.439679	25	-58.6672	12.5776	86442830	3.8815056	0	0	0	298.25323	12.441037	1.060688e-08	1.58299e-09	-1790.667	7.7091023e+08	1.1548969e+09	3.8922819	93.998223	0.23360608	32091	286	365	21897	487	591	16	0	0	16.997457	0	9.1769805	0	0	0	0	0	0	297.846	-5.22782e-13	298.272	1.06172e-08	1.58541e-09	0	46	28187953	28187953
9.18071	12.435894	25	-58.6672	12.5774	86442837	3.9295812	0	0	0	298.20339	12.438537	1.057042e-08	1.586214e-09	-1790.667	7.7091023e+08	1.1577832e+09	3.9399683	94.277404	0.22546848	30202	335	416	19482	401	488	14	0	0	16.997457	0	9.1787959	0	0	0	0	0	0	297.846	-5.22782e-13	298.221	1.05876e-08	1.58526e-09	0	38	28086970	28086970
9.18348	12.432089	25	-58.6672	12.5772	86442843	3.9779864	0	0	0	298.15939	12.433537	1.057612e-08	1.586873e-09	-1790.667	7.7091023e+08	1.158805e+09	3.9878365	94.292211	0.22761728	30850	279	349	20802	430	524	18	0	0	16.997457	0	9.1824289	0	0	0	0	0	0	297.846	-5.22782e-13	298.169	1.05787e-08	1.58459e-09	0	43	28097985	28097985
9.18627	12.428259	25	-58.6672	12.577	86442849	4.0267208	0	0	0	298.11715	12.431037	1.059803e-08	1.581061e-09	-1790.667	7.7091023e+08	1.1551038e+09	4.0361984	94.437475	0.22451456	31306	307	356	21311	424	521	13	0	0	16.997457	0	9.1842465	0	0	0	0	0	0	297.846	-5.22782e-13	298.128	1.05986e-08	1.58325e-09	0	38	28152032	28152032
9.18907	12.424404	25	-58.6672	12.5768	86442856	4.0757856	0	0	0	298.06694	12.426037	1.058534e-08	1.582158e-09	-1790.667	7.7091023e+08	1.1564511e+09	4.0841584	94.292883	0.23308768	31847	338	360	20979	447	541	16	0	0	16.997457	0	9.1878839	0	0	0	0	0	0	297.846	-5.22782e-13	298.084	1.05816e-08	1.58136e-09	0	54	28114159	28114159
9.19189	12.420529	25	-58.6672	12.5766	86442862	4.1251796	0	0	0	298.02252	12.423537	1.05415e-08	1.57879e-09	-1790.667	7.7091023e+08	1.1545383e+09	4.1320915	94.35355	0.23331648	31987	289	334	21840	444	563	15	0	0	16.997457	0	9.1897037	0	0	0	0	0	0	297.846	-5.22782e-13	298.033	1.05442e-08	1.5783e-09	0	41	27993553	27993553
9.19473	12.416629	25	-58.6672	12.5764	86442869	4.1749032	0	0	0	297.97951	12.418537	1.05884e-08	1.57492e-09	-1790.667	7.7091023e+08	1.1522602e+09	4.1800205	94.239408	0.24079392	32460	334	436	20910	428	540	23	0	0	16.997457	0	9.1933456	0	0	0	0	0	0	297.846	-5.22782e-13	297.99	1.05808e-08	1.5761e-09	0	40	28113889	28113889
9.1976	12.412709	25	-58.6672	12.5763	86442875	4.2249568	0	0	0	297.92885	12.413537	1.062202e-08	1.574374e-09	-1790.667	7.7091023e+08	1.1524187e+09	4.235888	94.2454	0.2437584	32957	326	392	22081	485	585	8	0	0	16.997457	0	9.1969904	0	0	0	0	0	0	297.846	-5.22782e-13	297.942	1.06263e-08	1.57537e-09	0	41	28198896	28198896
9.20047	12.408759	25	-58.6672	12.5761	86442882	4.2753396	0	0	0	297.87577	12.411037	1.062277e-08	1.574506e-09	-1790.667	7.7091023e+08	1.1530738e+09	4.2838355	94.278847	0.2450848	33228	315	367	22101	492	609	17	0	0	16.997457	0	9.1988139	0	0	0	0	0	0	297.846	-5.22782e-13	297.896	1.06251e-08	1.57453e-09	0	37	28196635	28196635
9.20337	12.404789	25	-58.6672	12.5759	86442891	4.3260524	0	0	0	297.81327	12.406037	1.056518e-08	1.576771e-09	-1790.667	7.7091023e+08	1.1552982e+09	4.3318077	94.163589	0.25282208	34601	349	472	22818	451	579	28	0	0	16.997457	0	9.2024631	0	0	0	0	0	0	297.846	-5.22782e-13	297.845	1.05655e-08	1.57497e-09	0	36	28039505	28039505
9.20629	12.400799	25	-58.6672	12.5757	86442898	4.3770948	0	0	0	297.76434	12.403537	1.050276e-08	1.575616e-09	-1790.667	7.7091023e+08	1.1550215e+09	4.38792	94.442633	0.2438528	33929	347	415	22165	495	612	17	0	0	16.997457	0	9.2042888	0	0	0	0	0	0	297.846	-5.22782e-13	297.778	1.05025e-08	1.5749e-09	0	47	27869583	27869583
9.20923	12.396779	25	-58.6672	12.5755	86442905	4.4284668	0	0	0	297.71157	12.398537	1.045742e-08	1.577606e-09	-1790.667	7.7091023e+08	1.1570549e+09	4.4360931	94.404828	0.24820704	33414	347	482	21797	464	581	21	0	0	16.997457	0	9.2079425	0	0	0	0	0	0	297.846	-5.22782e-13	297.731	1.04637e-08	1.57475e-09	0	44	27745007	27745007
9.21218	12.392739	25	-58.6672	12.5753	86442911	4.4801688	0	0	0	297.66906	12.393537	1.047608e-08	1.575774e-09	-1790.667	7.7091023e+08	1.1562877e+09	4.4920426	94.516583	0.24631744	33698	353	468	21697	428	552	19	0	0	16.997457	0	9.2115992	0	0	0	0	0	0	297.846	-5.22782e-13	297.68	1.04523e-08	1.57592e-09	0	44	27790237	27790237
9.21515	12.388679	25	-58.6672	12.5751	86442918	4.5322	0	0	0	297.61758	12.391037	1.0523e-08	1.576645e-09	-1790.667	7.7091023e+08	1.1575079e+09	4.5400419	94.480721	0.2505776	34147	315	408	22779	483	610	15	0	0	16.997457	0	9.2134286	0	0	0	0	0	0	297.846	-5.22782e-13	297.633	1.05168e-08	1.57823e-09	0	54	27910385	27910385
9.21815	12.384594	25	-58.6672	12.5749	86442925	4.5845612	0	0	0	297.56769	12.386037	1.058503e-08	1.580142e-09	-1790.667	7.7091023e+08	1.1606641e+09	4.5959405	94.59381	0.24846528	34030	393	470	21300	510	616	19	0	0	16.997457	0	9.2170898	0	0	0	0	0	0	297.846	-5.22782e-13	297.583	1.05454e-08	1.57818e-09	0	42	28070530	28070530
9.22116	12.380484	25	-58.6672	12.5747	86442932	4.637252	0	0	0	297.51762	12.383537	1.065601e-08	1.581272e-09	-1790.667	7.7091023e+08	1.1620857e+09	4.6437664	94.578766	0.25174944	35029	374	394	23284	514	629	14	0	0	16.997457	0	9.2189214	0	0	0	0	0	0	297.846	-5.22782e-13	297.533	1.06501e-08	1.57982e-09	0	63	28254348	28254348
9.22419	12.376354	25	-58.6672	12.5745	86442939	4.690272	0	0	0	297.46698	12.378537	1.072262e-08	1.582762e-09	-1790.667	7.7091023e+08	1.1637774e+09	4.7000346	94.560864	0.25564128	35876	334	387	24261	520	639	22	0	0	16.997457	0	9.222587	0	0	0	0	0	0	297.846	-5.22782e-13	297.482	1.07404e-08	1.58185e-09	0	53	28426501	28426501
9.22724	12.372199	25	-58.6672	12.5743	86442946	4.743622	0	0	0	297.415	12.373537	1.083733e-08	1.583093e-09	-1790.667	7.7091023e+08	1.1646219e+09	4.7557942	94.526552	0.26030592	35733	400	470	22913	512	633	16	0	0	16.997457	0	9.2262556	0	0	0	0	0	0	297.846	-5.22782e-13	297.431	1.08354e-08	1.5839e-09	0	49	28726075	28726075
9.2303	12.368024	25	-58.6672	12.5741	86442954	4.797302	0	0	0	297.36724	12.371037	1.098863e-08	1.582949e-09	-1790.667	7.7091023e+08	1.1651196e+09	4.805256	94.510091	0.26380416	36365	371	469	23810	503	649	29	0	0	16.997457	0	9.228091	0	0	0	0	0	0	297.846	-5.22782e-13	297.381	1.10136e-08	1.5843e-09	0	53	29122520	29122520
9.23339	12.363824	25	-58.6672	12.5739	86442961	4.8513112	0	0	0	297.30767	12.366037	1.114439e-08	1.586503e-09	-1790.667	7.7091023e+08	1.168347e+09	4.8600931	94.453031	0.26958784	37860	341	394	25670	567	690	24	0	0	16.997457	0	9.2317641	0	0	0	0	0	0	297.846	-5.22782e-13	297.33	1.11365e-08	1.58538e-09	0	50	29530620	29530620
9.2365	12.359599	25	-58.6672	12.5736	86442968	4.9056504	0	0	0	297.25721	12.361037	1.126055e-08	1.586539e-09	-1790.667	7.7091023e+08	1.1689894e+09	4.915863	94.431754	0.27372736	38141	363	460	25590	522	640	13	0	0	16.997457	0	9.2354402	0	0	0	0	0	0	297.846	-5.22782e-13	297.272	1.12663e-08	1.58569e-09	0	49	29833651	29833651
9.23962	12.355354	25	-58.6672	12.5734	86442975	4.9603188	0	0	0	297.20069	12.358537	1.134038e-08	1.586747e-09	-1790.667	7.7091023e+08	1.1697612e+09	4.9719638	94.292509	0.2837744	38824	413	448	25552	526	663	20	0	0	16.997457	0	9.2372793	0	0	0	0	0	0	297.846	-5.22782e-13	297.222	1.13626e-08	1.58758e-09	0	39	30040341	30040341
9.24276	12.351084	25	-58.6672	12.5732	86442983	5.0153172	0	0	0	297.15106	12.353537	1.142596e-08	1.58933e-09	-1790.667	7.7091023e+08	1.1722894e+09	5.0198992	94.382478	0.28199392	38900	415	530	25239	508	644	18	0	0	16.997457	0	9.2409599	0	0	0	0	0	0	297.846	-5.22782e-13	297.166	1.14072e-08	1.58758e-09	0	52	30262171	30262171
9.24593	12.346794	25	-58.6672	12.573	86442991	5.0706452	0	0	0	297.09429	12.348537	1.145278e-08	1.588491e-09	-1790.667	7.7091023e+08	1.1723008e+09	5.0760826	94.37398	0.28558144	39508	415	490	26309	560	695	13	0	0	16.997457	0	9.2446435	0	0	0	0	0	0	297.846	-5.22782e-13	297.116	1.14511e-08	1.58765e-09	0	49	30328289	30328289
9.24911	12.342484	25	-58.6672	12.5728	86442998	5.1263028	0	0	0	297.04571	12.343537	1.149055e-08	1.58578e-09	-1790.667	7.7091023e+08	1.1709317e+09	5.131759	94.375942	0.28861312	39579	448	558	25711	546	694	17	0	0	16.997457	0	9.2483301	0	0	0	0	0	0	297.846	-5.22782e-13	297.059	1.14852e-08	1.58763e-09	0	41	30423370	30423370
9.25231	12.338149	25	-58.6672	12.5726	86443006	5.18229	0	0	0	296.98506	12.341037	1.148807e-08	1.584862e-09	-1790.667	7.7091023e+08	1.1708897e+09	5.1879802	94.319109	0.29472352	40465	381	533	27218	582	715	20	0	0	16.997457	0	9.2501745	0	0	0	0	0	0	297.846	-5.22782e-13	297.008	1.14931e-08	1.58435e-09	0	45	30411846	30411846
9.25553	12.333789	25	-58.6672	12.5724	86443013	5.2386072	0	0	0	296.93781	12.336037	1.150662e-08	1.582158e-09	-1790.667	7.7091023e+08	1.1695313e+09	5.2454509	94.293722	0.29932	41172	402	503	27415	533	655	12	0	0	16.997457	0	9.2538656	0	0	0	0	0	0	297.846	-5.22782e-13	296.951	1.15021e-08	1.58243e-09	0	47	30455967	30455967
9.25876	12.329409	25	-58.6672	12.5722	86443021	5.2952536	0	0	0	296.88067	12.331037	1.160211e-08	1.585827e-09	-1790.667	7.7091023e+08	1.1728867e+09	5.3001066	94.480992	0.29251328	40145	447	518	26707	567	682	23	0	0	16.997457	0	9.2575597	0	0	0	0	0	0	297.846	-5.22782e-13	296.897	1.15722e-08	1.58683e-09	0	59	30703680	30703680
9.26202	12.325004	25	-58.6672	12.572	86443029	5.35223	0	0	0	296.82081	12.326037	1.160427e-08	1.587717e-09	-1790.667	7.7091023e+08	1.1749352e+09	5.3639546	94.364039	0.3023104	40855	393	535	26663	532	657	19	0	0	16.997457	0	9.2612568	0	0	0	0	0	0	297.846	-5.22782e-13	296.839	1.15819e-08	1.58639e-09	0	38	30704327	30704327
9.26529	12.320579	25	-58.6672	12.5717	86443037	5.409536	0	0	0	296.76596	12.323537	1.163398e-08	1.586722e-09	-1790.667	7.7091023e+08	1.1748517e+09	5.4199485	94.379064	0.30465184	40579	504	639	24877	579	693	15	0	0	16.997457	0	9.2631065	0	0	0	0	0	0	297.846	-5.22782e-13	296.785	1.16121e-08	1.58595e-09	0	52	30777852	30777852
9.26859	12.316134	25	-58.6672	12.5715	86443045	5.4671716	0	0	0	296.70691	12.318537	1.160269e-08	1.587981e-09	-1790.667	7.7091023e+08	1.1764438e+09	5.4758797	94.473041	0.3026496	41853	404	566	27480	555	729	20	0	0	16.997457	0	9.2668082	0	0	0	0	0	0	297.846	-5.22782e-13	296.728	1.16049e-08	1.5861e-09	0	67	30689966	30689966
9.2719	12.311664	25	-58.6672	12.5713	86443053	5.5251368	0	0	0	296.65059	12.313537	1.15579e-08	1.582171e-09	-1790.667	7.7091023e+08	1.1727996e+09	5.5318256	94.548577	0.3015632	41941	414	487	27657	575	731	30	0	0	16.997457	0	9.2705129	0	0	0	0	0	0	297.846	-5.22782e-13	296.671	1.15657e-08	1.58192e-09	0	57	30566401	30566401
9.27523	12.307174	25	-58.6672	12.5711	86443061	5.5834316	0	0	0	296.59309	12.308537	1.152727e-08	1.573195e-09	-1790.667	7.7091023e+08	1.1668069e+09	5.5880499	94.379028	0.31410272	42551	486	596	27620	551	698	36	0	0	16.997457	0	9.2742207	0	0	0	0	0	0	297.846	-5.22782e-13	296.614	1.15307e-08	1.57217e-09	0	56	30480297	30480297
9.27858	12.302659	25	-58.6672	12.5709	86443074	5.6420564	0	0	0	296.49965	12.306037	1.162445e-08	1.586546e-09	-1790.667	7.7091023e+08	1.1773802e+09	5.6518045	94.429361	0.3148416	44265	399	536	30120	604	759	19	0	0	16.997457	0	9.2760757	0	0	0	0	0	0	297.846	-5.22782e-13	296.557	1.16292e-08	1.58699e-09	0	49	30732099	30732099
9.28195	12.298124	25	-58.6672	12.5706	86443082	5.7010104	0	0	0	296.74031	12.301037	1.165384e-08	1.587326e-09	-1790.667	7.7091023e+08	1.1786351e+09	5.7077725	94.658747	0.30486656	42910	465	505	28512	590	765	20	0	0	16.997457	0	9.279788	0	0	0	0	0	0	297.846	-5.22782e-13	296.56	1.16488e-08	1.586e-09	0	60	30804606	30804606
9.28534	12.293569	25	-58.6672	12.5704	86443090	5.7602944	0	0	0	296.6814	12.296037	1.16871e-08	1.586928e-09	-1790.667	7.7091023e+08	1.1790201e+09	5.7719101	94.624443	0.31027232	42550	476	536	27366	559	704	25	0	0	16.997457	0	9.2835033	0	0	0	0	0	0	297.846	-5.22782e-13	296.7	1.16711e-08	1.58598e-09	0	59	30887295	30887295
9.28875	12.288989	25	-58.6672	12.5702	86443098	5.819908	0	0	0	296.62457	12.291037	1.167246e-08	1.583171e-09	-1790.667	7.7091023e+08	1.1769124e+09	5.8278413	94.633578	0.31274656	43414	466	531	28372	597	730	17	0	0	16.997457	0	9.2872217	0	0	0	0	0	0	297.846	-5.22782e-13	296.642	1.16553e-08	1.58395e-09	0	52	30843365	30843365
9.29217	12.284384	25	-58.6672	12.57	86443107	5.8798512	0	0	0	296.56119	12.286037	1.166661e-08	1.577916e-09	-1790.667	7.7091023e+08	1.1736898e+09	5.8922426	94.572889	0.31977856	44684	468	520	29419	653	772	18	0	0	16.997457	0	9.2909432	0	0	0	0	0	0	297.846	-5.22782e-13	296.585	1.16643e-08	1.57854e-09	0	63	30822668	30822668
9.29562	12.279764	25	-58.6672	12.5698	86443115	5.940124	0	0	0	296.50267	12.281037	1.159856e-08	1.569683e-09	-1790.667	7.7091023e+08	1.1682529e+09	5.947944	94.415528	0.33216128	45079	575	667	27841	653	808	26	0	0	16.997457	0	9.2946676	0	0	0	0	0	0	297.846	-5.22782e-13	296.52	1.16003e-08	1.56863e-09	0	65	30637640	30637640
9.29908	12.275119	25	-58.6672	12.5695	86443123	6.0007268	0	0	0	296.68903	12.276037	1.154323e-08	1.560274e-09	-1790.667	7.7091023e+08	1.1619356e+09	6.0121437	94.348005	0.33980608	45730	490	577	30156	661	835	31	0	0	16.997457	0	9.2983952	0	0	0	0	0	0	297.846	-5.22782e-13	296.584	1.15756e-08	1.56081e-09	0	69	30486265	30486265
9.30256	12.270449	25	-58.6672	12.5693	86443134	6.0616588	0	0	0	296.61162	12.273537	1.164051e-08	1.563359e-09	-1790.667	7.7091023e+08	1.1649244e+09	6.0679379	94.38929	0.3404544	48137	410	516	32868	620	826	13	0	0	16.997457	0	9.3002601	0	0	0	0	0	0	297.846	-5.22782e-13	296.641	1.16448e-08	1.56418e-09	0	64	30737904	30737904
9.30606	12.265764	25	-58.6672	12.5691	86443143	6.1229208	0	0	0	296.54519	12.268635	1.161511e-08	1.554904e-09	-1790.667	7.7091023e+08	1.1593166e+09	6.1321283	94.390374	0.34398944	46971	495	625	31199	639	804	33	0	0	16.997457	0	9.3039193	0	0	0	0	0	0	297.846	-5.22782e-13	296.57	1.16157e-08	1.55528e-09	0	62	30665545	30665545
9.30958	12.261054	25	-58.6672	12.5688	86443151	6.1845124	0	0	0	296.48753	12.263635	1.181975e-08	1.568337e-09	-1790.667	7.7091023e+08	1.170035e+09	6.1958451	94.490341	0.34136992	48013	440	517	32694	668	824	18	0	0	16.997457	0	9.3076545	0	0	0	0	0	0	297.846	-5.22782e-13	296.505	1.18139e-08	1.56734e-09	0	53	31200424	31200424
9.31312	12.256324	25	-58.6672	12.5686	86443160	6.2464336	0	0	0	296.42253	12.258635	1.186169e-08	1.564869e-09	-1790.667	7.7091023e+08	1.1681538e+09	6.2519962	94.514331	0.34296384	47796	505	596	31678	677	871	27	0	0	16.997457	0	9.3113927	0	0	0	0	0	0	297.846	-5.22782e-13	296.445	1.18689e-08	1.56663e-09	0	59	31305696	31305696
9.31668	12.251569	25	-58.6672	12.5684	86443169	6.3086844	0	0	0	296.63706	12.253635	1.19486e-08	1.566377e-09	-1790.667	7.7091023e+08	1.1699909e+09	6.3159494	94.446699	0.35074368	48026	547	641	30862	606	776	22	0	0	16.997457	0	9.315134	0	0	0	0	0	0	297.846	-5.22782e-13	296.662	1.19338e-08	1.56684e-09	0	67	31529578	31529578
9.32026	12.246794	25	-58.6672	12.5682	86443177	6.3712648	0	0	0	296.57964	12.248635	1.198305e-08	1.564381e-09	-1790.667	7.7091023e+08	1.1692152e+09	6.3800662	94.465036	0.3531344	49261	458	564	33257	661	860	21	0	0	16.997457	0	9.3188784	0	0	0	0	0	0	297.846	-5.22782e-13	296.598	1.19811e-08	1.5645e-09	0	47	31614956	31614956
9.32385	12.241999	25	-58.6672	12.5679	86443186	6.4341748	0	0	0	296.51598	12.243635	1.207902e-08	1.56315e-09	-1790.667	7.7091023e+08	1.1690124e+09	6.4440003	94.366009	0.3630544	48877	614	770	30437	674	834	34	0	0	16.997457	0	9.3226259	0	0	0	0	0	0	297.846	-5.22782e-13	296.537	1.20858e-08	1.56441e-09	0	61	31862582	31862582
9.32747	12.237184	25	-58.6672	12.5677	86443195	6.4974148	0	0	0	296.45111	12.238635	1.212947e-08	1.562123e-09	-1790.667	7.7091023e+08	1.1689679e+09	6.5082362	94.429198	0.36256096	49801	520	646	33043	706	856	21	0	0	16.997457	0	9.3263764	0	0	0	0	0	0	297.846	-5.22782e-13	296.472	1.21457e-08	1.56437e-09	0	79	31990032	31990032
9.3311	12.232344	25	-58.6672	12.5675	86443204	6.5609844	0	0	0	296.71299	12.233635	1.220532e-08	1.565208e-09	-1790.667	7.7091023e+08	1.1720041e+09	6.5722717	94.439178	0.36547232	50637	477	607	33816	746	923	26	0	0	16.997457	0	9.3301301	0	0	0	0	0	0	297.846	-5.22782e-13	296.595	1.22007e-08	1.56377e-09	0	69	32184411	32184411
9.33475	12.227484	25	-58.6672	12.5672	86443213	6.6248836	0	0	0	296.64801	12.228635	1.227921e-08	1.562357e-09	-1790.667	7.7091023e+08	1.1706004e+09	6.6357933	94.387953	0.37240384	50926	558	660	32920	681	889	31	0	0	16.997457	0	9.3338868	0	0	0	0	0	0	297.846	-5.22782e-13	296.671	1.22863e-08	1.56259e-09	0	56	32373536	32373536
9.33842	12.222604	25	-58.6672	12.567	86443223	6.6891124	0	0	0	296.57673	12.223635	1.233096e-08	1.559165e-09	-1790.667	7.7091023e+08	1.168943e+09	6.6998966	94.328037	0.38001568	52228	577	678	34039	734	909	25	0	0	16.997457	0	9.3376466	0	0	0	0	0	0	297.846	-5.22782e-13	296.606	1.23443e-08	1.56147e-09	0	64	32504214	32504214
9.34211	12.217704	25	-58.6672	12.5667	86443232	6.7536708	0	0	0	296.50929	12.22092	1.240022e-08	1.558334e-09	-1790.667	7.7091023e+08	1.1690586e+09	6.7641024	94.321387	0.3841072	52626	539	682	34445	752	909	36	0	0	16.997457	0	9.3396894	0	0	0	0	0	0	297.846	-5.22782e-13	296.536	1.24074e-08	1.55753e-09	0	81	32680976	32680976
9.34582	12.212779	25	-58.6672	12.5665	86443241	6.8185588	0	0	0	296.77407	12.216135	1.247781e-08	1.553818e-09	-1790.667	7.7091023e+08	1.1664119e+09	6.8279242	94.288012	0.39001024	53544	569	699	35189	725	897	39	0	0	16.997457	0	9.3432922	0	0	0	0	0	0	297.846	-5.22782e-13	296.514	1.24503e-08	1.55478e-09	0	71	32879605	32879605
9.34955	12.207834	25	-58.6672	12.5663	86443256	6.8837768	0	0	0	296.66551	12.211135	1.248339e-08	1.556518e-09	-1790.667	7.7091023e+08	1.1691859e+09	6.8922205	94.184423	0.4008224	55268	523	671	37017	695	895	25	0	0	16.997457	0	9.3470598	0	0	0	0	0	0	297.846	-5.22782e-13	296.731	1.25083e-08	1.55633e-09	0	58	32888430	32888430
9.35329	12.202874	25	-58.6672	12.566	86443265	6.949324	0	0	0	296.60063	12.206135	1.251163e-08	1.553799e-09	-1790.667	7.7091023e+08	1.1678922e+09	6.9557866	94.354127	0.39271488	53522	600	787	34340	712	901	38	0	0	16.997457	0	9.3508305	0	0	0	0	0	0	297.846	-5.22782e-13	296.623	1.25246e-08	1.55385e-09	0	62	32956938	32956938
9.35706	12.197884	25	-58.6672	12.5658	86443275	7.0152012	0	0	0	296.52662	12.201135	1.257007e-08	1.550829e-09	-1790.667	7.7091023e+08	1.1664138e+09	7.0202278	94.253885	0.4033904	55290	585	698	35999	690	862	23	0	0	16.997457	0	9.3546043	0	0	0	0	0	0	297.846	-5.22782e-13	296.557	1.25509e-08	1.55071e-09	0	64	33104923	33104923
9.36084	12.192879	25	-58.6672	12.5655	86443284	7.081408	0	0	0	296.46304	12.196135	1.256364e-08	1.546718e-09	-1790.667	7.7091023e+08	1.1640766e+09	7.0920474	94.284451	0.40534944	54988	542	687	36185	736	920	28	0	0	16.997457	0	9.3583812	0	0	0	0	0	0	297.846	-5.22782e-13	296.485	1.25761e-08	1.54778e-09	0	60	33082040	33082040
9.36464	12.187854	25	-58.6672	12.5653	86443294	7.1479444	0	0	0	296.72006	12.191135	1.260782e-08	1.54852e-09	-1790.667	7.7091023e+08	1.1661931e+09	7.1559738	94.282273	0.40915904	55801	606	737	36251	737	923	40	0	0	16.997457	0	9.3621613	0	0	0	0	0	0	297.846	-5.22782e-13	296.58	1.2611e-08	1.54736e-09	0	83	33192387	33192387
9.36846	12.182804	25	-58.6672	12.5651	86443304	7.2148104	0	0	0	296.64669	12.186135	1.260447e-08	1.544613e-09	-1790.667	7.7091023e+08	1.164014e+09	7.219791	94.272441	0.41351776	55504	705	806	34989	719	885	38	0	0	16.997457	0	9.3659445	0	0	0	0	0	0	297.846	-5.22782e-13	296.677	1.26414e-08	1.54667e-09	0	64	33177569	33177569
9.3723	12.177739	25	-58.6672	12.5648	86443317	7.2820064	0	0	0	296.55232	12.178635	1.26457e-08	1.544842e-09	-1790.667	7.7091023e+08	1.1649547e+09	7.2921398	94.190001	0.42367328	58857	601	703	39664	815	1015	26	0	0	16.997457	0	9.3716251	0	0	0	0	0	0	297.846	-5.22782e-13	296.604	1.26637e-08	1.54506e-09	0	77	33280061	33280061
9.37616	12.172649	25	-58.6672	12.5646	86443326	7.3495316	0	0	0	296.48848	12.173635	1.26694e-08	1.539993e-09	-1790.667	7.7091023e+08	1.1620685e+09	7.3558845	94.248884	0.42304544	58044	611	722	38661	761	993	29	0	0	16.997457	0	9.3754161	0	0	0	0	0	0	297.846	-5.22782e-13	296.51	1.26983e-08	1.54237e-09	0	69	33336372	33336372
9.38004	12.167539	25	-58.6672	12.5643	86443337	7.4173868	0	0	0	297.39221	12.168635	1.272645e-08	1.542867e-09	-1790.667	7.7091023e+08	1.1650139e+09	7.4279722	94.349235	0.41973728	57018	636	712	37121	776	950	29	0	0	16.997457	0	9.3792103	0	0	0	0	0	0	297.846	-5.22782e-13	297.274	1.27383e-08	1.5436e-09	0	77	33480383	33480383
9.38394	12.162409	25	-58.6672	12.5641	86443347	7.4855716	0	0	0	297.31193	12.163635	1.276022e-08	1.54062e-09	-1790.667	7.7091023e+08	1.1640976e+09	7.4918419	94.291382	0.42768064	57736	669	776	37127	779	961	31	0	0	16.997457	0	9.3830076	0	0	0	0	0	0	297.846	-5.22782e-13	297.34	1.27836e-08	1.54206e-09	0	67	33563091	33563091
9.38785	12.157259	25	-58.6672	12.5638	86443357	7.554086	0	0	0	297.23782	12.158635	1.281387e-08	1.539794e-09	-1790.667	7.7091023e+08	1.1642562e+09	7.5640464	94.299517	0.4311872	58727	619	785	38370	791	989	18	0	0	16.997457	0	9.386808	0	0	0	0	0	0	297.846	-5.22782e-13	297.267	1.28094e-08	1.54048e-09	0	68	33698049	33698049
9.39179	12.152089	25	-58.6672	12.5636	86443367	7.62293	0	0	0	297.1661	12.153635	1.289469e-08	1.539783e-09	-1790.667	7.7091023e+08	1.1650375e+09	7.628047	94.285866	0.4358768	59551	676	759	38833	817	1006	37	0	0	16.997457	0	9.3906116	0	0	0	0	0	0	297.846	-5.22782e-13	297.191	1.28575e-08	1.53953e-09	0	83	33904364	33904364
9.39574	12.146894	25	-58.6672	12.5633	86443377	7.6921036	0	0	0	297.0917	12.148635	1.285035e-08	1.535108e-09	-1790.667	7.7091023e+08	1.1622903e+09	7.7001709	94.262685	0.44178304	59987	607	766	39663	823	1022	33	0	0	16.997457	0	9.3944184	0	0	0	0	0	0	297.846	-5.22782e-13	297.118	1.2873e-08	1.53802e-09	0	57	33781576	33781576
9.39971	12.141684	25	-58.6672	12.5631	86443388	7.7616068	0	0	0	297.01151	12.143635	1.291589e-08	1.534774e-09	-1790.667	7.7091023e+08	1.1628321e+09	7.7718352	94.402319	0.43504256	60651	589	755	40803	798	1035	31	0	0	16.997457	0	9.3982283	0	0	0	0	0	0	297.846	-5.22782e-13	297.045	1.2928e-08	1.53658e-09	0	91	33947622	33947622
9.40371	12.136454	25	-58.6672	12.5628	86443398	7.83144	0	0	0	296.94053	12.138635	1.298641e-08	1.535339e-09	-1790.667	7.7091023e+08	1.1640619e+09	7.8359674	94.328038	0.44445312	62086	574	646	42078	840	1050	25	0	0	16.997457	0	9.4020414	0	0	0	0	0	0	297.846	-5.22782e-13	296.967	1.29671e-08	1.535e-09	0	72	34126663	34126663
9.40771	12.131204	25	-58.6672	12.5626	86443408	7.9016028	0	0	0	296.86898	12.133635	1.302917e-08	1.531923e-09	-1790.667	7.7091023e+08	1.1622728e+09	7.9077894	94.27483	0.4527344	63146	639	726	42117	869	1091	39	0	0	16.997457	0	9.4058576	0	0	0	0	0	0	297.846	-5.22782e-13	296.895	1.30347e-08	1.53279e-09	0	72	34232716	34232716
9.41174	12.125929	25	-58.6672	12.5623	86443419	7.9720952	0	0	0	296.78751	12.128635	1.308799e-08	1.530324e-09	-1790.667	7.7091023e+08	1.1618666e+09	7.9799072	94.289658	0.45568	62693	627	776	42036	881	1117	29	0	0	16.997457	0	9.409677	0	0	0	0	0	0	297.846	-5.22782e-13	296.814	1.30966e-08	1.53112e-09	0	81	34380887	34380887
9.41579	12.120639	25	-58.6672	12.5621	86443429	8.0429172	0	0	0	296.71699	12.123635	1.308724e-08	1.527944e-09	-1790.667	7.7091023e+08	1.1608701e+09	8.0519914	94.318877	0.45744352	62619	648	793	41117	851	1059	37	0	0	16.997457	0	9.4134996	0	0	0	0	0	0	297.846	-5.22782e-13	296.741	1.31108e-08	1.52927e-09	0	97	34372532	34372532
9.41986	12.115329	25	-58.6672	12.5618	86443440	8.1140688	0	0	0	296.63735	12.118635	1.316604e-08	1.528004e-09	-1790.667	7.7091023e+08	1.161731e+09	8.1252973	94.291531	0.46383008	63602	649	811	42098	929	1125	35	0	0	16.997457	0	9.4173254	0	0	0	0	0	0	297.846	-5.22782e-13	296.662	1.318e-08	1.5278e-09	0	81	34573058	34573058
9.42394	12.109994	25	-58.6672	12.5616	86443451	8.18555	0	0	0	296.55599	12.111135	1.329747e-08	1.525853e-09	-1790.667	7.7091023e+08	1.1609127e+09	8.195743	94.272383	0.4694208	64537	650	831	42932	930	1147	28	0	0	16.997457	0	9.42307	0	0	0	0	0	0	297.846	-5.22782e-13	296.585	1.32835e-08	1.52649e-09	0	86	34911687	34911687
9.42805	12.104644	25	-58.6672	12.5613	86443462	8.2573612	0	0	0	296.47524	12.106135	1.336615e-08	1.524633e-09	-1790.667	7.7091023e+08	1.1608079e+09	8.2678589	94.189153	0.48043264	64930	693	798	43399	851	1088	40	0	0	16.997457	0	9.4269037	0	0	0	0	0	0	297.846	-5.22782e-13	296.509	1.33468e-08	1.52412e-09	0	90	35085444	35085444
9.43217	12.099274	25	-58.6672	12.561	86443473	8.3295016	0	0	0	296.72338	12.101135	1.337632e-08	1.522805e-09	-1790.667	7.7091023e+08	1.1602413e+09	8.3402093	94.174807	0.48583328	65588	706	827	42831	843	1079	41	0	0	16.997457	0	9.4307407	0	0	0	0	0	0	297.846	-5.22782e-13	296.512	1.3397e-08	1.5227e-09	0	86	35105580	35105580
9.43631	12.093884	25	-58.6672	12.5608	86443484	8.401972	0	0	0	296.64383	12.096135	1.341331e-08	1.522475e-09	-1790.667	7.7091023e+08	1.1608198e+09	8.4121552	94.168872	0.49052352	67652	638	799	44717	947	1184	37	0	0	16.997457	0	9.4345808	0	0	0	0	0	0	297.846	-5.22782e-13	296.676	1.34631e-08	1.52015e-09	0	77	35196069	35196069
9.44047	12.088474	25	-58.6672	12.5605	86443499	8.474772	0	0	0	296.53778	12.091135	1.344594e-08	1.515414e-09	-1790.667	7.7091023e+08	1.1562671e+09	8.4841958	94.049582	0.50484512	69213	704	855	46474	881	1104	41	0	0	16.997457	0	9.4384241	0	0	0	0	0	0	297.846	-5.22782e-13	296.592	1.34607e-08	1.51439e-09	0	88	35275071	35275071
9.44465	12.083044	25	-58.6672	12.5603	86443510	8.5479016	0	0	0	296.45764	12.086135	1.355502e-08	1.515435e-09	-1790.667	7.7091023e+08	1.157119e+09	8.5559149	94.137172	0.50161856	68606	637	744	46151	892	1164	22	0	0	16.997457	0	9.4422706	0	0	0	0	0	0	297.846	-5.22782e-13	296.485	1.35341e-08	1.51542e-09	0	67	35554557	35554557
9.44885	12.077594	25	-58.6672	12.56	86443521	8.6213608	0	0	0	296.64748	12.078635	1.348203e-08	1.494866e-09	-1790.667	7.7091023e+08	1.1422429e+09	8.6279475	93.989653	0.5185696	70487	654	813	47898	945	1165	32	0	0	16.997457	0	9.4480464	0	0	0	0	0	0	297.846	-5.22782e-13	296.676	1.34837e-08	1.49768e-09	0	80	35356448	35356448
9.45307	12.072124	25	-58.6672	12.5598	86443532	8.69515	0	0	0	296.56721	12.073635	1.360125e-08	1.504677e-09	-1790.667	7.7091023e+08	1.1505793e+09	8.7000173	94.128832	0.51079264	70616	640	796	48535	996	1218	33	0	0	16.997457	0	9.451901	0	0	0	0	0	0	297.846	-5.22782e-13	296.596	1.36584e-08	1.50782e-09	0	97	35662373	35662373
9.4573	12.066634	25	-58.6672	12.5595	86443544	8.7692684	0	0	0	296.48359	12.068635	1.366801e-08	1.506434e-09	-1790.667	7.7091023e+08	1.1527665e+09	8.7801558	94.047216	0.52266368	70996	704	902	46841	980	1210	31	0	0	16.997457	0	9.4557588	0	0	0	0	0	0	297.846	-5.22782e-13	296.515	1.36494e-08	1.50473e-09	0	87	35830662	35830662
9.46156	12.061129	25	-58.6672	12.5592	86443560	8.8437168	0	0	0	298.01227	12.063635	1.376413e-08	1.507308e-09	-1790.667	7.7091023e+08	1.1542863e+09	8.8518141	94.063644	0.5254752	72644	644	866	49979	997	1261	37	0	0	16.997457	0	9.4596198	0	0	0	0	0	0	297.846	-5.22782e-13	297.346	1.37242e-08	1.5048e-09	0	90	36075811	36075811
9.46583	12.055599	25	-58.6672	12.559	86443571	8.9184948	0	0	0	297.93063	12.058635	1.386326e-08	1.50748e-09	-1790.667	7.7091023e+08	1.1552721e+09	8.9240365	94.148205	0.52221632	71429	763	897	47022	985	1230	26	0	0	16.997457	0	9.463484	0	0	0	0	0	0	297.846	-5.22782e-13	297.961	1.38537e-08	1.50751e-09	0	97	36328758	36328758
9.47012	12.050054	25	-58.6672	12.5587	86443583	8.9936024	0	0	0	297.84524	12.051135	1.398112e-08	1.507805e-09	-1790.667	7.7091023e+08	1.1563804e+09	9.0042067	94.173458	0.52463392	72117	638	838	48572	990	1212	38	0	0	16.997457	0	9.4692864	0	0	0	0	0	0	297.846	-5.22782e-13	297.881	1.3953e-08	1.50906e-09	0	92	36630670	36630670
9.47443	12.044489	25	-58.6672	12.5584	86443594	9.0690396	0	0	0	297.76347	12.046135	1.409003e-08	1.509603e-09	-1790.667	7.7091023e+08	1.1586246e+09	9.0760896	94.125601	0.53316576	72555	765	898	47905	934	1190	37	0	0	16.997457	0	9.4731587	0	0	0	0	0	0	297.846	-5.22782e-13	297.792	1.40541e-08	1.51069e-09	0	108	36909009	36909009
9.47876	12.038904	25	-58.6672	12.5582	86443606	9.1448064	0	0	0	297.67489	12.041135	1.410119e-08	1.510429e-09	-1790.667	7.7091023e+08	1.1601293e+09	9.1562314	94.175329	0.53332032	72604	820	912	47528	1036	1277	44	0	0	16.997457	0	9.4770342	0	0	0	0	0	0	297.846	-5.22782e-13	297.709	1.41376e-08	1.51022e-09	0	87	36931223	36931223
9.48311	12.033299	25	-58.6672	12.5579	86443620	9.2209032	0	0	0	297.57504	12.036135	1.419406e-08	1.508958e-09	-1790.667	7.7091023e+08	1.1598742e+09	9.2279162	94.07008	0.547208	74384	830	942	48565	983	1237	44	0	0	16.997457	0	9.480913	0	0	0	0	0	0	297.846	-5.22782e-13	297.625	1.42004e-08	1.50914e-09	0	99	37167374	37167374
9.48748	12.027679	25	-58.6672	12.5576	86443632	9.2973292	0	0	0	297.48749	12.028635	1.426585e-08	1.506626e-09	-1790.667	7.7091023e+08	1.1589602e+09	9.3082093	94.186448	0.5411376	74116	757	953	48980	1033	1328	54	0	0	16.997457	0	9.4867373	0	0	0	0	0	0	297.846	-5.22782e-13	297.52	1.42605e-08	1.5085e-09	0	98	37348236	37348236
9.49187	12.022034	25	-58.6672	12.5574	86443644	9.3740852	0	0	0	297.40112	12.023635	1.429183e-08	1.50629e-09	-1790.667	7.7091023e+08	1.1595851e+09	9.3799171	94.181352	0.54578432	74242	829	940	48799	1070	1322	48	0	0	16.997457	0	9.4906242	0	0	0	0	0	0	297.846	-5.22782e-13	297.433	1.43111e-08	1.5065e-09	0	99	37409109	37409109
9.49627	12.016374	25	-58.6672	12.5571	86443656	9.4511708	0	0	0	297.31309	12.018635	1.433437e-08	1.504018e-09	-1790.667	7.7091023e+08	1.158721e+09	9.4601494	94.165579	0.55194496	75347	740	845	50722	1028	1258	30	0	0	16.997457	0	9.4945144	0	0	0	0	0	0	297.846	-5.22782e-13	297.345	1.43424e-08	1.50416e-09	0	105	37513302	37513302
9.5007	12.010699	25	-58.6672	12.5568	86443668	9.528586	0	0	0	297.22468	12.013635	1.436031e-08	1.500487e-09	-1790.667	7.7091023e+08	1.1568906e+09	9.5401786	94.193454	0.55395488	75397	790	902	49738	1024	1316	46	0	0	16.997457	0	9.4984078	0	0	0	0	0	0	297.846	-5.22782e-13	297.257	1.43522e-08	1.50206e-09	0	74	37573993	37573993
9.50514	12.004999	25	-58.6672	12.5566	86443681	9.6063308	0	0	0	297.13214	12.006135	1.445954e-08	1.500146e-09	-1790.667	7.7091023e+08	1.1575204e+09	9.6121853	94.081875	0.56886112	78421	730	953	53415	994	1283	31	0	0	16.997457	0	9.5042541	0	0	0	0	0	0	297.846	-5.22782e-13	297.171	1.44586e-08	1.50049e-09	0	99	37826395	37826395
9.5096	11.999284	25	-58.6672	12.5563	86443693	9.6844056	0	0	0	297.04263	12.001135	1.450642e-08	1.497403e-09	-1790.667	7.7091023e+08	1.1563001e+09	9.692177	94.103365	0.57151232	77144	864	1113	49894	1034	1261	46	0	0	16.997457	0	9.5081557	0	0	0	0	0	0	297.846	-5.22782e-13	297.077	1.45213e-08	1.49815e-09	0	98	37941767	37941767
9.51408	11.993549	25	-58.6672	12.556	86443706	9.7628096	0	0	0	296.94937	11.996135	1.45531e-08	1.495682e-09	-1790.667	7.7091023e+08	1.1558713e+09	9.7718451	94.157448	0.57092512	78285	729	878	52568	1050	1336	38	0	0	16.997457	0	9.5120606	0	0	0	0	0	0	297.846	-5.22782e-13	296.986	1.45666e-08	1.49564e-09	0	85	38056561	38056561
9.51858	11.987794	25	-58.6672	12.5557	86443718	9.8415436	0	0	0	296.86134	11.988635	1.463445e-08	1.493399e-09	-1790.667	7.7091023e+08	1.1550108e+09	9.8522467	94.146056	0.57674496	79612	740	964	54477	1116	1399	26	0	0	16.997457	0	9.5179241	0	0	0	0	0	0	297.846	-5.22782e-13	296.895	1.46281e-08	1.49371e-09	0	103	38261947	38261947
9.5231	11.982019	25	-58.6672	12.5555	86443730	9.9206072	0	0	0	296.77775	11.983635	1.471268e-08	1.490111e-09	-1790.667	7.7091023e+08	1.1533747e+09	9.9319558	94.128106	0.58319392	79533	823	1040	52394	1041	1316	44	0	0	16.997457	0	9.5218372	0	0	0	0	0	0	297.846	-5.22782e-13	296.809	1.47096e-08	1.49135e-09	0	106	38459089	38459089
9.52764	11.976229	25	-58.6672	12.5552	86443743	10	0	0	0	296.67997	11.978635	1.476666e-08	1.489786e-09	-1790.667	7.7091023e+08	1.1540349e+09	10.005934	94.093614	0.59098912	80602	810	931	54144	1086	1362	41	0	0	16.997457	0	9.5257536	0	0	0	0	0	0	297.846	-5.22782e-13	296.714	1.47487e-08	1.48966e-09	0	103	38592767	38592767
