# Scan number: 32
# Command: ascan monoE 8.323 8.358 70 1
# Date: Mon Jul 29 02:25:34 2024
# date: Mon Jul 29 02:25:34 2024
monoE	monobr	cr2latr	cr2vetr	H	K	L	Epoch	sec	no1	no2	izero	RCur	enc_det	K1_1	K1_2	"Counter 8"	"Counter 9"	ionch1	mcaRt	mcaDt	mcaLt	mca	roi1	roi2	roi3	roi4	roi5	roi6	ctm	ctran	LST1	LST2	E_det	mcaLt1	mcaLt2	mcaLt3	mcaLt4	mcaLt5	mcaLt6	mcaLt7	mcaLt8	AS_RC	AS_DM	AS_IC	AS_IC1	cyber	diode1	diode1
8.323	13.741364	-52.6228	12.6684	0	0	0	86782622	1	0	0	0	296.89729	13.745842	3.55983e-11	3.55584e-10	-1790.667	7.7091023e+08	2.2653138e+08	1.0118483	8.9851254	0.92093248	3600	183	189	719	187	1402	0	0	0	16.997457	0	8.3203402	0	0	0	0	0	0	297.846	-5.22782e-13	296.897	3.55983e-11	3.55735e-10	0	38	100116.11	100116.11
8.3235	13.740519	-52.626	12.6683	0	0	0	86782624	1	0	0	0	296.88136	13.743342	3.561571e-11	3.600746e-10	-1790.667	7.7091023e+08	2.2940903e+08	1.0119427	8.3804585	0.92713728	3550	186	206	715	180	1361	0	0	0	16.997457	0	8.3218245	0	0	0	0	0	0	297.846	-5.22782e-13	296.881	3.56157e-11	3.6054e-10	0	39	100161.12	100161.12
8.324	13.739679	-52.6292	12.6682	0	0	0	86782626	1	0	0	0	296.86599	13.743342	3.590421e-11	3.612755e-10	-1790.667	7.7091023e+08	2.3019104e+08	1.0118598	8.4298157	0.92656192	3503	176	213	702	161	1349	0	0	0	16.997457	0	8.3218245	0	0	0	0	0	0	297.846	-5.22782e-13	296.866	3.63876e-11	3.61833e-10	0	27	100968.47	100968.47
8.3245	13.738839	-52.6323	12.6682	0	0	0	86782628	1	0	0	0	296.8418	13.743342	3.582298e-11	3.617693e-10	-1790.667	7.7091023e+08	2.3052259e+08	1.0118163	8.2966205	0.92786976	3574	166	172	715	175	1369	0	0	0	16.997457	0	8.3218245	0	0	0	0	0	0	297.846	-5.22782e-13	296.852	3.57479e-11	3.62232e-10	0	33	100736.06	100736.06
8.325	13.737994	-52.6355	12.6681	0	0	0	86782631	1	0	0	0	296.82622	13.743342	3.649276e-11	3.604974e-10	-1790.667	7.7091023e+08	2.2972899e+08	1.0119408	8.5904788	0.92501024	3655	198	205	715	181	1427	0	0	0	16.997457	0	8.3218245	0	0	0	0	0	0	297.846	-5.22782e-13	296.831	3.64928e-11	3.61569e-10	0	26	102615.46	102615.46
8.3255	13.737154	-52.6386	12.6681	0	0	0	86782633	1	0	0	0	296.81039	13.740842	3.580636e-11	3.606111e-10	-1790.667	7.7091023e+08	2.2981832e+08	1.011823	8.7317719	0.92347296	3685	172	199	777	206	1456	0	0	0	16.997457	0	8.3233095	0	0	0	0	0	0	297.846	-5.22782e-13	296.81	3.58064e-11	3.61386e-10	0	30	100681.37	100681.37
8.326	13.736314	-52.6418	12.668	0	0	0	86782635	1	0	0	0	296.79612	13.740842	3.571736e-11	3.613962e-10	-1790.667	7.7091023e+08	2.3033558e+08	1.0118963	8.4134786	0.92676064	3627	182	179	728	209	1378	0	0	0	16.997457	0	8.3233095	0	0	0	0	0	0	297.846	-5.22782e-13	296.796	3.54592e-11	3.62141e-10	0	28	100427.15	100427.15
8.3265	13.735474	-52.645	12.6679	0	0	0	86782637	1	0	0	0	296.7728	13.740842	3.577122e-11	3.617693e-10	-1790.667	7.7091023e+08	2.3059031e+08	1.0118368	8.8786808	0.92199904	3667	188	214	740	173	1381	0	0	0	16.997457	0	8.3233095	0	0	0	0	0	0	297.846	-5.22782e-13	296.78	3.62085e-11	3.61981e-10	0	39	100574.62	100574.62
8.327	13.734629	-52.6481	12.6679	0	0	0	86782640	1	0	0	0	296.75616	13.738342	3.607952e-11	3.644338e-10	-1790.667	7.7091023e+08	2.3230571e+08	1.0118515	8.8768439	0.92203104	3672	181	201	727	192	1389	0	0	0	16.997457	0	8.3247949	0	0	0	0	0	0	297.846	-5.22782e-13	296.76	3.60795e-11	3.64663e-10	0	45	101437.44	101437.44
8.3275	13.733789	-52.6513	12.6678	0	0	0	86782642	1	0	0	0	296.74046	13.738342	3.609456e-11	3.641851e-10	-1790.667	7.7091023e+08	2.3216423e+08	1.0120838	8.9864808	0.92113312	3640	184	192	764	197	1361	0	0	0	16.997457	0	8.3247949	0	0	0	0	0	0	297.846	-5.22782e-13	296.74	3.60946e-11	3.65696e-10	0	44	101475.72	101475.72
8.328	13.732949	-52.6544	12.6678	0	0	0	86782644	1	0	0	0	296.72533	13.738342	3.676453e-11	3.689244e-10	-1790.667	7.7091023e+08	2.3520276e+08	1.0118358	8.6119266	0.92469728	3708	162	224	769	201	1393	0	0	0	16.997457	0	8.3247949	0	0	0	0	0	0	297.846	-5.22782e-13	296.725	3.58418e-11	3.67733e-10	0	32	103355.19	103355.19
8.3285	13.732109	-52.6576	12.6677	0	0	0	86782646	1	0	0	0	296.70109	13.735842	3.598783e-11	3.698837e-10	-1790.667	7.7091023e+08	2.3583168e+08	1.0122278	8.6269273	0.92490368	3645	161	181	727	191	1408	0	0	0	16.997457	0	8.3262809	0	0	0	0	0	0	297.846	-5.22782e-13	296.71	3.59878e-11	3.6925e-10	0	42	101167.68	101167.68
8.329	13.731269	-52.6608	12.6677	0	0	0	86782649	1	0	0	0	296.68454	13.735842	3.664976e-11	3.710703e-10	-1790.667	7.7091023e+08	2.3660562e+08	1.0118774	8.8679514	0.92214464	3699	180	207	743	208	1420	0	0	0	16.997457	0	8.3262809	0	0	0	0	0	0	297.846	-5.22782e-13	296.689	3.66498e-11	3.73348e-10	0	33	103024.41	103024.41
8.3295	13.730429	-52.6639	12.6676	0	0	0	86782660	1	0	0	0	296.59965	13.735842	3.648031e-11	3.706155e-10	-1790.667	7.7091023e+08	2.3633299e+08	1.0120941	8.6295535	0.92475488	3675	181	197	757	202	1369	0	0	0	16.997457	0	8.3262809	0	0	0	0	0	0	297.846	-5.22782e-13	296.67	3.65375e-11	3.73104e-10	0	30	102544.04	102544.04
8.33	13.729589	-52.6671	12.6675	0	0	0	86782662	1	0	0	0	296.58352	13.735842	3.689823e-11	3.758558e-10	-1790.667	7.7091023e+08	2.3969223e+08	1.0120125	8.892665	0.9220176	3736	170	200	766	206	1450	0	0	0	16.997457	0	8.3262809	0	0	0	0	0	0	297.846	-5.22782e-13	296.584	3.73527e-11	3.74023e-10	0	20	103714.7	103714.7
8.3305	13.728749	-52.6703	12.6675	0	0	0	86782664	1	0	0	0	296.55851	13.733342	3.692312e-11	3.770069e-10	-1790.667	7.7091023e+08	2.4044399e+08	1.0118627	8.9699124	0.92109952	3760	176	220	757	228	1421	0	0	0	16.997457	0	8.3277675	0	0	0	0	0	0	297.846	-5.22782e-13	296.566	3.71511e-11	3.76963e-10	0	40	103780.57	103780.57
8.331	13.727909	-52.6734	12.6674	0	0	0	86782667	1	0	0	0	296.54347	13.733342	3.716134e-11	3.785594e-10	-1790.667	7.7091023e+08	2.4145187e+08	1.0118323	8.9477909	0.92129568	3877	203	220	777	249	1459	0	0	0	16.997457	0	8.3277675	0	0	0	0	0	0	297.846	-5.22782e-13	296.548	3.71613e-11	3.79861e-10	0	28	104446.02	104446.02
8.3315	13.727069	-52.6766	12.6674	0	0	0	86782669	1	0	0	0	296.52813	13.730842	3.771495e-11	3.80652e-10	-1790.667	7.7091023e+08	2.4280442e+08	1.0122499	8.9863341	0.92128576	3819	169	203	724	212	1490	0	0	0	16.997457	0	8.3292546	0	0	0	0	0	0	297.846	-5.22782e-13	296.528	3.77149e-11	3.80697e-10	0	34	105997.83	105997.83
8.332	13.726229	-52.6797	12.6673	0	0	0	86782671	1	0	0	0	296.5126	13.730842	3.746975e-11	3.84528e-10	-1790.667	7.7091023e+08	2.4529482e+08	1.0119226	9.9142132	0.9115984	4077	176	224	804	281	1477	0	0	0	16.997457	0	8.3292546	0	0	0	0	0	0	297.846	-5.22782e-13	296.513	3.71356e-11	3.83261e-10	0	36	105304.55	105304.55
8.3325	13.725389	-52.6829	12.6672	0	0	0	86782673	1	0	0	0	296.4901	13.730842	3.76789e-11	3.878462e-10	-1790.667	7.7091023e+08	2.4742973e+08	1.0121958	8.878029	0.9223328	4098	189	203	781	328	1556	0	0	0	16.997457	0	8.3292546	0	0	0	0	0	0	297.846	-5.22782e-13	296.497	3.76848e-11	3.86532e-10	0	28	105888.17	105888.17
8.333	13.724549	-52.6861	12.6672	0	0	0	86782676	1	0	0	0	296.47301	13.728342	3.769125e-11	3.895408e-10	-1790.667	7.7091023e+08	2.4852909e+08	1.0122851	10.197412	0.90905824	4007	179	208	773	307	1505	0	0	0	16.997457	0	8.3307423	0	0	0	0	0	0	297.846	-5.22782e-13	296.478	3.76912e-11	3.9055e-10	0	33	105918.71	105918.71
8.3335	13.723709	-52.6892	12.6671	0	0	0	86782678	1	0	0	0	296.45933	13.728342	3.72153e-11	3.933636e-10	-1790.667	7.7091023e+08	2.5098652e+08	1.0117942	9.7831749	0.91280864	4190	185	223	795	339	1521	0	0	0	16.997457	0	8.3307423	0	0	0	0	0	0	297.846	-5.22782e-13	296.459	3.72153e-11	3.91847e-10	0	42	104577.09	104577.09
8.334	13.722869	-52.6924	12.6671	0	0	0	86782680	1	0	0	0	296.44375	13.728342	3.638365e-11	3.834728e-10	-1790.667	7.7091023e+08	2.4469367e+08	1.0119299	9.6252673	0.91452896	4133	177	220	720	359	1538	0	0	0	16.997457	0	8.3307423	0	0	0	0	0	0	297.846	-5.22782e-13	296.444	3.75289e-11	3.90541e-10	0	50	102236.08	102236.08
8.3345	13.722029	-52.6955	12.667	0	0	0	86782682	1	0	0	0	296.7099	13.725842	3.827382e-11	4.014389e-10	-1790.667	7.7091023e+08	2.5617667e+08	1.0120272	9.6147297	0.91472352	4276	185	215	838	401	1524	0	0	0	16.997457	0	8.3322305	0	0	0	0	0	0	297.846	-5.22782e-13	296.71	3.81406e-11	4.00552e-10	0	28	107543.13	107543.13
8.335	13.721189	-52.6987	12.667	0	0	0	86782684	1	0	0	0	296.68684	13.725842	3.739787e-11	4.029204e-10	-1790.667	7.7091023e+08	2.5714101e+08	1.0121744	9.7698578	0.9132864	4378	212	225	847	375	1516	0	0	0	16.997457	0	8.3322305	0	0	0	0	0	0	297.846	-5.22782e-13	296.693	3.79084e-11	4.03936e-10	0	36	105077.72	105077.72
8.3355	13.720354	-52.7019	12.6669	0	0	0	86782687	1	0	0	0	296.66979	13.725842	3.826297e-11	4.057554e-10	-1790.667	7.7091023e+08	2.5896934e+08	1.0121318	10.030029	0.91061472	4356	190	217	792	415	1560	0	0	0	16.997457	0	8.3322305	0	0	0	0	0	0	297.846	-5.22782e-13	296.675	3.8263e-11	4.05263e-10	0	39	107504.18	107504.18
8.336	13.719514	-52.705	12.6668	0	0	0	86782689	1	0	0	0	296.65494	13.723342	3.822176e-11	4.02558e-10	-1790.667	7.7091023e+08	2.5694754e+08	1.0120646	9.7283272	0.91360768	4343	177	207	803	461	1514	0	0	0	16.997457	0	8.3337192	0	0	0	0	0	0	297.846	-5.22782e-13	296.655	3.82218e-11	4.0375e-10	0	31	107384.17	107384.17
8.3365	13.718674	-52.7082	12.6668	0	0	0	86782691	1	0	0	0	296.63799	13.723342	3.726149e-11	4.044267e-10	-1790.667	7.7091023e+08	2.5815931e+08	1.012129	10.186402	0.90902944	4320	179	216	816	460	1524	0	0	0	16.997457	0	8.3337192	0	0	0	0	0	0	297.846	-5.22782e-13	296.638	3.72615e-11	4.0578e-10	0	38	104682.18	104682.18
8.337	13.717834	-52.7114	12.6667	0	0	0	86782693	1	0	0	0	296.62242	13.723342	3.717588e-11	4.113936e-10	-1790.667	7.7091023e+08	2.6262585e+08	1.0122806	10.158448	0.90944864	4559	205	234	827	508	1571	0	0	0	16.997457	0	8.3337192	0	0	0	0	0	0	297.846	-5.22782e-13	296.622	3.75721e-11	4.11193e-10	0	49	104437.56	104437.56
8.3375	13.716994	-52.7145	12.6667	0	0	0	86782695	1	0	0	0	296.59944	13.720842	3.664577e-11	4.116352e-10	-1790.667	7.7091023e+08	2.6279942e+08	1.0119642	10.027391	0.91049056	4550	204	222	896	498	1574	0	0	0	16.997457	0	8.3352085	0	0	0	0	0	0	297.846	-5.22782e-13	296.606	3.66857e-11	4.12133e-10	0	47	102944.28	102944.28
8.338	13.716159	-52.7177	12.6666	0	0	0	86782698	1	0	0	0	296.58323	13.720842	3.589216e-11	4.136176e-10	-1790.667	7.7091023e+08	2.6408449e+08	1.0121203	11.114663	0.89962656	4618	167	203	830	580	1576	0	0	0	16.997457	0	8.3352085	0	0	0	0	0	0	297.846	-5.22782e-13	296.592	3.58922e-11	4.15133e-10	0	37	100823.3	100823.3
8.3385	13.715319	-52.7208	12.6666	0	0	0	86782700	1	0	0	0	296.56722	13.720842	3.488929e-11	4.218528e-10	-1790.667	7.7091023e+08	2.6936229e+08	1.0120717	11.175398	0.89896864	4801	184	213	884	685	1540	0	0	0	16.997457	0	8.3352085	0	0	0	0	0	0	297.846	-5.22782e-13	296.567	3.48893e-11	4.21203e-10	0	43	98002.325	98002.325
8.339	13.714479	-52.724	12.6665	0	0	0	86782702	1	0	0	0	296.55009	13.718342	3.483226e-11	4.276153e-10	-1790.667	7.7091023e+08	2.7306188e+08	1.0121629	12.10436	0.88964704	5058	180	223	924	762	1629	0	0	0	16.997457	0	8.3366984	0	0	0	0	0	0	297.846	-5.22782e-13	296.55	3.48323e-11	4.27003e-10	0	25	97838.287	97838.287
8.3395	13.713644	-52.7272	12.6664	0	0	0	86782704	1	0	0	0	296.5363	13.718342	3.360997e-11	4.271286e-10	-1790.667	7.7091023e+08	2.7277118e+08	1.0121786	11.52565	0.8955184	5335	207	263	924	879	1684	0	0	0	16.997457	0	8.3366984	0	0	0	0	0	0	297.846	-5.22782e-13	296.536	3.37723e-11	4.2715e-10	0	33	94401.36	94401.36
8.34	13.712804	-52.7303	12.6664	0	0	0	86782706	1	0	0	0	296.51346	13.718342	3.18968e-11	4.274447e-10	-1790.667	7.7091023e+08	2.7299315e+08	1.0122362	12.315671	0.88757248	5373	198	232	915	1076	1531	0	0	0	16.997457	0	8.3366984	0	0	0	0	0	0	297.846	-5.22782e-13	296.521	3.23394e-11	4.2782e-10	0	38	89586.009	89586.009
8.3405	13.711964	-52.7335	12.6663	0	0	0	86782709	1	0	0	0	296.48929	13.715842	2.943033e-11	4.319105e-10	-1790.667	7.7091023e+08	2.7586561e+08	1.011816	12.926777	0.8810208	5587	203	219	981	1161	1541	0	0	0	16.997457	0	8.3381887	0	0	0	0	0	0	297.846	-5.22782e-13	296.501	3.05218e-11	4.31454e-10	0	43	82655.385	82655.385
8.341	13.711129	-52.7366	12.6663	0	0	0	86782720	1	0	0	0	298.13446	13.715842	2.65767e-11	4.342731e-10	-1790.667	7.7091023e+08	2.7739507e+08	1.0121702	13.642954	0.87408032	5897	190	221	1052	1287	1581	0	0	0	16.997457	0	8.3381887	0	0	0	0	0	0	297.846	-5.22782e-13	296.477	2.83559e-11	4.3191e-10	0	37	74638.006	74638.006
8.3415	13.710289	-52.7398	12.6662	0	0	0	86782723	1	0	0	0	298.11739	13.715842	2.593668e-11	4.358327e-10	-1790.667	7.7091023e+08	2.7841178e+08	1.012281	14.737758	0.86309344	6274	212	213	1023	1664	1523	0	0	0	16.997457	0	8.3381887	0	0	0	0	0	0	297.846	-5.22782e-13	298.121	2.59367e-11	4.3592e-10	0	35	72837.715	72837.715
8.342	13.709454	-52.743	12.6661	0	0	0	86782725	1	0	0	0	298.10247	13.714094	2.372387e-11	4.382485e-10	-1790.667	7.7091023e+08	2.7997564e+08	1.0118483	15.583332	0.85416864	6799	180	228	1137	1846	1608	0	0	0	16.997457	0	8.3392312	0	0	0	0	0	0	297.846	-5.22782e-13	298.102	2.37239e-11	4.38128e-10	0	26	66620.888	66620.888
8.3425	13.708614	-52.7461	12.6661	0	0	0	86782727	1	0	0	0	298.08619	13.713342	2.165082e-11	4.40842e-10	-1790.667	7.7091023e+08	2.8165326e+08	1.0119302	17.854606	0.83125408	7067	191	209	1165	2155	1570	0	0	0	16.997457	0	8.3396797	0	0	0	0	0	0	297.846	-5.22782e-13	298.086	2.1825e-11	4.39606e-10	0	32	60797.006	60797.006
8.343	13.707779	-52.7493	12.666	0	0	0	86782729	1	0	0	0	298.0621	13.713342	1.937279e-11	4.419647e-10	-1790.667	7.7091023e+08	2.8239136e+08	1.0122154	18.513594	0.82481792	7473	187	248	1236	2391	1488	1	0	0	16.997457	0	8.3396797	0	0	0	0	0	0	297.846	-5.22782e-13	298.071	2.04869e-11	4.41512e-10	0	29	54398.006	54398.006
8.3435	13.706939	-52.7524	12.666	0	0	0	86782731	1	0	0	0	298.04668	13.710842	1.758128e-11	4.41414e-10	-1790.667	7.7091023e+08	2.8206028e+08	1.0121891	19.509208	0.81471904	8026	181	206	1260	2713	1567	0	0	0	16.997457	0	8.3411712	0	0	0	0	0	0	297.846	-5.22782e-13	298.051	1.75813e-11	4.39469e-10	0	29	49365.583	49365.583
8.344	13.706104	-52.7556	12.6659	0	0	0	86782734	1	0	0	0	298.03059	13.710842	1.657602e-11	4.435243e-10	-1790.667	7.7091023e+08	2.8342964e+08	1.0120963	20.610592	0.80349728	8335	170	203	1363	2947	1502	1	0	0	16.997457	0	8.3411712	0	0	0	0	0	0	297.846	-5.22782e-13	298.031	1.6576e-11	4.42133e-10	0	43	46541.139	46541.139
8.3445	13.705264	-52.7588	12.6659	0	0	0	86782736	1	0	0	0	298.01611	13.710842	1.473363e-11	4.446044e-10	-1790.667	7.7091023e+08	2.8414082e+08	1.0121946	21.218182	0.79742528	8860	195	208	1431	3277	1516	0	0	0	16.997457	0	8.3411712	0	0	0	0	0	0	297.846	-5.22782e-13	298.016	1.49717e-11	4.45185e-10	0	37	41366.567	41366.567
8.345	13.704429	-52.7619	12.6658	0	0	0	86782738	1	0	0	0	297.99091	13.708342	1.372239e-11	4.455885e-10	-1790.667	7.7091023e+08	2.8479074e+08	1.012128	23.541939	0.77385344	9415	172	223	1453	3688	1479	0	0	0	16.997457	0	8.3426632	0	0	0	0	0	0	297.846	-5.22782e-13	297.999	1.38633e-11	4.46093e-10	0	46	38525.87	38525.87
8.3455	13.703589	-52.7651	12.6657	0	0	0	86782741	1	0	0	0	297.97502	13.708342	1.330288e-11	4.456844e-10	-1790.667	7.7091023e+08	2.8487304e+08	1.0121315	24.403248	0.76513856	9832	188	225	1570	3931	1464	0	0	0	16.997457	0	8.3426632	0	0	0	0	0	0	297.846	-5.22782e-13	297.984	1.33029e-11	4.45866e-10	0	47	37346.624	37346.624
8.346	13.702754	-52.7683	12.6657	0	0	0	86782743	1	0	0	0	297.96085	13.708342	1.189932e-11	4.467253e-10	-1790.667	7.7091023e+08	2.8555943e+08	1.0120483	25.703974	0.75191168	10231	200	219	1648	4167	1356	0	0	0	16.997457	0	8.3426632	0	0	0	0	0	0	297.846	-5.22782e-13	297.961	1.18993e-11	4.46855e-10	0	30	33404.948	33404.948
8.3465	13.701914	-52.7714	12.6656	0	0	0	86782745	1	0	0	0	297.94353	13.708342	1.081073e-11	4.472831e-10	-1790.667	7.7091023e+08	2.8593708e+08	1.0122694	26.864278	0.74033056	10770	175	192	1629	4717	1385	1	0	0	16.997457	0	8.3426632	0	0	0	0	0	0	297.846	-5.22782e-13	297.944	1.13613e-11	4.47544e-10	0	36	30347.762	30347.762
8.347	13.701079	-52.7746	12.6656	0	0	0	86782747	1	0	0	0	297.92082	13.705842	1.088201e-11	4.482317e-10	-1790.667	7.7091023e+08	2.8656463e+08	1.012217	29.024955	0.71842144	11140	164	191	1682	4982	1306	0	0	0	16.997457	0	8.3441558	0	0	0	0	0	0	297.846	-5.22782e-13	297.928	1.10667e-11	4.49752e-10	0	33	30546.662	30546.662
8.3475	13.700244	-52.7777	12.6655	0	0	0	86782749	1	0	0	0	297.90476	13.705842	1.019839e-11	4.487255e-10	-1790.667	7.7091023e+08	2.869015e+08	1.0119434	30.63188	0.70196608	11437	168	179	1799	5155	1288	0	0	0	16.997457	0	8.3441558	0	0	0	0	0	0	297.846	-5.22782e-13	297.913	1.01984e-11	4.49501e-10	0	41	28626.565	28626.565
8.348	13.699404	-52.7809	12.6655	0	0	0	86782752	1	0	0	0	297.88996	13.705842	9.966639e-12	4.505551e-10	-1790.667	7.7091023e+08	2.8809255e+08	1.0118707	31.471372	0.69342112	12056	181	197	1874	5550	1301	0	0	0	16.997457	0	8.3441558	0	0	0	0	0	0	297.846	-5.22782e-13	297.894	9.96664e-12	4.5134e-10	0	26	27974.952	27974.952
8.3485	13.698569	-52.7841	12.6654	0	0	0	86782754	1	0	0	0	297.87412	13.703342	1.011188e-11	4.508891e-10	-1790.667	7.7091023e+08	2.8832739e+08	1.0121101	32.327899	0.68491616	12390	156	187	1873	5800	1263	0	0	0	16.997457	0	8.3456489	0	0	0	0	0	0	297.846	-5.22782e-13	297.874	1.01119e-11	4.50274e-10	0	49	28381.512	28381.512
8.349	13.697734	-52.7872	12.6653	0	0	0	86782756	1	0	0	0	297.85844	13.703342	9.745437e-12	4.502176e-10	-1790.667	7.7091023e+08	2.8791923e+08	1.0122406	33.396739	0.67418528	12599	192	184	1906	5826	1247	1	0	0	16.997457	0	8.3456489	0	0	0	0	0	0	297.846	-5.22782e-13	297.858	9.72951e-12	4.50527e-10	0	29	27351.928	27351.928
8.3495	13.696899	-52.7904	12.6653	0	0	0	86782758	1	0	0	0	297.83573	13.703342	9.413535e-12	4.52868e-10	-1790.667	7.7091023e+08	2.8963557e+08	1.0121117	34.097138	0.66701056	13021	155	185	1921	6293	1265	1	0	0	16.997457	0	8.3456489	0	0	0	0	0	0	297.846	-5.22782e-13	297.843	9.58083e-12	4.53143e-10	0	41	26419.365	26419.365
8.35	13.696059	-52.7935	12.6652	0	0	0	86782761	1	0	0	0	297.81897	13.700842	9.743545e-12	4.547758e-10	-1790.667	7.7091023e+08	2.9087719e+08	1.0120272	35.916031	0.6485472	13140	144	182	1991	6360	1237	0	0	0	16.997457	0	8.3471426	0	0	0	0	0	0	297.846	-5.22782e-13	297.823	9.74354e-12	4.53772e-10	0	25	27344.478	27344.478
8.3505	13.695224	-52.7967	12.6652	0	0	0	86782763	1	0	0	0	297.80354	13.700842	9.738766e-12	4.548006e-10	-1790.667	7.7091023e+08	2.9091453e+08	1.0119952	36.841471	0.63916128	13372	159	189	2029	6427	1273	0	0	0	16.997457	0	8.3471426	0	0	0	0	0	0	297.846	-5.22782e-13	297.804	9.73877e-12	4.55181e-10	0	49	27329.997	27329.997
8.351	13.694389	-52.7999	12.6651	0	0	0	86782765	1	0	0	0	297.78664	13.700842	9.405968e-12	4.528502e-10	-1790.667	7.7091023e+08	2.8968834e+08	1.0119155	36.367558	0.64390656	13644	160	183	1990	6667	1264	0	0	0	16.997457	0	8.3471426	0	0	0	0	0	0	297.846	-5.22782e-13	297.787	9.28342e-12	4.53763e-10	0	33	26395.03	26395.03
8.3515	13.693554	-52.803	12.665	0	0	0	86782767	1	0	0	0	297.76369	13.698342	9.13788e-12	4.545235e-10	-1790.667	7.7091023e+08	2.9078022e+08	1.0119638	37.894382	0.6284864	13768	162	188	2086	6715	1163	0	0	0	16.997457	0	8.3486369	0	0	0	0	0	0	297.846	-5.22782e-13	297.772	9.38043e-12	4.53795e-10	0	41	25641.719	25641.719
8.352	13.692719	-52.8062	12.665	0	0	0	86782770	1	0	0	0	297.74813	13.698342	9.734088e-12	4.564953e-10	-1790.667	7.7091023e+08	2.9206324e+08	1.0122397	38.358789	0.6239568	13827	174	173	2116	6685	1201	0	0	0	16.997457	0	8.3486369	0	0	0	0	0	0	297.846	-5.22782e-13	297.753	9.73409e-12	4.55977e-10	0	43	27313.665	27313.665
8.3525	13.691884	-52.8094	12.6649	0	0	0	86782781	1	0	0	0	297.66027	13.698342	9.425381e-12	4.532374e-10	-1790.667	7.7091023e+08	2.9000027e+08	1.0118893	37.379552	0.6336496	13953	146	219	2025	6891	1180	0	0	0	16.997457	0	8.3486369	0	0	0	0	0	0	297.846	-5.22782e-13	297.731	9.39502e-12	4.55781e-10	0	31	26446.405	26446.405
8.353	13.691044	-52.8125	12.6649	0	0	0	86782783	1	0	0	0	297.64253	13.695842	9.299646e-12	4.55838e-10	-1790.667	7.7091023e+08	2.9168579e+08	1.011873	37.354033	0.6338976	13759	149	198	2041	6716	1197	0	0	0	16.997457	0	8.3501317	0	0	0	0	0	0	297.846	-5.22782e-13	297.643	9.29965e-12	4.5455e-10	0	24	26092.589	26092.589
8.3535	13.690209	-52.8157	12.6648	0	0	0	86782785	1	0	0	0	297.6277	13.695842	9.773408e-12	4.544916e-10	-1790.667	7.7091023e+08	2.9084573e+08	1.0118115	37.361172	0.63378688	13558	189	205	1987	6409	1244	0	0	0	16.997457	0	8.3501317	0	0	0	0	0	0	297.846	-5.22782e-13	297.628	9.70482e-12	4.53918e-10	0	35	27420.781	27420.781
8.354	13.689374	-52.8188	12.6648	0	0	0	86782787	1	0	0	0	297.61412	13.695842	9.56903e-12	4.49969e-10	-1790.667	7.7091023e+08	2.8797283e+08	1.011969	36.400199	0.64361024	13268	153	170	1986	6348	1240	0	0	0	16.997457	0	8.3501317	0	0	0	0	0	0	297.846	-5.22782e-13	297.614	9.47416e-12	4.50019e-10	0	20	26846.318	26846.318
8.3545	13.688539	-52.822	12.6647	0	0	0	86782789	1	0	0	0	297.58797	13.693342	9.58496e-12	4.517524e-10	-1790.667	7.7091023e+08	2.8913554e+08	1.0120278	35.5828	0.65192	13122	147	165	1951	6335	1184	0	0	0	16.997457	0	8.351627	0	0	0	0	0	0	297.846	-5.22782e-13	297.597	9.64584e-12	4.52665e-10	0	46	26889.96	26889.96
8.355	13.687704	-52.8252	12.6646	0	0	0	86782792	1	0	0	0	297.57335	13.693342	9.820695e-12	4.506546e-10	-1790.667	7.7091023e+08	2.8845423e+08	1.0117971	34.180291	0.66596192	13049	162	178	1946	6192	1275	0	0	0	16.997457	0	8.351627	0	0	0	0	0	0	297.846	-5.22782e-13	297.577	9.8207e-12	4.49363e-10	0	39	27550.223	27550.223
8.3555	13.686869	-52.8283	12.6646	0	0	0	86782794	1	0	0	0	297.55724	13.693342	9.943242e-12	4.521041e-10	-1790.667	7.7091023e+08	2.8940341e+08	1.0119302	34.101861	0.6668432	12657	141	189	1934	5920	1270	0	0	0	16.997457	0	8.351627	0	0	0	0	0	0	297.846	-5.22782e-13	297.557	9.94324e-12	4.51622e-10	0	39	27892.918	27892.918
8.356	13.686034	-52.8315	12.6645	0	0	0	86782796	1	0	0	0	297.54227	13.690842	1.020158e-11	4.501359e-10	-1790.667	7.7091023e+08	2.8816481e+08	1.012081	33.030275	0.67778784	12451	140	185	1884	5782	1275	0	0	0	16.997457	0	8.3531229	0	0	0	0	0	0	297.846	-5.22782e-13	297.542	1.01878e-11	4.50321e-10	0	36	28616.494	28616.494
8.3565	13.685199	-52.8346	12.6645	0	0	0	86782798	1	0	0	0	297.5174	13.690842	1.020028e-11	4.493437e-10	-1790.667	7.7091023e+08	2.8767893e+08	1.0122166	32.138575	0.68690464	12355	164	200	1850	5718	1269	0	0	0	16.997457	0	8.3531229	0	0	0	0	0	0	297.846	-5.22782e-13	297.528	1.02003e-11	4.50462e-10	0	41	28611.731	28611.731
8.357	13.684364	-52.8378	12.6644	0	0	0	86782801	1	0	0	0	297.50128	13.68842	9.843394e-12	4.508109e-10	-1790.667	7.7091023e+08	2.886396e+08	1.0121142	32.029238	0.68794176	12042	173	182	1814	5582	1271	1	0	0	16.997457	0	8.3545726	0	0	0	0	0	0	297.846	-5.22782e-13	297.505	9.84339e-12	4.51465e-10	0	51	27609.59	27609.59
8.3575	13.683529	-52.841	12.6644	0	0	0	86782803	1	0	0	0	297.48823	13.688342	1.093945e-11	4.498091e-10	-1790.667	7.7091023e+08	2.8801947e+08	1.0121261	31.171105	0.6966352	11910	170	211	1861	5420	1285	0	0	0	16.997457	0	8.3546194	0	0	0	0	0	0	297.846	-5.22782e-13	297.488	1.09395e-11	4.50707e-10	0	55	30682.704	30682.704
8.358	13.682694	-52.8441	12.6643	0	0	0	86782805	1	0	0	0	297.47053	13.688342	1.040397e-11	4.479723e-10	-1790.667	7.7091023e+08	2.8686455e+08	1.0119533	31.066604	0.69757376	11777	153	190	1745	5335	1354	0	0	0	16.997457	0	8.3546194	0	0	0	0	0	0	297.846	-5.22782e-13	297.471	1.08837e-11	4.49555e-10	0	40	29179.665	29179.665
