# Scan number: 13
# Command: ascan monoE 7.092 7.192 200 2
# Date: Fri Jul 26 08:57:38 2024
# date: Fri Jul 26 08:57:38 2024
monoE	monobr	cr2latr	cr2vetr	H	K	L	Epoch	sec	no1	no2	izero	RCur	enc_det	K1_1	K1_2	"Counter 8"	"Counter 9"	ionch1	mcaRt	mcaDt	mcaLt	mca	roi1	roi2	roi3	roi4	roi5	roi6	ctm	ctran	LST1	LST2	E_det	mcaLt1	mcaLt2	mcaLt3	mcaLt4	mcaLt5	mcaLt6	mcaLt7	mcaLt8	AS_RC	AS_DM	AS_IC	AS_IC1	cyber	diode1	diode1
7.092	16.186844	-44.8397	12.8456	0	0	0	86546943	2	0	0	0	296.74769	16.187951	8.687135e-09	1.175604e-09	-1790.667	7.7091023e+08	6.4421707e+08	2.0122854	7.1711178	1.8679821	4549	335	410	71	74	203	2	0	0	16.997457	0	7.0915273	0	0	0	0	0	0	297.846	-5.22782e-13	296.755	8.63733e-09	1.1732e-09	0	33	27494011	27494011
7.0925	16.185669	-44.8429	12.8455	0	0	0	86546948	2	0	0	0	296.71158	16.187951	8.569796e-09	1.176362e-09	-1790.667	7.7091023e+08	6.4466257e+08	2.0119446	6.614019	1.8788742	4659	309	453	74	85	230	2	0	0	16.997457	0	7.0915273	0	0	0	0	0	0	297.846	-5.22782e-13	296.731	8.62183e-09	1.1714e-09	0	42	27121129	27121129
7.093	16.184499	-44.8461	12.8454	0	0	0	86546951	2	0	0	0	296.69059	16.187951	8.689227e-09	1.176195e-09	-1790.667	7.7091023e+08	6.446012e+08	2.0120989	7.2066279	1.8670944	4613	298	397	83	92	225	2	0	0	16.997457	0	7.0915273	0	0	0	0	0	0	297.846	-5.22782e-13	296.694	8.69071e-09	1.17389e-09	0	27	27497561	27497561
7.0935	16.183324	-44.8492	12.8453	0	0	0	86546955	2	0	0	0	296.66044	16.185451	8.691003e-09	1.170399e-09	-1790.667	7.7091023e+08	6.4145476e+08	2.012049	7.0716053	1.8697648	4561	297	390	74	96	237	4	0	0	16.997457	0	7.0925934	0	0	0	0	0	0	297.846	-5.22782e-13	296.671	8.66248e-09	1.1728e-09	0	50	27501646	27501646
7.094	16.182154	-44.8524	12.8452	0	0	0	86546958	2	0	0	0	296.63839	16.185451	8.669314e-09	1.1735e-09	-1790.667	7.7091023e+08	6.431844e+08	2.0122554	8.2168339	1.8469117	4596	306	397	65	93	216	6	0	0	16.997457	0	7.0925934	0	0	0	0	0	0	297.846	-5.22782e-13	296.641	8.67176e-09	1.17319e-09	0	35	27431482	27431482
7.0945	16.180979	-44.8555	12.8451	0	0	0	86546961	2	0	0	0	296.6085	16.182951	8.658194e-09	1.171342e-09	-1790.667	7.7091023e+08	6.4203167e+08	2.0120221	7.2365806	1.8664205	4589	300	400	68	111	219	4	0	0	16.997457	0	7.0936598	0	0	0	0	0	0	297.846	-5.22782e-13	296.618	8.68767e-09	1.17229e-09	0	42	27394767	27394767
7.095	16.179809	-44.8587	12.8451	0	0	0	86546965	2	0	0	0	296.58745	16.182951	8.675869e-09	1.172463e-09	-1790.667	7.7091023e+08	6.4267619e+08	2.012023	7.333912	1.864463	4683	318	449	74	108	230	2	0	0	16.997457	0	7.0936598	0	0	0	0	0	0	297.846	-5.22782e-13	296.595	8.66848e-09	1.16893e-09	0	41	27449159	27449159
7.0955	16.178639	-44.8619	12.845	0	0	0	86546968	2	0	0	0	296.56642	16.180451	8.728389e-09	1.171239e-09	-1790.667	7.7091023e+08	6.4203532e+08	2.0120621	6.9725721	1.8717696	4670	323	410	81	92	241	2	0	0	16.997457	0	7.0947265	0	0	0	0	0	0	297.846	-5.22782e-13	296.57	8.68427e-09	1.16838e-09	0	49	27613784	27613784
7.096	16.177469	-44.865	12.8449	0	0	0	86546972	2	0	0	0	296.53507	16.180451	8.66002e-09	1.169887e-09	-1790.667	7.7091023e+08	6.4132424e+08	2.0117872	6.9067504	1.8728381	4572	300	428	62	87	229	1	0	0	16.997457	0	7.0947265	0	0	0	0	0	0	297.846	-5.22782e-13	296.544	8.69638e-09	1.16906e-09	0	34	27395958	27395958
7.0965	16.176294	-44.8682	12.8448	0	0	0	86546975	2	0	0	0	296.513	16.177951	8.758345e-09	1.17149e-09	-1790.667	7.7091023e+08	6.4223308e+08	2.0119446	6.8787579	1.8735478	4597	302	401	83	115	253	4	0	0	16.997457	0	7.0957936	0	0	0	0	0	0	297.846	-5.22782e-13	296.517	8.70362e-09	1.16912e-09	0	43	27705463	27705463
7.097	16.175124	-44.8714	12.8447	0	0	0	86546979	2	0	0	0	296.48366	16.177951	8.692627e-09	1.16099e-09	-1790.667	7.7091023e+08	6.3650661e+08	2.0119686	7.2289159	1.8665251	4504	323	394	69	103	206	1	0	0	16.997457	0	7.0957936	0	0	0	0	0	0	297.846	-5.22782e-13	296.496	8.7009e-09	1.16451e-09	0	53	27496042	27496042
7.0975	16.173954	-44.8745	12.8446	0	0	0	86546982	2	0	0	0	298.16757	16.175451	8.774691e-09	1.176115e-09	-1790.667	7.7091023e+08	6.4482904e+08	2.0119741	6.7017325	1.877137	4624	303	432	77	95	223	0	0	0	16.997457	0	7.096861	0	0	0	0	0	0	297.846	-5.22782e-13	298.171	8.75872e-09	1.1643e-09	0	39	27754074	27754074
7.098	16.172784	-44.8777	12.8445	0	0	0	86546986	2	0	0	0	298.13762	16.175451	8.722985e-09	1.166372e-09	-1790.667	7.7091023e+08	6.3951723e+08	2.0122586	6.8305656	1.8748099	4781	334	422	80	96	246	1	0	0	16.997457	0	7.096861	0	0	0	0	0	0	297.846	-5.22782e-13	298.147	8.77269e-09	1.17135e-09	0	23	27588990	27588990
7.0985	16.171614	-44.8808	12.8444	0	0	0	86546989	2	0	0	0	298.11444	16.172951	8.824045e-09	1.170678e-09	-1790.667	7.7091023e+08	6.419083e+08	2.0120333	7.2871001	1.8654144	4593	301	438	84	101	212	5	0	0	16.997457	0	7.0979287	0	0	0	0	0	0	297.846	-5.22782e-13	298.119	8.75349e-09	1.1708e-09	0	26	27907066	27907066
7.099	16.170444	-44.884	12.8443	0	0	0	86546992	2	0	0	0	298.08616	16.172951	8.721894e-09	1.161975e-09	-1790.667	7.7091023e+08	6.3716615e+08	2.0121747	7.0565005	1.8701856	4694	305	424	80	86	237	2	0	0	16.997457	0	7.0979287	0	0	0	0	0	0	297.846	-5.22782e-13	298.096	8.77496e-09	1.16925e-09	0	41	27582463	27582463
7.0995	16.169274	-44.8872	12.8443	0	0	0	86546996	2	0	0	0	298.06507	16.170451	8.745999e-09	1.168626e-09	-1790.667	7.7091023e+08	6.4084329e+08	2.012047	7.8621939	1.853856	4813	326	432	78	119	254	2	0	0	16.997457	0	7.0989967	0	0	0	0	0	0	297.846	-5.22782e-13	298.071	8.77198e-09	1.16718e-09	0	37	27657151	27657151
7.1	16.168104	-44.8903	12.8442	0	0	0	86546999	2	0	0	0	298.04258	16.170451	8.836519e-09	1.163764e-09	-1790.667	7.7091023e+08	6.3820706e+08	2.0121168	7.4561874	1.8620896	4674	349	441	77	90	253	6	0	0	16.997457	0	7.0989967	0	0	0	0	0	0	297.846	-5.22782e-13	298.046	8.8034e-09	1.16701e-09	0	41	27941841	27941841
7.1005	16.166934	-44.8935	12.8441	0	0	0	86547003	2	0	0	0	298.01351	16.170451	8.857072e-09	1.167084e-09	-1790.667	7.7091023e+08	6.400578e+08	2.0122576	7.3239291	1.8648813	4671	296	431	84	105	239	4	0	0	16.997457	0	7.0989967	0	0	0	0	0	0	297.846	-5.22782e-13	298.021	8.85171e-09	1.16557e-09	0	43	28005271	28005271
7.101	16.165764	-44.8966	12.844	0	0	0	86547008	2	0	0	0	297.97492	16.167951	8.870835e-09	1.170168e-09	-1790.667	7.7091023e+08	6.4177929e+08	2.012151	6.8839842	1.8736349	4694	355	424	74	92	235	3	0	0	16.997457	0	7.1000651	0	0	0	0	0	0	297.846	-5.22782e-13	297.994	8.87956e-09	1.16566e-09	0	24	28047224	28047224
7.1015	16.164594	-44.8998	12.8439	0	0	0	86547012	2	0	0	0	297.94488	16.167951	8.907161e-09	1.164805e-09	-1790.667	7.7091023e+08	6.3886796e+08	2.0118422	7.2864242	1.8652509	4764	317	442	85	101	249	2	0	0	16.997457	0	7.1000651	0	0	0	0	0	0	297.846	-5.22782e-13	297.957	8.92629e-09	1.16578e-09	0	38	28160508	28160508
7.102	16.163424	-44.903	12.8438	0	0	0	86547015	2	0	0	0	297.92368	16.165451	9.065108e-09	1.165315e-09	-1790.667	7.7091023e+08	6.3917773e+08	2.0118102	7.0685792	1.8696038	4636	303	394	64	98	222	4	0	0	16.997457	0	7.1011339	0	0	0	0	0	0	297.846	-5.22782e-13	297.927	8.9789e-09	1.16339e-09	0	37	28658269	28658269
7.1025	16.162254	-44.9061	12.8437	0	0	0	86547018	2	0	0	0	297.89532	16.165451	8.923866e-09	1.163347e-09	-1790.667	7.7091023e+08	6.3812827e+08	2.0121667	7.5922615	1.8593978	4759	324	451	88	91	236	3	0	0	16.997457	0	7.1011339	0	0	0	0	0	0	297.846	-5.22782e-13	297.906	8.94556e-09	1.16474e-09	0	38	28210177	28210177
7.103	16.161089	-44.9093	12.8436	0	0	0	86547022	2	0	0	0	297.87348	16.162951	9.032227e-09	1.168686e-09	-1790.667	7.7091023e+08	6.4108701e+08	2.0122694	7.1314187	1.8687661	4678	287	407	81	108	226	2	0	0	16.997457	0	7.1022029	0	0	0	0	0	0	297.846	-5.22782e-13	297.879	9.08304e-09	1.16342e-09	0	43	28551138	28551138
7.1035	16.159919	-44.9124	12.8435	0	0	0	86547025	2	0	0	0	297.85104	16.162951	9.158022e-09	1.164155e-09	-1790.667	7.7091023e+08	6.3863156e+08	2.0121834	7.123645	1.8688426	4595	300	428	79	114	226	1	0	0	16.997457	0	7.1022029	0	0	0	0	0	0	297.846	-5.22782e-13	297.854	9.15786e-09	1.16389e-09	0	27	28947167	28947167
7.104	16.158749	-44.9156	12.8435	0	0	0	86547029	2	0	0	0	297.8213	16.160451	9.071893e-09	1.158906e-09	-1790.667	7.7091023e+08	6.3578198e+08	2.011897	7.0640596	1.8697754	4703	303	391	83	106	238	5	0	0	16.997457	0	7.1032723	0	0	0	0	0	0	297.846	-5.22782e-13	297.832	9.08824e-09	1.16032e-09	0	48	28673328	28673328
7.1045	16.157579	-44.9188	12.8434	0	0	0	86547032	2	0	0	0	297.80074	16.160451	9.098432e-09	1.164853e-09	-1790.667	7.7091023e+08	6.3907461e+08	2.0119645	6.9159551	1.8728179	4686	336	397	64	104	227	2	0	0	16.997457	0	7.1032723	0	0	0	0	0	0	297.846	-5.22782e-13	297.804	9.1071e-09	1.1605e-09	0	47	28755608	28755608
7.105	16.156414	-44.9219	12.8433	0	0	0	86547036	2	0	0	0	297.76926	16.157951	9.106152e-09	1.15897e-09	-1790.667	7.7091023e+08	6.3587695e+08	2.0120422	6.8925153	1.8733619	4666	334	433	90	106	252	7	0	0	16.997457	0	7.1043421	0	0	0	0	0	0	297.846	-5.22782e-13	297.78	9.09783e-09	1.16159e-09	0	40	28778404	28778404
7.1055	16.155244	-44.9251	12.8432	0	0	0	86547039	2	0	0	0	297.74676	16.157951	9.157652e-09	1.162762e-09	-1790.667	7.7091023e+08	6.379875e+08	2.0120147	7.3273102	1.8645882	4673	293	425	79	113	264	1	0	0	16.997457	0	7.1043421	0	0	0	0	0	0	297.846	-5.22782e-13	297.75	9.12429e-09	1.16046e-09	0	44	28939549	28939549
7.106	16.154079	-44.9283	12.8431	0	0	0	86547042	2	0	0	0	297.71752	16.155451	9.144248e-09	1.15528e-09	-1790.667	7.7091023e+08	6.3391212e+08	2.0119376	7.1312589	1.8684611	4675	269	444	73	101	229	4	0	0	16.997457	0	7.1054122	0	0	0	0	0	0	297.846	-5.22782e-13	297.729	9.12138e-09	1.16008e-09	0	28	28895581	28895581
7.1065	16.152909	-44.9314	12.843	0	0	0	86547046	2	0	0	0	297.6974	16.155451	9.168428e-09	1.15929e-09	-1790.667	7.7091023e+08	6.3614242e+08	2.0121901	7.4347966	1.8625878	4710	313	428	69	88	245	6	0	0	16.997457	0	7.1054122	0	0	0	0	0	0	297.846	-5.22782e-13	297.704	9.16086e-09	1.15994e-09	0	32	28970377	28970377
7.107	16.151744	-44.9346	12.8429	0	0	0	86547049	2	0	0	0	297.67684	16.155451	9.18704e-09	1.160032e-09	-1790.667	7.7091023e+08	6.3657958e+08	2.0122781	7.313518	1.8651098	4741	314	440	69	100	216	7	0	0	16.997457	0	7.1054122	0	0	0	0	0	0	297.846	-5.22782e-13	297.68	9.18298e-09	1.16058e-09	0	42	29027571	29027571
7.1075	16.150574	-44.9377	12.8428	0	0	0	86547053	2	0	0	0	297.64627	16.152951	9.242576e-09	1.159114e-09	-1790.667	7.7091023e+08	6.3610581e+08	2.0120893	7.0559414	1.8701174	4827	295	420	78	130	268	1	0	0	16.997457	0	7.1064826	0	0	0	0	0	0	297.846	-5.22782e-13	297.653	9.2514e-09	1.1588e-09	0	26	29201418	29201418
7.108	16.149409	-44.9409	12.8427	0	0	0	86547056	2	0	0	0	297.62407	16.152951	9.455945e-09	1.154678e-09	-1790.667	7.7091023e+08	6.3370128e+08	2.011903	7.3321227	1.8643878	4582	290	382	90	89	248	6	0	0	16.997457	0	7.1064826	0	0	0	0	0	0	297.846	-5.22782e-13	297.628	9.4476e-09	1.15673e-09	0	52	29873883	29873883
7.1085	16.148239	-44.9441	12.8427	0	0	0	86547060	2	0	0	0	297.59484	16.150451	9.190192e-09	1.154621e-09	-1790.667	7.7091023e+08	6.3369989e+08	2.0121088	7.1949986	1.8673376	4783	334	422	83	95	242	2	0	0	16.997457	0	7.1075533	0	0	0	0	0	0	297.846	-5.22782e-13	297.605	9.23375e-09	1.15353e-09	0	47	29032682	29032682
7.109	16.147074	-44.9472	12.8426	0	0	0	86547063	2	0	0	0	297.57304	16.150451	9.261665e-09	1.156378e-09	-1790.667	7.7091023e+08	6.3469415e+08	2.0120019	7.8822509	1.8534109	4779	333	427	101	107	276	2	0	0	16.997457	0	7.1075533	0	0	0	0	0	0	297.846	-5.22782e-13	297.576	9.21185e-09	1.15552e-09	0	30	29256843	29256843
7.1095	16.145909	-44.9504	12.8425	0	0	0	86547069	2	0	0	0	297.52987	16.147951	9.154931e-09	1.151191e-09	-1790.667	7.7091023e+08	6.3187702e+08	2.0120368	6.662908	1.8779766	4755	308	436	79	86	276	1	0	0	16.997457	0	7.1086244	0	0	0	0	0	0	297.846	-5.22782e-13	297.555	9.21285e-09	1.15531e-09	0	52	28918070	28918070
7.11	16.144739	-44.9535	12.8424	0	0	0	86547072	2	0	0	0	297.50805	16.147951	9.276711e-09	1.159492e-09	-1790.667	7.7091023e+08	6.364634e+08	2.012287	7.4913368	1.8615398	4756	319	422	89	89	286	3	0	0	16.997457	0	7.1086244	0	0	0	0	0	0	297.846	-5.22782e-13	297.512	9.22838e-09	1.15608e-09	0	36	29301112	29301112
7.1105	16.143574	-44.9567	12.8423	0	0	0	86547076	2	0	0	0	297.4786	16.145451	9.170545e-09	1.153802e-09	-1790.667	7.7091023e+08	6.3336998e+08	2.012137	7.7465105	1.8562666	4584	294	412	87	101	290	3	0	0	16.997457	0	7.1096958	0	0	0	0	0	0	297.846	-5.22782e-13	297.491	9.23871e-09	1.15515e-09	0	39	28964168	28964168
7.111	16.142409	-44.9599	12.8422	0	0	0	86547079	2	0	0	0	297.45556	16.145451	9.272867e-09	1.157654e-09	-1790.667	7.7091023e+08	6.3551453e+08	2.0118848	7.3314257	1.864385	4661	316	416	79	94	304	2	0	0	16.997457	0	7.1096958	0	0	0	0	0	0	297.846	-5.22782e-13	297.461	9.22643e-09	1.15299e-09	0	37	29285712	29285712
7.1115	16.141244	-44.963	12.8421	0	0	0	86547082	2	0	0	0	297.43546	16.142951	9.259121e-09	1.149326e-09	-1790.667	7.7091023e+08	6.3097254e+08	2.0119312	7.2610038	1.8658448	4732	297	409	87	88	276	0	0	0	16.997457	0	7.1107676	0	0	0	0	0	0	297.846	-5.22782e-13	297.438	9.24108e-09	1.15127e-09	0	33	29240673	29240673
7.112	16.140074	-44.9662	12.842	0	0	0	86547086	2	0	0	0	297.40466	16.142951	9.17138e-09	1.151452e-09	-1790.667	7.7091023e+08	6.3216958e+08	2.0120736	7.9107404	1.8529037	4675	300	413	78	106	320	5	0	0	16.997457	0	7.1107676	0	0	0	0	0	0	297.846	-5.22782e-13	297.412	9.21161e-09	1.14891e-09	0	43	28961972	28961972
7.1125	16.138909	-44.9694	12.8419	0	0	0	86547089	2	0	0	0	297.38128	16.140451	9.217288e-09	1.145324e-09	-1790.667	7.7091023e+08	6.2883492e+08	2.0122032	7.0802233	1.8697347	4773	316	421	82	100	402	2	0	0	16.997457	0	7.1118397	0	0	0	0	0	0	297.846	-5.22782e-13	297.386	9.20731e-09	1.14667e-09	0	38	29105325	29105325
7.113	16.137744	-44.9725	12.8419	0	0	0	86547093	2	0	0	0	297.35374	16.140451	9.183161e-09	1.139293e-09	-1790.667	7.7091023e+08	6.2555321e+08	2.0118019	7.4573704	1.8617744	4877	330	420	86	131	372	3	0	0	16.997457	0	7.1118397	0	0	0	0	0	0	297.846	-5.22782e-13	297.364	9.14738e-09	1.14096e-09	0	47	28995950	28995950
7.1135	16.136579	-44.9757	12.8418	0	0	0	86547096	2	0	0	0	297.33304	16.137951	9.181853e-09	1.144704e-09	-1790.667	7.7091023e+08	6.2855397e+08	2.0119779	7.4255129	1.8625782	5001	309	405	95	104	501	2	0	0	16.997457	0	7.1129121	0	0	0	0	0	0	297.846	-5.22782e-13	297.337	9.14105e-09	1.14055e-09	0	28	28990209	28990209
7.114	16.135414	-44.9788	12.8417	0	0	0	86547099	2	0	0	0	297.31005	16.137951	9.162083e-09	1.1357e-09	-1790.667	7.7091023e+08	6.2363941e+08	2.0120646	7.7773247	1.8555798	4965	299	422	76	105	502	5	0	0	16.997457	0	7.1129121	0	0	0	0	0	0	297.846	-5.22782e-13	297.313	9.12189e-09	1.13834e-09	0	47	28926180	28926180
7.1145	16.134249	-44.982	12.8416	0	0	0	86547103	2	0	0	0	297.28121	16.137951	9.104223e-09	1.13762e-09	-1790.667	7.7091023e+08	6.247233e+08	2.012216	7.2313668	1.8667053	4985	284	412	80	98	594	3	0	0	16.997457	0	7.1129121	0	0	0	0	0	0	297.846	-5.22782e-13	297.288	9.12293e-09	1.13617e-09	0	33	28741909	28741909
7.115	16.133084	-44.9852	12.8415	0	0	0	86547106	2	0	0	0	297.25889	16.135451	9.134503e-09	1.136415e-09	-1790.667	7.7091023e+08	6.2409112e+08	2.0122666	7.6929768	1.8574634	4978	325	384	72	96	611	1	0	0	16.997457	0	7.1139849	0	0	0	0	0	0	297.846	-5.22782e-13	297.264	9.12938e-09	1.13349e-09	0	31	28835900	28835900
7.1155	16.131919	-44.9883	12.8414	0	0	0	86547110	2	0	0	0	297.23062	16.135451	9.126083e-09	1.12937e-09	-1790.667	7.7091023e+08	6.2025156e+08	2.0121978	7.1884624	1.8675517	5030	325	441	71	112	598	0	0	0	16.997457	0	7.1139849	0	0	0	0	0	0	297.846	-5.22782e-13	297.241	9.15021e-09	1.12965e-09	0	34	28807719	28807719
7.116	16.130754	-44.9915	12.8413	0	0	0	86547113	2	0	0	0	297.20745	16.132951	9.169216e-09	1.124723e-09	-1790.667	7.7091023e+08	6.1772869e+08	2.0119725	7.5722547	1.8596208	4994	320	396	78	117	615	0	0	0	16.997457	0	7.115058	0	0	0	0	0	0	297.846	-5.22782e-13	297.211	9.1521e-09	1.12819e-09	0	35	28942266	28942266
7.1165	16.129594	-44.9946	12.8412	0	0	0	86547117	2	0	0	0	297.18093	16.132951	9.114014e-09	1.127097e-09	-1790.667	7.7091023e+08	6.1906189e+08	2.0119827	8.2826477	1.8453373	4959	310	359	78	123	599	4	0	0	16.997457	0	7.115058	0	0	0	0	0	0	297.846	-5.22782e-13	297.191	9.14452e-09	1.12746e-09	0	42	28766424	28766424
7.117	16.128429	-44.9978	12.8411	0	0	0	86547120	2	0	0	0	297.15924	16.130451	9.092567e-09	1.124517e-09	-1790.667	7.7091023e+08	6.1767409e+08	2.0118528	6.6452257	1.8781606	5040	327	381	103	90	586	3	0	0	16.997457	0	7.1161314	0	0	0	0	0	0	297.846	-5.22782e-13	297.163	9.12532e-09	1.12371e-09	0	54	28697137	28697137
7.1175	16.127264	-45.001	12.8411	0	0	0	86547123	2	0	0	0	297.13715	16.130451	9.154743e-09	1.116511e-09	-1790.667	7.7091023e+08	6.1330564e+08	2.011807	7.3699474	1.8635379	5057	299	411	70	126	655	1	0	0	16.997457	0	7.1161314	0	0	0	0	0	0	297.846	-5.22782e-13	297.14	9.11519e-09	1.11845e-09	0	46	28891767	28891767
7.118	16.126099	-45.0041	12.841	0	0	0	86547127	2	0	0	0	297.10621	16.127951	9.098752e-09	1.112038e-09	-1790.667	7.7091023e+08	6.1087757e+08	0.04770464	0	1.8675405	4995	301	376	76	116	629	1	0	0	16.997457	0	7.1172052	0	0	0	0	0	0	297.846	-5.22782e-13	297.115	9.09129e-09	1.11545e-09	0	35	28713468	28713468
7.1185	16.124939	-45.0073	12.8409	0	0	0	86547130	2	0	0	0	297.0849	16.127951	9.130964e-09	1.115687e-09	-1790.667	7.7091023e+08	6.1291116e+08	2.0051718	7.3939359	1.8569107	5119	295	391	94	120	676	2	0	0	16.997457	0	7.1172052	0	0	0	0	0	0	297.846	-5.22782e-13	297.089	9.10704e-09	1.11199e-09	0	35	28813521	28813521
7.119	16.123774	-45.0104	12.8408	0	0	0	86547133	2	0	0	0	297.0543	16.125451	9.125028e-09	1.106891e-09	-1790.667	7.7091023e+08	6.0810787e+08	2.0119146	7.4701383	1.8616218	5160	303	431	56	107	752	2	0	0	16.997457	0	7.1182793	0	0	0	0	0	0	297.846	-5.22782e-13	297.067	9.12569e-09	1.11199e-09	0	43	28793190	28793190
7.1195	16.122609	-45.0136	12.8407	0	0	0	86547137	2	0	0	0	297.03376	16.125451	9.152906e-09	1.110989e-09	-1790.667	7.7091023e+08	6.1038821e+08	2.0119568	7.827174	1.8544774	5169	297	388	88	105	793	1	0	0	16.997457	0	7.1182793	0	0	0	0	0	0	297.846	-5.22782e-13	297.037	9.0976e-09	1.10936e-09	0	40	28879553	28879553
7.12	16.121449	-45.0168	12.8406	0	0	0	86547140	2	0	0	0	297.00448	16.122951	9.123013e-09	1.109255e-09	-1790.667	7.7091023e+08	6.0946448e+08	2.0118333	7.3298638	1.8643686	5398	293	367	73	96	928	3	0	0	16.997457	0	7.1193538	0	0	0	0	0	0	297.846	-5.22782e-13	297.016	9.0899e-09	1.11039e-09	0	39	28783636	28783636
7.1205	16.120284	-45.0199	12.8405	0	0	0	86547144	2	0	0	0	296.98262	16.122951	9.021026e-09	1.111689e-09	-1790.667	7.7091023e+08	6.1083081e+08	2.0120362	7.7831285	1.8554368	5521	288	399	77	99	1031	2	0	0	16.997457	0	7.1193538	0	0	0	0	0	0	297.846	-5.22782e-13	296.991	9.03965e-09	1.10848e-09	0	33	28460281	28460281
7.121	16.119119	-45.0231	12.8404	0	0	0	86547147	2	0	0	0	296.96054	16.120451	9.054371e-09	1.110019e-09	-1790.667	7.7091023e+08	6.0994219e+08	2.0118621	7.8691199	1.8535462	5524	309	395	84	102	1097	4	0	0	16.997457	0	7.1204286	0	0	0	0	0	0	297.846	-5.22782e-13	296.964	9.01192e-09	1.10762e-09	0	44	28563895	28563895
7.1215	16.117959	-45.0263	12.8404	0	0	0	86547151	2	0	0	0	296.93144	16.120451	8.947893e-09	1.103807e-09	-1790.667	7.7091023e+08	6.0655759e+08	2.0119626	7.9918624	1.8511693	5722	281	345	78	108	1313	3	0	0	16.997457	0	7.1204286	0	0	0	0	0	0	297.846	-5.22782e-13	296.943	8.9447e-09	1.10431e-09	0	39	28226422	28226422
7.122	16.116794	-45.0294	12.8403	0	0	0	86547154	2	0	0	0	296.9116	16.117951	8.975078e-09	1.107976e-09	-1790.667	7.7091023e+08	6.0887746e+08	2.012129	8.0401208	1.8503514	5977	312	390	89	106	1433	6	0	0	16.997457	0	7.1215037	0	0	0	0	0	0	297.846	-5.22782e-13	296.915	8.94593e-09	1.10733e-09	0	40	28310606	28310606
7.1225	16.115634	-45.0326	12.8402	0	0	0	86547158	2	0	0	0	296.88224	16.117951	8.880154e-09	1.105137e-09	-1790.667	7.7091023e+08	6.073462e+08	2.0119661	8.2485049	1.846009	6075	328	367	79	97	1527	7	0	0	16.997457	0	7.1215037	0	0	0	0	0	0	297.846	-5.22782e-13	296.893	8.91994e-09	1.10457e-09	0	37	28009628	28009628
7.123	16.114474	-45.0357	12.8401	0	0	0	86547161	2	0	0	0	296.85996	16.117951	8.895299e-09	1.100622e-09	-1790.667	7.7091023e+08	6.0489367e+08	2.0121677	8.3505247	1.8441411	6278	320	390	81	117	1753	2	0	0	16.997457	0	7.1215037	0	0	0	0	0	0	297.846	-5.22782e-13	296.864	8.85863e-09	1.1021e-09	0	44	28055841	28055841
7.1235	16.113309	-45.0389	12.84	0	0	0	86547165	2	0	0	0	296.83162	16.115451	8.83135e-09	1.096703e-09	-1790.667	7.7091023e+08	6.027685e+08	2.012049	8.0666029	1.849745	6451	299	372	77	93	1907	8	0	0	16.997457	0	7.1225792	0	0	0	0	0	0	297.846	-5.22782e-13	296.842	8.85378e-09	1.09621e-09	0	28	27852600	27852600
7.124	16.112149	-45.0421	12.8399	0	0	0	86547168	2	0	0	0	296.8087	16.115451	8.946735e-09	1.096122e-09	-1790.667	7.7091023e+08	6.0247784e+08	2.0121731	8.3409921	1.8443379	6427	294	385	99	109	1909	4	0	0	16.997457	0	7.1225792	0	0	0	0	0	0	297.846	-5.22782e-13	296.813	8.95505e-09	1.09575e-09	0	43	28214940	28214940
7.1245	16.110989	-45.0452	12.8398	0	0	0	86547171	2	0	0	0	296.78717	16.112951	9.132204e-09	1.093017e-09	-1790.667	7.7091023e+08	6.0079979e+08	2.0118086	8.7693271	1.8353866	6791	256	403	80	100	2175	6	0	0	16.997457	0	7.123655	0	0	0	0	0	0	297.846	-5.22782e-13	296.791	9.10654e-09	1.09535e-09	0	41	28798249	28798249
7.125	16.109824	-45.0484	12.8397	0	0	0	86547175	2	0	0	0	296.75752	16.112951	8.886424e-09	1.094472e-09	-1790.667	7.7091023e+08	6.0162821e+08	2.0118426	8.4359206	1.8421251	6986	303	396	82	102	2258	9	0	0	16.997457	0	7.123655	0	0	0	0	0	0	297.846	-5.22782e-13	296.765	8.903e-09	1.09383e-09	0	34	28021632	28021632
7.1255	16.108664	-45.0515	12.8396	0	0	0	86547178	2	0	0	0	296.73535	16.110549	8.873783e-09	1.094508e-09	-1790.667	7.7091023e+08	6.0167666e+08	2.0122403	8.8348255	1.8344624	7137	301	369	82	90	2401	6	0	0	16.997457	0	7.1246891	0	0	0	0	0	0	297.846	-5.22782e-13	296.74	8.82319e-09	1.09065e-09	0	31	27980219	27980219
7.126	16.107504	-45.0547	12.8396	0	0	0	86547182	2	0	0	0	296.70696	16.110549	8.740507e-09	1.089177e-09	-1790.667	7.7091023e+08	5.9877461e+08	2.0121306	8.4198751	1.8427117	7358	312	352	101	109	2538	7	0	0	16.997457	0	7.1246891	0	0	0	0	0	0	297.846	-5.22782e-13	296.714	8.74564e-09	1.08894e-09	0	29	27558454	27558454
7.1265	16.106344	-45.0579	12.8395	0	0	0	86547185	2	0	0	0	296.68549	16.108049	8.751659e-09	1.085471e-09	-1790.667	7.7091023e+08	5.9676567e+08	2.0121782	8.894385	1.8332074	7389	301	348	101	90	2739	3	0	0	16.997457	0	7.1257655	0	0	0	0	0	0	297.846	-5.22782e-13	296.689	8.72147e-09	1.08482e-09	0	30	27592086	27592086
7.127	16.105184	-45.061	12.8394	0	0	0	86547189	2	0	0	0	296.65817	16.108049	8.692041e-09	1.079728e-09	-1790.667	7.7091023e+08	5.9363661e+08	2.0122288	8.9686819	1.8317584	7540	277	353	90	95	2842	5	0	0	16.997457	0	7.1257655	0	0	0	0	0	0	297.846	-5.22782e-13	296.667	8.69083e-09	1.08305e-09	0	50	27402604	27402604
7.1275	16.104019	-45.0642	12.8393	0	0	0	86547193	2	0	0	0	296.62851	16.105549	8.645049e-09	1.080519e-09	-1790.667	7.7091023e+08	5.9409983e+08	2.0120966	9.2562234	1.8258525	7522	299	345	89	98	2803	9	0	0	16.997457	0	7.1268423	0	0	0	0	0	0	297.846	-5.22782e-13	296.635	8.64544e-09	1.0775e-09	0	50	27252946	27252946
7.128	16.102859	-45.0674	12.8392	0	0	0	86547196	2	0	0	0	296.60581	16.105549	8.647465e-09	1.073451e-09	-1790.667	7.7091023e+08	5.902418e+08	2.012055	8.6871262	1.8372653	7647	284	350	87	95	2986	8	0	0	16.997457	0	7.1268423	0	0	0	0	0	0	297.846	-5.22782e-13	296.61	8.64679e-09	1.07693e-09	0	34	27259052	27259052
7.1285	16.101699	-45.0705	12.8391	0	0	0	86547200	2	0	0	0	296.57747	16.103479	8.602175e-09	1.075685e-09	-1790.667	7.7091023e+08	5.9149839e+08	2.0118496	9.1734253	1.8272941	7674	279	350	81	100	3077	4	0	0	16.997457	0	7.1277343	0	0	0	0	0	0	297.846	-5.22782e-13	296.587	8.64029e-09	1.07571e-09	0	36	27114783	27114783
7.129	16.100539	-45.0737	12.839	0	0	0	86547203	2	0	0	0	296.55665	16.103049	8.582113e-09	1.07207e-09	-1790.667	7.7091023e+08	5.8953871e+08	2.0119274	9.3674316	1.8234614	7705	273	330	111	98	3087	12	0	0	16.997457	0	7.1279195	0	0	0	0	0	0	297.846	-5.22782e-13	296.56	8.59425e-09	1.0718e-09	0	37	27050047	27050047
7.1295	16.099379	-45.0768	12.8389	0	0	0	86547207	2	0	0	0	296.52623	16.103049	8.554025e-09	1.062945e-09	-1790.667	7.7091023e+08	5.8454871e+08	2.0119872	9.1778397	1.8273302	7961	276	374	94	94	3226	7	0	0	16.997457	0	7.1279195	0	0	0	0	0	0	297.846	-5.22782e-13	296.537	8.58323e-09	1.06544e-09	0	35	26960023	26960023
7.13	16.098219	-45.08	12.8389	0	0	0	86547210	2	0	0	0	296.50378	16.100549	8.556949e-09	1.062837e-09	-1790.667	7.7091023e+08	5.8451723e+08	2.0118608	9.3255756	1.8242432	8017	299	351	95	109	3339	9	0	0	16.997457	0	7.128997	0	0	0	0	0	0	297.846	-5.22782e-13	296.507	8.52658e-09	1.06182e-09	0	37	26967744	26967744
7.1305	16.097064	-45.0832	12.8388	0	0	0	86547213	2	0	0	0	296.4754	16.100549	8.546824e-09	1.061879e-09	-1790.667	7.7091023e+08	5.8401826e+08	2.0117987	9.2475573	1.8257565	8326	276	378	98	111	3513	10	0	0	16.997457	0	7.128997	0	0	0	0	0	0	297.846	-5.22782e-13	296.486	8.49646e-09	1.061e-09	0	37	26934343	26934343
7.131	16.095904	-45.0863	12.8387	0	0	0	86547217	2	0	0	0	296.4521	16.098049	8.471485e-09	1.063967e-09	-1790.667	7.7091023e+08	5.8519459e+08	2.012192	9.4224169	1.8225949	8353	328	336	106	81	3529	8	0	0	16.997457	0	7.1300748	0	0	0	0	0	0	297.846	-5.22782e-13	296.46	8.49067e-09	1.06325e-09	0	30	26695442	26695442
7.1315	16.094744	-45.0895	12.8386	0	0	0	86547220	2	0	0	0	296.43279	16.098049	8.480235e-09	1.061863e-09	-1790.667	7.7091023e+08	5.8406527e+08	2.0119558	9.3310835	1.8242186	8193	298	352	112	104	3411	5	0	0	16.997457	0	7.1300748	0	0	0	0	0	0	297.846	-5.22782e-13	296.436	8.48498e-09	1.05227e-09	0	44	26721535	26721535
7.132	16.093584	-45.0926	12.8385	0	0	0	86547224	2	0	0	0	296.60514	16.095549	8.455554e-09	1.056437e-09	-1790.667	7.7091023e+08	5.8110854e+08	2.0118118	9.0008417	1.8307318	8384	265	371	91	82	3605	10	0	0	16.997457	0	7.131153	0	0	0	0	0	0	297.846	-5.22782e-13	296.617	8.46866e-09	1.05686e-09	0	43	26642289	26642289
7.1325	16.092424	-45.0958	12.8384	0	0	0	86547227	2	0	0	0	296.58404	16.095549	8.499782e-09	1.050172e-09	-1790.667	7.7091023e+08	5.7769001e+08	2.0122723	9.6274206	1.8185424	8323	275	339	99	102	3621	13	0	0	16.997457	0	7.131153	0	0	0	0	0	0	297.846	-5.22782e-13	296.588	8.47749e-09	1.05364e-09	0	49	26780162	26780162
7.133	16.091269	-45.099	12.8383	0	0	0	86547231	2	0	0	0	296.55525	16.093049	8.455547e-09	1.054557e-09	-1790.667	7.7091023e+08	5.8012991e+08	2.0121392	9.3870086	1.8232595	8112	295	337	105	109	3426	4	0	0	16.997457	0	7.1322315	0	0	0	0	0	0	297.846	-5.22782e-13	296.566	8.47427e-09	1.05132e-09	0	37	26639317	26639317
7.1335	16.090109	-45.1021	12.8382	0	0	0	86547234	2	0	0	0	296.53295	16.093049	8.533572e-09	1.048642e-09	-1790.667	7.7091023e+08	5.7690356e+08	2.0121853	9.0618136	1.8298448	8137	283	335	96	118	3343	14	0	0	16.997457	0	7.1322315	0	0	0	0	0	0	297.846	-5.22782e-13	296.537	8.47255e-09	1.05096e-09	0	40	26883647	26883647
7.134	16.088949	-45.1053	12.8381	0	0	0	86547238	2	0	0	0	296.50594	16.090549	8.478793e-09	1.05825e-09	-1790.667	7.7091023e+08	5.822172e+08	2.0121197	9.9150365	1.8126173	8125	263	326	91	108	3396	10	0	0	16.997457	0	7.1333103	0	0	0	0	0	0	297.846	-5.22782e-13	296.517	8.51457e-09	1.0525e-09	0	40	26709596	26709596
7.1345	16.087794	-45.1084	12.8381	0	0	0	86547241	2	0	0	0	296.48308	16.090549	8.529621e-09	1.048672e-09	-1790.667	7.7091023e+08	5.769753e+08	2.0119517	9.1866381	1.827121	7993	232	341	97	117	3299	7	0	0	16.997457	0	7.1333103	0	0	0	0	0	0	297.846	-5.22782e-13	296.487	8.51507e-09	1.05074e-09	0	33	26868226	26868226
7.135	16.086634	-45.1116	12.838	0	0	0	86547244	2	0	0	0	296.46172	16.088049	8.516224e-09	1.056128e-09	-1790.667	7.7091023e+08	5.8110538e+08	2.0119258	8.5925079	1.8390509	7914	273	365	104	105	3275	10	0	0	16.997457	0	7.1343895	0	0	0	0	0	0	297.846	-5.22782e-13	296.466	8.49119e-09	1.05161e-09	0	41	26824541	26824541
7.1355	16.085474	-45.1148	12.8379	0	0	0	86547250	2	0	0	0	296.41874	16.088049	8.474181e-09	1.05646e-09	-1790.667	7.7091023e+08	5.813159e+08	2.0121706	8.7036598	1.8370381	7857	253	346	93	93	3160	5	0	0	16.997457	0	7.1343895	0	0	0	0	0	0	297.846	-5.22782e-13	296.441	8.51769e-09	1.05377e-09	0	30	26690636	26690636
7.136	16.084319	-45.1179	12.8378	0	0	0	86547253	2	0	0	0	296.6658	16.088049	8.566996e-09	1.060377e-09	-1790.667	7.7091023e+08	5.8349918e+08	2.0119811	9.1608017	1.8276675	7790	281	329	93	105	3078	8	0	0	16.997457	0	7.1343895	0	0	0	0	0	0	297.846	-5.22782e-13	296.669	8.53386e-09	1.05755e-09	0	47	26981477	26981477
7.1365	16.083159	-45.1211	12.8377	0	0	0	86547256	2	0	0	0	296.63689	16.085549	8.51972e-09	1.061375e-09	-1790.667	7.7091023e+08	5.8407634e+08	2.0118794	8.75569	1.8357254	7796	266	351	88	90	3124	8	0	0	16.997457	0	7.135469	0	0	0	0	0	0	297.846	-5.22782e-13	296.648	8.53127e-09	1.0571e-09	0	32	26831099	26831099
7.137	16.082004	-45.1243	12.8376	0	0	0	86547260	2	0	0	0	296.61603	16.085549	8.538404e-09	1.057483e-09	-1790.667	7.7091023e+08	5.8196247e+08	2.0121638	9.2909492	1.8252147	7531	303	375	86	106	2997	8	0	0	16.997457	0	7.135469	0	0	0	0	0	0	297.846	-5.22782e-13	296.622	8.51737e-09	1.05799e-09	0	40	26888453	26888453
7.1375	16.080849	-45.1274	12.8375	0	0	0	86547263	2	0	0	0	296.59126	16.083049	8.546817e-09	1.054898e-09	-1790.667	7.7091023e+08	5.8056771e+08	2.011783	8.7920574	1.8349059	7785	260	351	85	88	3050	6	0	0	16.997457	0	7.1365489	0	0	0	0	0	0	297.846	-5.22782e-13	296.595	8.5396e-09	1.05417e-09	0	37	26913458	26913458
7.138	16.079689	-45.1306	12.8374	0	0	0	86547267	2	0	0	0	296.56172	16.083049	8.500621e-09	1.055412e-09	-1790.667	7.7091023e+08	5.8087845e+08	2.0121853	8.9004925	1.8330909	7687	266	358	96	94	3129	8	0	0	16.997457	0	7.1365489	0	0	0	0	0	0	297.846	-5.22782e-13	296.57	8.51961e-09	1.05443e-09	0	24	26766509	26766509
7.1385	16.078534	-45.1337	12.8374	0	0	0	86547270	2	0	0	0	296.53976	16.080549	8.518949e-09	1.046317e-09	-1790.667	7.7091023e+08	5.7590036e+08	2.0120592	8.5192722	1.8406464	7557	267	342	111	77	2925	8	0	0	16.997457	0	7.1376291	0	0	0	0	0	0	297.846	-5.22782e-13	296.543	8.47994e-09	1.04737e-09	0	29	26822736	26822736
7.139	16.077374	-45.1369	12.8373	0	0	0	86547274	2	0	0	0	296.51188	16.080549	8.430103e-09	1.044471e-09	-1790.667	7.7091023e+08	5.749119e+08	2.0120118	9.0866424	1.8291875	7557	307	386	91	92	3041	4	0	0	16.997457	0	7.1376291	0	0	0	0	0	0	297.846	-5.22782e-13	296.523	8.45001e-09	1.04517e-09	0	27	26541528	26541528
7.1395	16.076219	-45.1401	12.8372	0	0	0	86547277	2	0	0	0	296.49141	16.078049	8.435862e-09	1.039332e-09	-1790.667	7.7091023e+08	5.7211069e+08	2.0119645	9.2015461	1.8268326	7606	272	341	92	104	2971	8	0	0	16.997457	0	7.1387097	0	0	0	0	0	0	297.846	-5.22782e-13	296.495	8.4196e-09	1.04309e-09	0	38	26558192	26558192
7.14	16.075064	-45.1432	12.8371	0	0	0	86547280	2	0	0	0	296.63612	16.078049	8.432711e-09	1.041471e-09	-1790.667	7.7091023e+08	5.7331565e+08	2.0121587	8.5820983	1.8394733	7455	249	343	107	100	2819	4	0	0	16.997457	0	7.1387097	0	0	0	0	0	0	297.846	-5.22782e-13	296.472	8.38802e-09	1.03087e-09	0	48	26546804	26546804
7.1405	16.073909	-45.1464	12.837	0	0	0	86547284	2	0	0	0	296.61447	16.075549	8.434025e-09	1.039751e-09	-1790.667	7.7091023e+08	5.723963e+08	2.0121226	9.4198318	1.822584	7571	292	357	102	108	2859	11	0	0	16.997457	0	7.1397906	0	0	0	0	0	0	297.846	-5.22782e-13	296.618	8.39935e-09	1.038e-09	0	23	26549473	26549473
7.141	16.072749	-45.1495	12.8369	0	0	0	86547287	2	0	0	0	296.59219	16.075549	8.433464e-09	1.042691e-09	-1790.667	7.7091023e+08	5.7404239e+08	2.0121082	8.7382499	1.8362851	7551	259	325	86	96	2982	7	0	0	16.997457	0	7.1397906	0	0	0	0	0	0	297.846	-5.22782e-13	296.596	8.41589e-09	1.04505e-09	0	32	26546240	26546240
7.1415	16.071594	-45.1527	12.8368	0	0	0	86547291	2	0	0	0	296.56224	16.073049	8.388149e-09	1.040114e-09	-1790.667	7.7091023e+08	5.7265117e+08	2.012137	8.9835634	1.8313754	7431	286	353	85	106	2805	5	0	0	16.997457	0	7.1408718	0	0	0	0	0	0	297.846	-5.22782e-13	296.57	8.41794e-09	1.04294e-09	0	46	26402142	26402142
7.142	16.070439	-45.1559	12.8367	0	0	0	86547294	2	0	0	0	296.5407	16.073049	8.465623e-09	1.039126e-09	-1790.667	7.7091023e+08	5.7213471e+08	2.0121462	9.3476943	1.824057	7477	292	329	93	109	2894	4	0	0	16.997457	0	7.1408718	0	0	0	0	0	0	297.846	-5.22782e-13	296.544	8.44025e-09	1.04418e-09	0	45	26644523	26644523
7.1425	16.069284	-45.159	12.8367	0	0	0	86547298	2	0	0	0	296.51196	16.070549	8.417935e-09	1.042592e-09	-1790.667	7.7091023e+08	5.7407066e+08	2.0121594	8.8935461	1.833207	7283	273	359	82	85	2798	11	0	0	16.997457	0	7.1419534	0	0	0	0	0	0	297.846	-5.22782e-13	296.522	8.40534e-09	1.0395e-09	0	31	26492967	26492967
7.143	16.068129	-45.1622	12.8366	0	0	0	86547301	2	0	0	0	296.48838	16.070549	8.434704e-09	1.041201e-09	-1790.667	7.7091023e+08	5.7333233e+08	2.0119034	8.8263007	1.8343267	7480	271	338	73	107	2902	6	0	0	16.997457	0	7.1419534	0	0	0	0	0	0	297.846	-5.22782e-13	296.492	8.41438e-09	1.04323e-09	0	43	26544276	26544276
7.1435	16.066974	-45.1654	12.8365	0	0	0	86547304	2	0	0	0	296.45856	16.070549	8.427492e-09	1.046587e-09	-1790.667	7.7091023e+08	5.7632583e+08	2.0121898	9.3047288	1.824961	7401	267	330	73	97	2774	7	0	0	16.997457	0	7.1419534	0	0	0	0	0	0	297.846	-5.22782e-13	296.47	8.41538e-09	1.04126e-09	0	40	26520114	26520114
7.144	16.065819	-45.1685	12.8364	0	0	0	86547308	2	0	0	0	296.43514	16.068049	8.424642e-09	1.043867e-09	-1790.667	7.7091023e+08	5.7485566e+08	0.02334976	0	1.8355747	7424	311	326	80	98	2832	6	0	0	16.997457	0	7.1430353	0	0	0	0	0	0	297.846	-5.22782e-13	296.443	8.42731e-09	1.04299e-09	0	45	26509682	26509682
7.1445	16.064664	-45.1717	12.8363	0	0	0	86547311	2	0	0	0	297.61572	16.068049	8.476007e-09	1.050593e-09	-1790.667	7.7091023e+08	5.7858751e+08	2.0120842	9.2020008	1.8269322	7617	293	348	84	96	2941	10	0	0	16.997457	0	7.1430353	0	0	0	0	0	0	297.846	-5.22782e-13	297.019	8.4429e-09	1.03929e-09	0	31	26669838	26669838
7.145	16.063509	-45.1748	12.8362	0	0	0	86547315	2	0	0	0	297.58719	16.065549	8.441894e-09	1.043457e-09	-1790.667	7.7091023e+08	5.7468521e+08	2.0118755	8.9566893	1.8316781	7491	265	332	94	95	2841	4	0	0	16.997457	0	7.1441175	0	0	0	0	0	0	297.846	-5.22782e-13	297.595	8.4616e-09	1.04892e-09	0	47	26561034	26561034
7.1455	16.062354	-45.178	12.8361	0	0	0	86547318	2	0	0	0	297.56381	16.065549	8.459843e-09	1.048122e-09	-1790.667	7.7091023e+08	5.7728226e+08	2.0122538	8.7974113	1.8352275	7596	300	359	102	109	2853	7	0	0	16.997457	0	7.1441175	0	0	0	0	0	0	297.846	-5.22782e-13	297.568	8.46257e-09	1.05028e-09	0	33	26616038	26616038
7.146	16.061199	-45.1812	12.836	0	0	0	86547322	2	0	0	0	297.53414	16.063049	8.435169e-09	1.050948e-09	-1790.667	7.7091023e+08	5.7886665e+08	2.0120838	9.2392015	1.8261834	7363	273	339	80	90	2809	6	0	0	16.997457	0	7.1452001	0	0	0	0	0	0	297.846	-5.22782e-13	297.548	8.45398e-09	1.04947e-09	0	50	26536945	26536945
7.1465	16.060049	-45.1843	12.836	0	0	0	86547325	2	0	0	0	297.51334	16.063049	8.43653e-09	1.043023e-09	-1790.667	7.7091023e+08	5.7452921e+08	2.0121651	8.9189181	1.8327018	7413	245	366	89	103	2819	10	0	0	16.997457	0	7.1452001	0	0	0	0	0	0	297.846	-5.22782e-13	297.517	8.40804e-09	1.04362e-09	0	42	26539761	26539761
7.147	16.058894	-45.1875	12.8359	0	0	0	86547328	2	0	0	0	297.49017	16.060549	8.418311e-09	1.050129e-09	-1790.667	7.7091023e+08	5.784713e+08	2.0118573	8.906763	1.8326659	7612	272	351	73	103	2923	7	0	0	16.997457	0	7.1462831	0	0	0	0	0	0	297.846	-5.22782e-13	297.494	8.43278e-09	1.04792e-09	0	50	26480986	26480986
7.1475	16.057739	-45.1906	12.8358	0	0	0	86547332	2	0	0	0	297.45856	16.060549	8.451455e-09	1.047146e-09	-1790.667	7.7091023e+08	5.768559e+08	2.0122653	8.4880578	1.841463	7481	277	342	77	85	2854	0	0	0	16.997457	0	7.1462831	0	0	0	0	0	0	297.846	-5.22782e-13	297.466	8.44168e-09	1.0491e-09	0	32	26583778	26583778
7.148	16.056584	-45.1938	12.8357	0	0	0	86547335	2	0	0	0	297.43502	16.058049	8.497071e-09	1.045576e-09	-1790.667	7.7091023e+08	5.7601879e+08	2.0120112	8.438124	1.8422352	7528	291	336	95	86	2872	8	0	0	16.997457	0	7.1473663	0	0	0	0	0	0	297.846	-5.22782e-13	297.439	8.43677e-09	1.04705e-09	0	32	26725787	26725787
7.1485	16.055434	-45.197	12.8356	0	0	0	86547339	2	0	0	0	297.40507	16.058049	8.407664e-09	1.048749e-09	-1790.667	7.7091023e+08	5.7779471e+08	2.0120195	8.8302603	1.834353	7363	263	334	89	100	2850	2	0	0	16.997457	0	7.1473663	0	0	0	0	0	0	297.846	-5.22782e-13	297.418	8.45004e-09	1.04783e-09	0	33	26443116	26443116
7.149	16.054279	-45.2001	12.8355	0	0	0	86547342	2	0	0	0	297.38127	16.058049	8.450705e-09	1.04356e-09	-1790.667	7.7091023e+08	5.7496364e+08	2.0119677	9.0449962	1.8299853	7460	298	341	96	118	2739	9	0	0	16.997457	0	7.1473663	0	0	0	0	0	0	297.846	-5.22782e-13	297.386	8.45182e-09	1.04696e-09	0	36	26577019	26577019
7.1495	16.053124	-45.2033	12.8354	0	0	0	86547346	2	0	0	0	297.35012	16.055549	8.454851e-09	1.052133e-09	-1790.667	7.7091023e+08	5.7971503e+08	2.0118406	9.1476192	1.8278051	7306	304	364	97	97	2718	5	0	0	16.997457	0	7.14845	0	0	0	0	0	0	297.846	-5.22782e-13	297.363	8.46491e-09	1.04815e-09	0	48	26588591	26588591
7.15	16.051974	-45.2064	12.8353	0	0	0	86547349	2	0	0	0	297.32985	16.055549	8.467371e-09	1.050665e-09	-1790.667	7.7091023e+08	5.7893413e+08	2.0122819	8.9056309	1.8330755	7318	264	383	83	104	2789	5	0	0	16.997457	0	7.14845	0	0	0	0	0	0	297.846	-5.22782e-13	297.333	8.48015e-09	1.05118e-09	0	38	26626495	26626495
7.1505	16.050819	-45.2096	12.8353	0	0	0	86547352	2	0	0	0	297.29879	16.053049	8.459928e-09	1.05241e-09	-1790.667	7.7091023e+08	5.7992366e+08	2.0122605	8.7269338	1.8366518	7374	285	378	86	90	2725	9	0	0	16.997457	0	7.1495339	0	0	0	0	0	0	297.846	-5.22782e-13	297.311	8.45842e-09	1.05188e-09	0	38	26601622	26601622
7.151	16.049669	-45.2128	12.8352	0	0	0	86547356	2	0	0	0	297.27313	16.053049	8.478388e-09	1.053637e-09	-1790.667	7.7091023e+08	5.8062784e+08	2.0119264	8.8984408	1.8328963	7169	274	343	73	91	2694	7	0	0	16.997457	0	7.1495339	0	0	0	0	0	0	297.846	-5.22782e-13	297.282	8.49679e-09	1.05203e-09	0	29	26658198	26658198
7.1515	16.048514	-45.2159	12.8351	0	0	0	86547359	2	0	0	0	297.25289	16.050549	8.522409e-09	1.049361e-09	-1790.667	7.7091023e+08	5.782994e+08	2.0120426	8.7869314	1.8352458	7339	266	341	77	85	2684	9	0	0	16.997457	0	7.1506182	0	0	0	0	0	0	297.846	-5.22782e-13	297.256	8.51072e-09	1.05395e-09	0	21	26795134	26795134
7.152	16.047364	-45.2191	12.835	0	0	0	86547363	2	0	0	0	297.21972	16.050549	8.507435e-09	1.058531e-09	-1790.667	7.7091023e+08	5.8338116e+08	2.0121133	8.4862339	1.8413606	7333	274	341	90	114	2672	8	0	0	16.997457	0	7.1506182	0	0	0	0	0	0	297.846	-5.22782e-13	297.233	8.52602e-09	1.05502e-09	0	37	26746580	26746580
7.1525	16.046209	-45.2223	12.8349	0	0	0	86547366	2	0	0	0	297.19833	16.048049	8.538336e-09	1.048758e-09	-1790.667	7.7091023e+08	5.7802298e+08	2.0122416	8.8922125	1.8333088	7345	272	349	92	110	2671	10	0	0	16.997457	0	7.1517029	0	0	0	0	0	0	297.846	-5.22782e-13	297.202	8.50817e-09	1.05393e-09	0	36	26842250	26842250
7.153	16.045059	-45.2254	12.8348	0	0	0	86547370	2	0	0	0	297.16173	16.048049	8.488161e-09	1.05763e-09	-1790.667	7.7091023e+08	5.8294097e+08	2.0119782	8.7399911	1.8361315	7258	297	366	91	106	2670	4	0	0	16.997457	0	7.1517029	0	0	0	0	0	0	297.846	-5.22782e-13	297.179	8.50623e-09	1.05151e-09	0	38	26683042	26683042
7.1535	16.043909	-45.2286	12.8347	0	0	0	86547374	2	0	0	0	297.1371	16.045549	8.524879e-09	1.0468e-09	-1790.667	7.7091023e+08	5.7699964e+08	2.011985	8.262853	1.8457376	7168	280	348	79	87	2631	4	0	0	16.997457	0	7.1527879	0	0	0	0	0	0	297.846	-5.22782e-13	297.141	8.50535e-09	1.05404e-09	0	35	26796990	26796990
7.154	16.042754	-45.2317	12.8346	0	0	0	86547377	2	0	0	0	297.11423	16.045549	8.541125e-09	1.057924e-09	-1790.667	7.7091023e+08	5.8315944e+08	2.0122339	9.3388745	1.8243139	7313	301	378	84	107	2673	14	0	0	16.997457	0	7.1527879	0	0	0	0	0	0	297.846	-5.22782e-13	297.119	8.53078e-09	1.05563e-09	0	41	26846578	26846578
7.1545	16.041604	-45.2349	12.8346	0	0	0	86547381	2	0	0	0	297.08533	16.04343	8.527884e-09	1.053936e-09	-1790.667	7.7091023e+08	5.8098925e+08	2.0118486	8.5364831	1.8401075	7148	279	369	88	96	2613	9	0	0	16.997457	0	7.1537078	0	0	0	0	0	0	297.846	-5.22782e-13	297.095	8.52101e-09	1.0558e-09	0	45	26803481	26803481
7.155	16.040454	-45.2381	12.8345	0	0	0	86547384	2	0	0	0	297.06067	16.043049	8.495011e-09	1.048344e-09	-1790.667	7.7091023e+08	5.7793461e+08	2.0118387	8.8391817	1.8340086	7119	259	339	94	107	2588	3	0	0	16.997457	0	7.1538732	0	0	0	0	0	0	297.846	-5.22782e-13	297.065	8.5011e-09	1.05353e-09	0	39	26698689	26698689
7.1555	16.039304	-45.2412	12.8344	0	0	0	86547388	2	0	0	0	297.03179	16.043049	8.517784e-09	1.059057e-09	-1790.667	7.7091023e+08	5.8386878e+08	2.0120134	9.0938399	1.8290442	7089	267	365	81	91	2499	10	0	0	16.997457	0	7.1538732	0	0	0	0	0	0	297.846	-5.22782e-13	297.041	8.54876e-09	1.0573e-09	0	47	26768787	26768787
7.156	16.038149	-45.2444	12.8343	0	0	0	86547391	2	0	0	0	297.00707	16.040549	8.546873e-09	1.05093e-09	-1790.667	7.7091023e+08	5.7941635e+08	2.0117824	8.5948222	1.8388733	7139	302	359	74	90	2546	6	0	0	16.997457	0	7.1549589	0	0	0	0	0	0	297.846	-5.22782e-13	297.011	8.53088e-09	1.05203e-09	0	49	26858725	26858725
7.1565	16.036999	-45.2475	12.8342	0	0	0	86547395	2	0	0	0	296.97711	16.040549	8.546667e-09	1.056982e-09	-1790.667	7.7091023e+08	5.8278128e+08	2.0122102	8.8144905	1.8348442	7072	273	343	85	76	2597	5	0	0	16.997457	0	7.1549589	0	0	0	0	0	0	297.846	-5.22782e-13	296.988	8.52295e-09	1.05208e-09	0	37	26856598	26856598
7.157	16.035849	-45.2507	12.8341	0	0	0	86547398	2	0	0	0	296.95318	16.038049	8.512401e-09	1.054072e-09	-1790.667	7.7091023e+08	5.8120498e+08	2.0120845	8.4454028	1.8421558	7201	275	349	90	90	2655	7	0	0	16.997457	0	7.1560449	0	0	0	0	0	0	297.846	-5.22782e-13	296.957	8.53424e-09	1.05404e-09	0	40	26747449	26747449
7.1575	16.034699	-45.2539	12.834	0	0	0	86547401	2	0	0	0	296.93038	16.038049	8.520178e-09	1.054008e-09	-1790.667	7.7091023e+08	5.8119786e+08	2.0118054	8.657028	1.8376429	7185	314	346	100	88	2599	7	0	0	16.997457	0	7.1560449	0	0	0	0	0	0	297.846	-5.22782e-13	296.934	8.54013e-09	1.05183e-09	0	39	26770411	26770411
7.158	16.033549	-45.257	12.834	0	0	0	86547405	2	0	0	0	296.89913	16.035549	8.49132e-09	1.050463e-09	-1790.667	7.7091023e+08	5.7927118e+08	2.0121235	8.447211	1.8421552	7199	253	362	93	101	2563	7	0	0	16.997457	0	7.1571313	0	0	0	0	0	0	297.846	-5.22782e-13	296.907	8.51429e-09	1.05307e-09	0	40	26678271	26678271
7.1585	16.032399	-45.2602	12.8339	0	0	0	86547408	2	0	0	0	296.87705	16.035549	8.496905e-09	1.052783e-09	-1790.667	7.7091023e+08	5.8057869e+08	2.0121213	8.9606845	1.8318214	7142	281	377	97	116	2527	7	0	0	16.997457	0	7.1571313	0	0	0	0	0	0	297.846	-5.22782e-13	296.881	8.48443e-09	1.05124e-09	0	34	26694348	26694348
7.159	16.031249	-45.2634	12.8338	0	0	0	86547412	2	0	0	0	296.84557	16.033049	8.492268e-09	1.054635e-09	-1790.667	7.7091023e+08	5.8162823e+08	2.0119402	8.7463436	1.835969	7018	283	351	83	79	2499	3	0	0	16.997457	0	7.158218	0	0	0	0	0	0	297.846	-5.22782e-13	296.858	8.494e-09	1.05006e-09	0	36	26678311	26678311
7.1595	16.030099	-45.2665	12.8337	0	0	0	86547415	2	0	0	0	296.82342	16.033049	8.49106e-09	1.048566e-09	-1790.667	7.7091023e+08	5.7830926e+08	2.0122685	8.682897	1.8375453	7116	257	355	92	100	2494	5	0	0	16.997457	0	7.158218	0	0	0	0	0	0	297.846	-5.22782e-13	296.827	8.51402e-09	1.05215e-09	0	43	26673048	26673048
7.16	16.028949	-45.2697	12.8336	0	0	0	86547418	2	0	0	0	296.79232	16.030549	8.481077e-09	1.052783e-09	-1790.667	7.7091023e+08	5.8066323e+08	2.0120742	8.9627866	1.8317363	7127	259	365	81	101	2498	8	0	0	16.997457	0	7.159305	0	0	0	0	0	0	297.846	-5.22782e-13	296.804	8.50556e-09	1.04956e-09	0	33	26640222	26640222
7.1605	16.027799	-45.2728	12.8335	0	0	0	86547422	2	0	0	0	296.77003	16.030549	8.511744e-09	1.050907e-09	-1790.667	7.7091023e+08	5.7965667e+08	2.0122029	8.8953893	1.8332096	7190	263	391	98	82	2559	9	0	0	16.997457	0	7.159305	0	0	0	0	0	0	297.846	-5.22782e-13	296.774	8.4883e-09	1.04992e-09	0	32	26735080	26735080
7.161	16.026649	-45.276	12.8334	0	0	0	86547425	2	0	0	0	296.74114	16.028049	8.507307e-09	1.048264e-09	-1790.667	7.7091023e+08	5.7822693e+08	2.0118918	9.0552939	1.8297091	6960	275	330	87	108	2457	4	0	0	16.997457	0	7.1603924	0	0	0	0	0	0	297.846	-5.22782e-13	296.752	8.47436e-09	1.04826e-09	0	41	26719673	26719673
7.1615	16.025504	-45.2792	12.8333	0	0	0	86547431	2	0	0	0	296.70163	16.028049	8.499249e-09	1.044718e-09	-1790.667	7.7091023e+08	5.7629894e+08	2.0120848	8.3858891	1.8433536	7083	266	357	86	104	2514	5	0	0	16.997457	0	7.1603924	0	0	0	0	0	0	297.846	-5.22782e-13	296.726	8.47561e-09	1.04772e-09	0	41	26692896	26692896
7.162	16.024354	-45.2823	12.8333	0	0	0	86547434	2	0	0	0	296.67862	16.028049	8.479468e-09	1.047807e-09	-1790.667	7.7091023e+08	5.7803102e+08	2.0121149	8.877505	1.8334893	7061	292	365	88	98	2539	3	0	0	16.997457	0	7.1603924	0	0	0	0	0	0	297.846	-5.22782e-13	296.682	8.48823e-09	1.04579e-09	0	40	26629306	26629306
7.1625	16.023204	-45.2855	12.8332	0	0	0	86547438	2	0	0	0	296.64788	16.025549	8.488868e-09	1.045033e-09	-1790.667	7.7091023e+08	5.7652875e+08	2.0120592	8.4737865	1.8415616	7261	302	360	86	99	2579	5	0	0	16.997457	0	7.1614802	0	0	0	0	0	0	297.846	-5.22782e-13	296.66	8.49705e-09	1.04796e-09	0	45	26657360	26657360
7.163	16.022054	-45.2886	12.8331	0	0	0	86547441	2	0	0	0	296.62546	16.025549	8.487408e-09	1.045315e-09	-1790.667	7.7091023e+08	5.7671237e+08	2.0122432	8.2370799	1.8464931	7072	266	347	80	95	2479	3	0	0	16.997457	0	7.1614802	0	0	0	0	0	0	297.846	-5.22782e-13	296.629	8.5161e-09	1.04915e-09	0	32	26651309	26651309
7.1635	16.020909	-45.2918	12.833	0	0	0	86547445	2	0	0	0	296.5947	16.023049	8.479269e-09	1.054776e-09	-1790.667	7.7091023e+08	5.8196041e+08	2.0121142	8.9558175	1.831913	7151	291	345	83	104	2512	9	0	0	16.997457	0	7.1625682	0	0	0	0	0	0	297.846	-5.22782e-13	296.607	8.50735e-09	1.0515e-09	0	39	26624287	26624287
7.164	16.019759	-45.295	12.8329	0	0	0	86547448	2	0	0	0	296.57261	16.023049	8.513101e-09	1.051241e-09	-1790.667	7.7091023e+08	5.8003824e+08	2.0119014	8.667192	1.8375261	7327	284	369	88	125	2658	7	0	0	16.997457	0	7.1625682	0	0	0	0	0	0	297.846	-5.22782e-13	296.577	8.53176e-09	1.05067e-09	0	46	26729047	26729047
7.1645	16.018609	-45.2981	12.8328	0	0	0	86547452	2	0	0	0	296.54364	16.020549	8.514981e-09	1.050971e-09	-1790.667	7.7091023e+08	5.7991748e+08	2.0122608	8.8493022	1.8341898	7154	287	363	82	96	2518	13	0	0	16.997457	0	7.1636567	0	0	0	0	0	0	297.846	-5.22782e-13	296.554	8.50561e-09	1.04872e-09	0	45	26733480	26733480
7.165	16.017464	-45.3013	12.8327	0	0	0	86547455	2	0	0	0	296.51913	16.020549	8.485745e-09	1.042945e-09	-1790.667	7.7091023e+08	5.7551681e+08	2.0121654	9.030335	1.8304602	7252	276	382	94	97	2611	4	0	0	16.997457	0	7.1636567	0	0	0	0	0	0	297.846	-5.22782e-13	296.523	8.50455e-09	1.04931e-09	0	49	26640226	26640226
7.1655	16.016314	-45.3044	12.8326	0	0	0	86547458	2	0	0	0	296.49544	16.018049	8.528847e-09	1.053158e-09	-1790.667	7.7091023e+08	5.8118084e+08	2.0120989	8.583435	1.8393917	7363	303	373	81	101	2647	5	0	0	16.997457	0	7.1647454	0	0	0	0	0	0	297.846	-5.22782e-13	296.5	8.5311e-09	1.04927e-09	0	49	26774069	26774069
7.166	16.015169	-45.3076	12.8326	0	0	0	86547462	2	0	0	0	296.46625	16.018049	8.546227e-09	1.051363e-09	-1790.667	7.7091023e+08	5.8021853e+08	2.0118109	9.4698842	1.8212947	7171	287	345	87	120	2558	9	0	0	16.997457	0	7.1647454	0	0	0	0	0	0	297.846	-5.22782e-13	296.477	8.5391e-09	1.0485e-09	0	61	26827154	26827154
7.1665	16.014019	-45.3108	12.8325	0	0	0	86547465	2	0	0	0	296.44383	16.015549	8.511726e-09	1.042567e-09	-1790.667	7.7091023e+08	5.7539229e+08	2.0118394	8.2944356	1.8449686	7159	259	376	103	100	2501	5	0	0	16.997457	0	7.1658346	0	0	0	0	0	0	297.846	-5.22782e-13	296.447	8.48737e-09	1.04719e-09	0	36	26717385	26717385
7.167	16.012874	-45.3139	12.8324	0	0	0	86547468	2	0	0	0	296.41387	16.015549	8.461317e-09	1.047118e-09	-1790.667	7.7091023e+08	5.7793215e+08	2.0118086	8.9879721	1.8309878	7225	272	356	79	107	2568	3	0	0	16.997457	0	7.1658346	0	0	0	0	0	0	297.846	-5.22782e-13	296.424	8.48051e-09	1.04806e-09	0	36	26557697	26557697
7.1675	16.011724	-45.3171	12.8323	0	0	0	86547472	2	0	0	0	296.56383	16.015549	8.478143e-09	1.041119e-09	-1790.667	7.7091023e+08	5.7464915e+08	2.0121702	9.188805	1.8272758	7284	306	358	88	103	2643	6	0	0	16.997457	0	7.1658346	0	0	0	0	0	0	297.846	-5.22782e-13	296.568	8.48055e-09	1.04051e-09	0	46	26609047	26609047
7.168	16.010579	-45.3203	12.8322	0	0	0	86547475	2	0	0	0	296.54057	16.013049	8.51939e-09	1.050589e-09	-1790.667	7.7091023e+08	5.7990443e+08	2.0120416	8.7493857	1.8360003	7378	275	366	80	103	2694	8	0	0	16.997457	0	7.166924	0	0	0	0	0	0	297.846	-5.22782e-13	296.544	8.47315e-09	1.04636e-09	0	34	26737033	26737033
7.1685	16.009434	-45.3234	12.8321	0	0	0	86547479	2	0	0	0	296.50813	16.013049	8.494599e-09	1.048788e-09	-1790.667	7.7091023e+08	5.7893854e+08	2.0122752	9.2907213	1.8253203	7341	284	386	92	102	2649	9	0	0	16.997457	0	7.166924	0	0	0	0	0	0	297.846	-5.22782e-13	296.516	8.49237e-09	1.04857e-09	0	34	26657765	26657765
7.169	16.008284	-45.3266	12.832	0	0	0	86547482	2	0	0	0	296.48422	16.010549	8.436036e-09	1.043681e-09	-1790.667	7.7091023e+08	5.7614755e+08	2.0118806	9.0719974	1.8293629	7287	283	349	74	101	2619	7	0	0	16.997457	0	7.1680138	0	0	0	0	0	0	297.846	-5.22782e-13	296.489	8.43817e-09	1.04729e-09	0	35	26472528	26472528
7.1695	16.007139	-45.3297	12.832	0	0	0	86547486	2	0	0	0	296.45337	16.010549	8.399578e-09	1.04016e-09	-1790.667	7.7091023e+08	5.7423186e+08	2.012233	8.8397558	1.8343565	7107	289	344	81	102	2584	7	0	0	16.997457	0	7.1680138	0	0	0	0	0	0	297.846	-5.22782e-13	296.465	8.41308e-09	1.04129e-09	0	34	26356674	26356674
7.17	16.005994	-45.3329	12.8319	0	0	0	86547491	2	0	0	0	296.65384	16.008049	8.369931e-09	1.038309e-09	-1790.667	7.7091023e+08	5.7323797e+08	2.0121597	8.2013213	1.847136	7057	242	362	70	85	2586	5	0	0	16.997457	0	7.169104	0	0	0	0	0	0	297.846	-5.22782e-13	296.435	8.31945e-09	1.03949e-09	0	40	26262204	26262204
7.1705	16.004849	-45.3361	12.8318	0	0	0	86547494	2	0	0	0	296.62922	16.008049	8.435052e-09	1.044745e-09	-1790.667	7.7091023e+08	5.7681937e+08	2.0122198	8.7143401	1.8368682	7180	303	287	78	88	2655	10	0	0	16.997457	0	7.169104	0	0	0	0	0	0	297.846	-5.22782e-13	296.634	8.41027e-09	1.0406e-09	0	46	26465080	26465080
7.171	16.003704	-45.3392	12.8317	0	0	0	86547498	2	0	0	0	296.59865	16.005549	8.466866e-09	1.045759e-09	-1790.667	7.7091023e+08	5.7740741e+08	2.0118966	8.9045688	1.8327459	7277	255	342	97	125	2677	6	0	0	16.997457	0	7.1701945	0	0	0	0	0	0	297.846	-5.22782e-13	296.606	8.46139e-09	1.04696e-09	0	44	26563438	26563438
7.1715	16.002554	-45.3424	12.8316	0	0	0	86547501	2	0	0	0	296.57589	16.005549	8.507435e-09	1.05336e-09	-1790.667	7.7091023e+08	5.8163266e+08	2.0119738	9.4220394	1.8224048	7385	256	374	87	106	2721	8	0	0	16.997457	0	7.1701945	0	0	0	0	0	0	297.846	-5.22782e-13	296.58	8.49311e-09	1.04851e-09	0	39	26689251	26689251
7.172	16.001409	-45.3455	12.8315	0	0	0	86547505	2	0	0	0	296.5434	16.003049	8.50655e-09	1.051539e-09	-1790.667	7.7091023e+08	5.8065553e+08	2.0120486	8.8453846	1.8340752	7306	243	365	79	97	2654	8	0	0	16.997457	0	7.1712853	0	0	0	0	0	0	297.846	-5.22782e-13	296.552	8.47993e-09	1.05014e-09	0	35	26685010	26685010
7.1725	16.000264	-45.3487	12.8314	0	0	0	86547508	2	0	0	0	296.52299	16.003049	8.492243e-09	1.04864e-09	-1790.667	7.7091023e+08	5.7908301e+08	2.011999	9.1822231	1.8272528	7345	282	339	91	87	2753	4	0	0	16.997457	0	7.1712853	0	0	0	0	0	0	297.846	-5.22782e-13	296.526	8.49337e-09	1.05222e-09	0	39	26638666	26638666
7.173	15.999119	-45.3519	12.8313	0	0	0	86547512	2	0	0	0	296.49208	16.000549	8.48631e-09	1.053786e-09	-1790.667	7.7091023e+08	5.819532e+08	2.0120032	8.5633263	1.8397088	7536	286	379	89	108	2692	5	0	0	16.997457	0	7.1723765	0	0	0	0	0	0	297.846	-5.22782e-13	296.503	8.47389e-09	1.05038e-09	0	39	26618595	26618595
7.1735	15.997974	-45.355	12.8313	0	0	0	86547515	2	0	0	0	296.47021	16.000549	8.40399e-09	1.049775e-09	-1790.667	7.7091023e+08	5.7976648e+08	2.0120758	8.5994532	1.8390483	7323	287	358	78	89	2713	6	0	0	16.997457	0	7.1723765	0	0	0	0	0	0	297.846	-5.22782e-13	296.473	8.42555e-09	1.04886e-09	0	39	26358939	26358939
7.174	15.996829	-45.3582	12.8312	0	0	0	86547518	2	0	0	0	296.43938	16.000549	8.472739e-09	1.049576e-09	-1790.667	7.7091023e+08	5.7968493e+08	2.0121632	9.3462638	1.8241011	7407	274	365	100	116	2652	7	0	0	16.997457	0	7.1723765	0	0	0	0	0	0	297.846	-5.22782e-13	296.451	8.45502e-09	1.04929e-09	0	44	26573111	26573111
7.1745	15.995684	-45.3614	12.8311	0	0	0	86547522	2	0	0	0	296.68314	15.998049	8.505193e-09	1.048173e-09	-1790.667	7.7091023e+08	5.7893838e+08	2.0121254	8.6576392	1.8379229	7474	257	353	93	102	2889	6	0	0	16.997457	0	7.173468	0	0	0	0	0	0	297.846	-5.22782e-13	296.603	8.49593e-09	1.0444e-09	0	49	26673433	26673433
7.175	15.994539	-45.3645	12.831	0	0	0	86547525	2	0	0	0	296.65992	15.998049	8.475556e-09	1.049626e-09	-1790.667	7.7091023e+08	5.7976929e+08	2.0121728	9.0093415	1.8308893	7435	314	375	88	103	2742	4	0	0	16.997457	0	7.173468	0	0	0	0	0	0	297.846	-5.22782e-13	296.664	8.49107e-09	1.05233e-09	0	30	26579029	26579029
7.1755	15.993394	-45.3677	12.8309	0	0	0	86547529	2	0	0	0	296.63039	15.995549	8.473616e-09	1.054346e-09	-1790.667	7.7091023e+08	5.8240493e+08	2.012055	8.9277081	1.8324246	7427	271	321	73	100	2849	6	0	0	16.997457	0	7.1745599	0	0	0	0	0	0	297.846	-5.22782e-13	296.642	8.49456e-09	1.05305e-09	0	34	26571487	26571487
7.176	15.992254	-45.3708	12.8308	0	0	0	86547532	2	0	0	0	296.60856	15.995549	8.487945e-09	1.046272e-09	-1790.667	7.7091023e+08	5.7797327e+08	2.0121171	8.9037998	1.8329622	7470	268	331	77	97	2814	8	0	0	16.997457	0	7.1745599	0	0	0	0	0	0	297.846	-5.22782e-13	296.612	8.48423e-09	1.05008e-09	0	53	26614960	26614960
7.1765	15.991109	-45.374	12.8307	0	0	0	86547536	2	0	0	0	296.57555	15.993049	8.449835e-09	1.051404e-09	-1790.667	7.7091023e+08	5.808367e+08	2.0119155	8.9306016	1.8322394	7342	285	365	86	106	2670	8	0	0	16.997457	0	7.1756521	0	0	0	0	0	0	297.846	-5.22782e-13	296.588	8.43262e-09	1.04895e-09	0	30	26494009	26494009
7.177	15.989964	-45.3772	12.8307	0	0	0	86547539	2	0	0	0	296.55465	15.993049	8.431861e-09	1.045064e-09	-1790.667	7.7091023e+08	5.7736252e+08	2.0117923	8.8490247	1.8337683	7289	295	373	86	84	2751	5	0	0	16.997457	0	7.1756521	0	0	0	0	0	0	297.846	-5.22782e-13	296.563	8.43534e-09	1.048e-09	0	32	26436203	26436203
7.1775	15.988819	-45.3803	12.8306	0	0	0	86547542	2	0	0	0	296.5311	15.990549	8.409213e-09	1.046526e-09	-1790.667	7.7091023e+08	5.7819856e+08	2.011897	8.6791085	1.8372822	7387	292	353	78	98	2651	11	0	0	16.997457	0	7.1767447	0	0	0	0	0	0	297.846	-5.22782e-13	296.535	8.39537e-09	1.04433e-09	0	38	26363749	26363749
7.178	15.987674	-45.3835	12.8305	0	0	0	86547546	2	0	0	0	296.50067	15.990549	8.413661e-09	1.043912e-09	-1790.667	7.7091023e+08	5.7678262e+08	2.0118115	9.116528	1.8284042	7448	291	353	67	91	2807	6	0	0	16.997457	0	7.1767447	0	0	0	0	0	0	297.846	-5.22782e-13	296.509	8.39876e-09	1.04509e-09	0	56	26376248	26376248
7.1785	15.986534	-45.3866	12.8304	0	0	0	86547549	2	0	0	0	296.47788	15.988049	8.487856e-09	1.045532e-09	-1790.667	7.7091023e+08	5.7770603e+08	2.0121584	8.8085789	1.8349158	7314	281	349	77	91	2747	4	0	0	16.997457	0	7.1778376	0	0	0	0	0	0	297.846	-5.22782e-13	296.482	8.45054e-09	1.04482e-09	0	37	26607386	26607386
7.179	15.985389	-45.3898	12.8303	0	0	0	86547553	2	0	0	0	296.69497	15.988049	8.448744e-09	1.043569e-09	-1790.667	7.7091023e+08	5.7664966e+08	2.0054221	8.8358058	1.8282269	7360	264	343	86	90	2766	6	0	0	16.997457	0	7.1778376	0	0	0	0	0	0	297.846	-5.22782e-13	296.704	8.43692e-09	1.04434e-09	0	43	26483327	26483327
7.1795	15.984249	-45.393	12.8302	0	0	0	86547556	2	0	0	0	296.67058	15.988049	8.388753e-09	1.042288e-09	-1790.667	7.7091023e+08	5.7597007e+08	2.0120835	8.7872297	1.8352771	7557	288	359	82	87	2858	10	0	0	16.997457	0	7.1778376	0	0	0	0	0	0	297.846	-5.22782e-13	296.676	8.38991e-09	1.04347e-09	0	30	26293839	26293839
7.18	15.983104	-45.3961	12.8301	0	0	0	86547560	2	0	0	0	296.64123	15.985549	8.381239e-09	1.043729e-09	-1790.667	7.7091023e+08	5.7679467e+08	2.012169	8.4624941	1.8418893	7511	270	366	78	95	2878	8	0	0	16.997457	0	7.1789309	0	0	0	0	0	0	297.846	-5.22782e-13	296.652	8.37233e-09	1.04318e-09	0	38	26268847	26268847
7.1805	15.981959	-45.3993	12.8301	0	0	0	86547563	2	0	0	0	296.619	15.985549	8.373821e-09	1.040394e-09	-1790.667	7.7091023e+08	5.7497988e+08	2.0120042	9.021866	1.8304838	7425	282	346	79	116	2814	11	0	0	16.997457	0	7.1789309	0	0	0	0	0	0	297.846	-5.22782e-13	296.622	8.35898e-09	1.04204e-09	0	29	26244159	26244159
7.181	15.980819	-45.4024	12.83	0	0	0	86547566	2	0	0	0	296.58673	15.983049	8.32059e-09	1.045146e-09	-1790.667	7.7091023e+08	5.7763446e+08	2.0118592	8.8646999	1.8335139	7458	283	376	98	78	2831	4	0	0	16.997457	0	7.1800245	0	0	0	0	0	0	297.846	-5.22782e-13	296.597	8.32242e-09	1.0423e-09	0	38	26075901	26075901
7.1815	15.979674	-45.4056	12.8299	0	0	0	86547570	2	0	0	0	296.5643	15.983049	8.361486e-09	1.042226e-09	-1790.667	7.7091023e+08	5.7604892e+08	2.012048	9.1067887	1.828815	7629	303	364	94	91	2858	11	0	0	16.997457	0	7.1800245	0	0	0	0	0	0	297.846	-5.22782e-13	296.572	8.35391e-09	1.04331e-09	0	51	26202629	26202629
7.182	15.978534	-45.4088	12.8298	0	0	0	86547573	2	0	0	0	296.54082	15.980549	8.340788e-09	1.040711e-09	-1790.667	7.7091023e+08	5.7523982e+08	2.0120006	8.6606573	1.8377482	7572	277	305	70	123	2863	4	0	0	16.997457	0	7.1811185	0	0	0	0	0	0	297.846	-5.22782e-13	296.544	8.36699e-09	1.04172e-09	0	45	26136336	26136336
7.1825	15.977394	-45.4119	12.8297	0	0	0	86547577	2	0	0	0	296.50875	15.980549	8.366019e-09	1.041339e-09	-1790.667	7.7091023e+08	5.7561522e+08	2.0120077	8.8873935	1.8331926	7525	315	346	83	92	2800	6	0	0	16.997457	0	7.1811185	0	0	0	0	0	0	297.846	-5.22782e-13	296.521	8.35855e-09	1.04332e-09	0	42	26213963	26213963
7.183	15.976249	-45.4151	12.8296	0	0	0	86547580	2	0	0	0	296.48684	15.978049	8.352313e-09	1.036369e-09	-1790.667	7.7091023e+08	5.7289614e+08	2.0118192	8.8609633	1.8335526	7462	272	324	80	83	2882	5	0	0	16.997457	0	7.1822128	0	0	0	0	0	0	297.846	-5.22782e-13	296.491	8.35562e-09	1.04015e-09	0	46	26169583	26169583
7.1835	15.975109	-45.4183	12.8295	0	0	0	86547584	2	0	0	0	296.45836	15.978049	8.376741e-09	1.047246e-09	-1790.667	7.7091023e+08	5.7893732e+08	2.0118102	8.8061586	1.834647	7474	301	337	89	103	2872	13	0	0	16.997457	0	7.1822128	0	0	0	0	0	0	297.846	-5.22782e-13	296.469	8.36969e-09	1.04354e-09	0	47	26244684	26244684
7.184	15.973969	-45.4214	12.8294	0	0	0	86547587	2	0	0	0	296.43277	15.975549	8.335793e-09	1.038032e-09	-1790.667	7.7091023e+08	5.7387187e+08	2.0121293	8.8764078	1.8335245	7581	273	343	81	98	2962	6	0	0	16.997457	0	7.1833074	0	0	0	0	0	0	297.846	-5.22782e-13	296.437	8.34303e-09	1.04124e-09	0	37	26114962	26114962
7.1845	15.972824	-45.4246	12.8294	0	0	0	86547590	2	0	0	0	296.66862	15.975549	8.29661e-09	1.039009e-09	-1790.667	7.7091023e+08	5.7444025e+08	2.0122765	8.9160074	1.8328618	7453	283	346	75	109	2870	7	0	0	16.997457	0	7.1833074	0	0	0	0	0	0	297.846	-5.22782e-13	296.413	8.29289e-09	1.02844e-09	0	41	25990784	25990784
7.185	15.971684	-45.4277	12.8293	0	0	0	86547594	2	0	0	0	296.64637	15.975549	8.300162e-09	1.028937e-09	-1790.667	7.7091023e+08	5.6889971e+08	2.0120032	8.9850195	1.8312243	7456	289	350	72	102	2785	13	0	0	16.997457	0	7.1833074	0	0	0	0	0	0	297.846	-5.22782e-13	296.65	8.28004e-09	1.03526e-09	0	42	26000488	26000488
7.1855	15.970544	-45.4309	12.8292	0	0	0	86547597	2	0	0	0	296.62461	15.973049	8.282207e-09	1.038554e-09	-1790.667	7.7091023e+08	5.7424521e+08	2.012103	8.7075461	1.8368982	7557	239	342	88	107	2883	6	0	0	16.997457	0	7.1844024	0	0	0	0	0	0	297.846	-5.22782e-13	296.628	8.29798e-09	1.03698e-09	0	43	25942824	25942824
7.186	15.969404	-45.4341	12.8291	0	0	0	86547601	2	0	0	0	296.59329	15.973049	8.268955e-09	1.031498e-09	-1790.667	7.7091023e+08	5.7037183e+08	2.012049	8.7629836	1.8357334	7598	277	348	75	102	2919	6	0	0	16.997457	0	7.1844024	0	0	0	0	0	0	297.846	-5.22782e-13	296.602	8.26548e-09	1.03586e-09	0	59	25899896	25899896
7.1865	15.968259	-45.4372	12.829	0	0	0	86547604	2	0	0	0	296.57141	15.970549	8.20982e-09	1.026784e-09	-1790.667	7.7091023e+08	5.6779316e+08	2.0118541	9.3806724	1.8231286	7509	274	354	92	96	2911	5	0	0	16.997457	0	7.1854978	0	0	0	0	0	0	297.846	-5.22782e-13	296.575	8.22049e-09	1.02948e-09	0	32	25713267	25713267
7.187	15.967119	-45.4404	12.8289	0	0	0	86547608	2	0	0	0	296.53865	15.970549	8.136464e-09	1.022215e-09	-1790.667	7.7091023e+08	5.6529443e+08	2.0121104	9.3524729	1.8239283	7479	263	334	79	100	2812	7	0	0	16.997457	0	7.1854978	0	0	0	0	0	0	297.846	-5.22782e-13	296.551	8.15837e-09	1.02043e-09	0	42	25482121	25482121
7.1875	15.965979	-45.4435	12.8288	0	0	0	86547612	2	0	0	0	296.50919	15.968049	8.151925e-09	1.018005e-09	-1790.667	7.7091023e+08	5.62994e+08	2.0122432	8.2504858	1.8462234	7481	299	358	97	91	2801	7	0	0	16.997457	0	7.1865935	0	0	0	0	0	0	297.846	-5.22782e-13	296.521	8.13671e-09	1.02293e-09	0	47	25529145	25529145
7.188	15.964839	-45.4467	12.8288	0	0	0	86547615	2	0	0	0	296.48451	15.968049	8.143196e-09	1.022077e-09	-1790.667	7.7091023e+08	5.6527382e+08	2.0118352	8.7246749	1.8363091	7481	268	344	91	96	2901	10	0	0	16.997457	0	7.1865935	0	0	0	0	0	0	297.846	-5.22782e-13	296.489	8.11685e-09	1.02068e-09	0	34	25500414	25500414
7.1885	15.963699	-45.4499	12.8287	0	0	0	86547619	2	0	0	0	296.45579	15.965549	8.128417e-09	1.027825e-09	-1790.667	7.7091023e+08	5.6848086e+08	2.0122147	9.1941202	1.8272093	7434	280	350	83	72	2846	6	0	0	16.997457	0	7.1876895	0	0	0	0	0	0	297.846	-5.22782e-13	296.466	8.14652e-09	1.02397e-09	0	35	25452741	25452741
7.189	15.962559	-45.453	12.8286	0	0	0	86547622	2	0	0	0	296.66122	15.965549	8.136055e-09	1.020577e-09	-1790.667	7.7091023e+08	5.6449989e+08	2.0122672	8.863316	1.8339136	7449	264	342	111	95	2810	6	0	0	16.997457	0	7.1876895	0	0	0	0	0	0	297.846	-5.22782e-13	296.666	8.13832e-09	1.01668e-09	0	36	25475265	25475265
7.1895	15.961419	-45.4562	12.8285	0	0	0	86547626	2	0	0	0	296.63127	15.963049	8.138517e-09	1.026578e-09	-1790.667	7.7091023e+08	5.6784716e+08	2.0119571	9.2964049	1.8249174	7531	272	375	88	96	2809	9	0	0	16.997457	0	7.1887859	0	0	0	0	0	0	297.846	-5.22782e-13	296.643	8.11851e-09	1.02061e-09	0	37	25481580	25481580
7.19	15.960279	-45.4594	12.8284	0	0	0	86547629	2	0	0	0	296.60785	15.963049	8.136812e-09	1.016772e-09	-1790.667	7.7091023e+08	5.6245076e+08	2.0120608	8.5812278	1.8394013	7634	270	336	86	103	2864	5	0	0	16.997457	0	7.1887859	0	0	0	0	0	0	297.846	-5.22782e-13	296.612	8.11174e-09	1.02164e-09	0	41	25474849	25474849
7.1905	15.959139	-45.4625	12.8283	0	0	0	86547632	2	0	0	0	296.58484	15.960549	8.109463e-09	1.021306e-09	-1790.667	7.7091023e+08	5.6498673e+08	2.0119126	8.845569	1.8339475	7503	273	339	78	109	2790	7	0	0	16.997457	0	7.1898826	0	0	0	0	0	0	297.846	-5.22782e-13	296.589	8.11501e-09	1.0215e-09	0	36	25387836	25387836
7.191	15.958004	-45.4657	12.8282	0	0	0	86547636	2	0	0	0	296.55576	15.960549	8.151623e-09	1.016385e-09	-1790.667	7.7091023e+08	5.6229218e+08	2.0118323	8.9442206	1.8318896	7515	310	343	80	97	2902	6	0	0	16.997457	0	7.1898826	0	0	0	0	0	0	297.846	-5.22782e-13	296.562	8.11386e-09	1.02165e-09	0	36	25518429	25518429
7.1915	15.956864	-45.4688	12.8282	0	0	0	86547639	2	0	0	0	296.53162	15.960549	8.040843e-09	1.014058e-09	-1790.667	7.7091023e+08	5.6103252e+08	2.0122112	9.3726146	1.8236144	7329	316	314	88	79	2828	3	0	0	16.997457	0	7.1898826	0	0	0	0	0	0	297.846	-5.22782e-13	296.535	8.06438e-09	1.01594e-09	0	44	25170259	25170259
7.192	15.955724	-45.472	12.8281	0	0	0	86547643	2	0	0	0	296.5011	15.958049	8.119883e-09	1.02207e-09	-1790.667	7.7091023e+08	5.6549313e+08	2.0121238	8.9718692	1.8315987	7313	272	341	87	99	2799	7	0	0	16.997457	0	7.1909797	0	0	0	0	0	0	297.846	-5.22782e-13	296.513	8.11403e-09	1.01809e-09	0	43	25416289	25416289
