# Scan number: 14
# Command: ascan monoE 7.092 7.192 100 2
# Date: Fri Jul 26 18:16:23 2024
# date: Fri Jul 26 18:16:23 2024
# C Fri Jul 26 18: 26:52 2024.  do ./2023-07_EXAFS.mac.
monoE	monobr	cr2latr	cr2vetr	H	K	L	Epoch	sec	no1	no2	izero	RCur	enc_det	K1_1	K1_2	"Counter 8"	"Counter 9"	ionch1	mcaRt	mcaDt	mcaLt	mca	roi1	roi2	roi3	roi4	roi5	roi6	ctm	ctran	LST1	LST2	E_det	mcaLt1	mcaLt2	mcaLt3	mcaLt4	mcaLt5	mcaLt6	mcaLt7	mcaLt8	AS_RC	AS_DM	AS_IC	AS_IC1	cyber	diode1	diode1
7.092	16.186844	-44.8397	12.8456	0	0	0	86580467	2	0	0	0	297.26611	16.190451	1.401754e-08	1.451044e-09	-1790.667	7.7091023e+08	7.9515492e+08	2.0118502	7.8777713	1.8533613	4661	121	268	45	124	151	2	0	0	16.997457	0	7.0904616	0	0	0	0	0	0	297.846	-5.22782e-13	297.27	1.40205e-08	1.45039e-09	0	36	44364270	44364270
7.093	16.184499	-44.8461	12.8454	0	0	0	86580471	2	0	0	0	297.237	16.187951	1.394373e-08	1.449521e-09	-1790.667	7.7091023e+08	7.9439461e+08	2.0119594	8.3240489	1.8444829	4556	123	294	65	133	144	1	0	0	16.997457	0	7.0915273	0	0	0	0	0	0	297.846	-5.22782e-13	297.241	1.39635e-08	1.45021e-09	0	27	44125740	44125740
7.094	16.182154	-44.8524	12.8452	0	0	0	86580475	2	0	0	0	297.19936	16.185451	1.393864e-08	1.447523e-09	-1790.667	7.7091023e+08	7.9337385e+08	2.012249	8.3156311	1.8449178	4674	136	272	52	135	145	0	0	0	16.997457	0	7.0925934	0	0	0	0	0	0	297.846	-5.22782e-13	297.212	1.39586e-08	1.44988e-09	0	34	44104707	44104707
7.095	16.179809	-44.8587	12.8451	0	0	0	86580480	2	0	0	0	297.1711	16.182951	1.388504e-08	1.448337e-09	-1790.667	7.7091023e+08	7.9389431e+08	2.0118614	7.5241603	1.8604858	4612	120	266	51	120	155	1	0	0	16.997457	0	7.0936598	0	0	0	0	0	0	297.846	-5.22782e-13	297.182	1.38554e-08	1.44888e-09	0	35	43930202	43930202
7.096	16.177469	-44.865	12.8449	0	0	0	86580484	2	0	0	0	297.14111	16.180451	1.374026e-08	1.44683e-09	-1790.667	7.7091023e+08	7.9314254e+08	2.0119174	7.4222052	1.8625888	4583	114	260	52	144	133	0	0	0	16.997457	0	7.0947265	0	0	0	0	0	0	297.846	-5.22782e-13	297.148	1.37649e-08	1.44689e-09	0	24	43467288	43467288
7.097	16.175124	-44.8714	12.8447	0	0	0	86580488	2	0	0	0	297.11099	16.177951	1.370819e-08	1.447239e-09	-1790.667	7.7091023e+08	7.9344111e+08	2.012041	7.6575777	1.8579674	4726	114	291	58	150	140	2	0	0	16.997457	0	7.0957936	0	0	0	0	0	0	297.846	-5.22782e-13	297.115	1.37001e-08	1.44733e-09	0	39	43360996	43360996
7.098	16.172784	-44.8777	12.8445	0	0	0	86580492	2	0	0	0	297.08027	16.175451	1.357813e-08	1.447171e-09	-1790.667	7.7091023e+08	7.9347823e+08	2.0121299	7.3696394	1.8638432	4575	141	264	44	154	130	1	0	0	16.997457	0	7.096861	0	0	0	0	0	0	297.846	-5.22782e-13	297.084	1.36308e-08	1.44714e-09	0	51	42944806	42944806
7.099	16.170444	-44.884	12.8443	0	0	0	86580496	2	0	0	0	297.05013	16.172951	1.355311e-08	1.447777e-09	-1790.667	7.7091023e+08	7.9388498e+08	2.0120746	7.8260161	1.8546093	4595	125	258	50	129	162	1	0	0	16.997457	0	7.0979287	0	0	0	0	0	0	297.846	-5.22782e-13	297.055	1.34655e-08	1.4456e-09	0	27	42860892	42860892
7.1	16.168104	-44.8903	12.8442	0	0	0	86580500	2	0	0	0	297.02221	16.170451	1.356293e-08	1.445603e-09	-1790.667	7.7091023e+08	7.9276729e+08	2.0121574	7.4689821	1.8618698	4685	140	245	59	129	131	1	0	0	16.997457	0	7.0989967	0	0	0	0	0	0	297.846	-5.22782e-13	297.025	1.35702e-08	1.44429e-09	0	30	42887164	42887164
7.101	16.165764	-44.8966	12.844	0	0	0	86580506	2	0	0	0	296.96761	16.167951	1.352707e-08	1.441821e-09	-1790.667	7.7091023e+08	7.9076752e+08	2.0120784	8.3063483	1.8449482	4663	142	269	55	141	123	1	0	0	16.997457	0	7.1000651	0	0	0	0	0	0	297.846	-5.22782e-13	296.996	1.35399e-08	1.44372e-09	0	18	42769003	42769003
7.102	16.163424	-44.903	12.8438	0	0	0	86580511	2	0	0	0	296.94023	16.165451	1.351894e-08	1.443153e-09	-1790.667	7.7091023e+08	7.9157245e+08	2.0122755	8.288853	1.845481	4667	137	265	50	135	142	2	0	0	16.997457	0	7.1011339	0	0	0	0	0	0	297.846	-5.22782e-13	296.95	1.35048e-08	1.44256e-09	0	28	42738534	42738534
7.103	16.161089	-44.9093	12.8436	0	0	0	86580515	2	0	0	0	296.90807	16.165451	1.347363e-08	1.443698e-09	-1790.667	7.7091023e+08	7.9194586e+08	2.0120467	7.8139736	1.8548259	4563	123	285	50	140	153	2	0	0	16.997457	0	7.1011339	0	0	0	0	0	0	297.846	-5.22782e-13	296.92	1.34825e-08	1.44305e-09	0	41	42590545	42590545
7.104	16.158749	-44.9156	12.8435	0	0	0	86580519	2	0	0	0	296.88027	16.162951	1.357102e-08	1.44377e-09	-1790.667	7.7091023e+08	7.9205988e+08	2.0122461	7.4159677	1.8630186	4596	143	261	61	144	143	0	0	0	16.997457	0	7.1022029	0	0	0	0	0	0	297.846	-5.22782e-13	296.885	1.35784e-08	1.44187e-09	0	27	42893618	42893618
7.105	16.156414	-44.9219	12.8433	0	0	0	86580523	2	0	0	0	296.85032	16.160451	1.340289e-08	1.441185e-09	-1790.667	7.7091023e+08	7.9071617e+08	2.0119254	7.8157171	1.854679	4640	151	246	48	129	144	2	0	0	16.997457	0	7.1032723	0	0	0	0	0	0	297.846	-5.22782e-13	296.854	1.34098e-08	1.44117e-09	0	29	42357495	42357495
7.106	16.154079	-44.9283	12.8431	0	0	0	86580527	2	0	0	0	296.82007	16.157951	1.329742e-08	1.440288e-09	-1790.667	7.7091023e+08	7.9029847e+08	2.0119706	7.9679098	1.8516586	4509	135	238	44	119	151	3	0	0	16.997457	0	7.1043421	0	0	0	0	0	0	297.846	-5.22782e-13	296.824	1.32885e-08	1.43875e-09	0	30	42019495	42019495
7.107	16.151744	-44.9346	12.8429	0	0	0	86580531	2	0	0	0	296.79125	16.155451	1.321318e-08	1.436955e-09	-1790.667	7.7091023e+08	7.8854395e+08	2.0119414	8.0413633	1.8501539	4631	133	271	55	130	151	1	0	0	16.997457	0	7.1054122	0	0	0	0	0	0	297.846	-5.22782e-13	296.794	1.3225e-08	1.44123e-09	0	28	41748650	41748650
7.108	16.149409	-44.9409	12.8427	0	0	0	86580535	2	0	0	0	296.76257	16.152951	1.330217e-08	1.437659e-09	-1790.667	7.7091023e+08	7.8900468e+08	2.011775	8.1907051	1.8469965	4691	154	275	59	128	167	1	0	0	16.997457	0	7.1064826	0	0	0	0	0	0	297.846	-5.22782e-13	296.765	1.33017e-08	1.4382e-09	0	41	42025146	42025146
7.109	16.147074	-44.9472	12.8426	0	0	0	86580539	2	0	0	0	296.72485	16.150451	1.302979e-08	1.43795e-09	-1790.667	7.7091023e+08	7.8923886e+08	2.0122061	8.194612	1.8473136	4586	147	282	50	111	146	1	0	0	16.997457	0	7.1075533	0	0	0	0	0	0	297.846	-5.22782e-13	296.736	1.30128e-08	1.43788e-09	0	32	41160042	41160042
7.11	16.144739	-44.9535	12.8424	0	0	0	86580544	2	0	0	0	296.69458	16.147951	1.283896e-08	1.434454e-09	-1790.667	7.7091023e+08	7.8739437e+08	2.0119878	7.6950127	1.8571651	4628	150	281	50	118	143	1	0	0	16.997457	0	7.1086244	0	0	0	0	0	0	297.846	-5.22782e-13	296.705	1.28795e-08	1.43602e-09	0	26	40552713	40552713
7.111	16.142409	-44.9599	12.8422	0	0	0	86580548	2	0	0	0	296.66542	16.145451	1.278998e-08	1.435154e-09	-1790.667	7.7091023e+08	7.8785303e+08	2.011841	7.7948905	1.8550202	4540	150	244	43	144	165	2	0	0	16.997457	0	7.1096958	0	0	0	0	0	0	297.846	-5.22782e-13	296.673	1.27814e-08	1.43462e-09	0	31	40393512	40393512
7.112	16.140074	-44.9662	12.842	0	0	0	86580552	2	0	0	0	296.63775	16.142951	1.266204e-08	1.434739e-09	-1790.667	7.7091023e+08	7.8769966e+08	2.0119389	7.2734615	1.8656013	4667	142	254	49	114	206	2	0	0	16.997457	0	7.1107676	0	0	0	0	0	0	297.846	-5.22782e-13	296.641	1.26413e-08	1.43176e-09	0	25	39985002	39985002
7.113	16.137744	-44.9725	12.8419	0	0	0	86580556	2	0	0	0	296.6086	16.140451	1.249656e-08	1.427399e-09	-1790.667	7.7091023e+08	7.8374398e+08	2.0121338	7.5461703	1.8602947	4778	147	253	55	119	228	1	0	0	16.997457	0	7.1118397	0	0	0	0	0	0	297.846	-5.22782e-13	296.612	1.24872e-08	1.42801e-09	0	34	39458051	39458051
7.114	16.135414	-44.9788	12.8417	0	0	0	86580560	2	0	0	0	296.57682	16.137951	1.231807e-08	1.427804e-09	-1790.667	7.7091023e+08	7.8404055e+08	2.0118531	7.7671833	1.8555888	4764	133	276	41	142	283	1	0	0	16.997457	0	7.1129121	0	0	0	0	0	0	297.846	-5.22782e-13	296.58	1.23138e-08	1.42667e-09	0	27	38890142	38890142
7.115	16.133084	-44.9852	12.8415	0	0	0	86580564	2	0	0	0	296.54838	16.135451	1.213629e-08	1.423654e-09	-1790.667	7.7091023e+08	7.8183571e+08	2.012079	8.1281896	1.8485334	4762	144	286	53	128	300	0	0	0	16.997457	0	7.1139849	0	0	0	0	0	0	297.846	-5.22782e-13	296.551	1.214e-08	1.42305e-09	0	21	38311974	38311974
7.116	16.130754	-44.9915	12.8413	0	0	0	86580568	2	0	0	0	296.50938	16.132951	1.201171e-08	1.42148e-09	-1790.667	7.7091023e+08	7.8071576e+08	2.0053254	7.7328177	1.8502573	4723	139	270	47	106	318	1	0	0	16.997457	0	7.115058	0	0	0	0	0	0	297.846	-5.22782e-13	296.521	1.2001e-08	1.42244e-09	0	24	37914485	37914485
7.117	16.128429	-44.9978	12.8411	0	0	0	86580573	2	0	0	0	296.47917	16.130451	1.185031e-08	1.419364e-09	-1790.667	7.7091023e+08	7.7962749e+08	2.0118323	7.9697457	1.8514944	4846	139	265	60	114	325	2	0	0	16.997457	0	7.1161314	0	0	0	0	0	0	297.846	-5.22782e-13	296.49	1.18603e-08	1.41749e-09	0	34	37400876	37400876
7.118	16.126099	-45.0041	12.841	0	0	0	86580577	2	0	0	0	296.4517	16.130451	1.158031e-08	1.414158e-09	-1790.667	7.7091023e+08	7.7684162e+08	2.0122582	8.2070739	1.8471107	4923	100	274	39	114	353	1	0	0	16.997457	0	7.1161314	0	0	0	0	0	0	297.846	-5.22782e-13	296.463	1.15981e-08	1.41457e-09	0	23	36544667	36544667
7.119	16.123774	-45.0104	12.8408	0	0	0	86580581	2	0	0	0	296.7578	16.127951	1.150608e-08	1.414318e-09	-1790.667	7.7091023e+08	7.7700325e+08	2.0122627	7.6875051	1.8575699	4994	155	255	50	129	391	3	0	0	16.997457	0	7.1172052	0	0	0	0	0	0	297.846	-5.22782e-13	296.593	1.14929e-08	1.41201e-09	0	41	36306382	36306382
7.12	16.121449	-45.0168	12.8406	0	0	0	86580585	2	0	0	0	296.72923	16.125451	1.141691e-08	1.413927e-09	-1790.667	7.7091023e+08	7.768622e+08	2.0119901	7.6907417	1.8572531	4854	137	234	54	110	451	1	0	0	16.997457	0	7.1182793	0	0	0	0	0	0	297.846	-5.22782e-13	296.732	1.14227e-08	1.41375e-09	0	34	36021014	36021014
7.121	16.119119	-45.0231	12.8404	0	0	0	86580589	2	0	0	0	296.70089	16.122951	1.117218e-08	1.410898e-09	-1790.667	7.7091023e+08	7.7527161e+08	2.0120752	7.6619323	1.8579114	5011	133	234	42	123	533	2	0	0	16.997457	0	7.1193538	0	0	0	0	0	0	297.846	-5.22782e-13	296.704	1.11716e-08	1.41084e-09	0	47	35244964	35244964
7.122	16.116794	-45.0294	12.8403	0	0	0	86580593	2	0	0	0	296.66367	16.120451	1.104445e-08	1.407916e-09	-1790.667	7.7091023e+08	7.7370658e+08	2.0120912	8.5651147	1.8397533	5115	117	263	54	102	641	3	0	0	16.997457	0	7.1204286	0	0	0	0	0	0	297.846	-5.22782e-13	296.674	1.1039e-08	1.40891e-09	0	23	34838146	34838146
7.123	16.114474	-45.0357	12.8401	0	0	0	86580598	2	0	0	0	296.63261	16.117951	1.091498e-08	1.406091e-09	-1790.667	7.7091023e+08	7.7277717e+08	2.0121718	8.0463585	1.8502653	5253	171	233	53	106	752	3	0	0	16.997457	0	7.1215037	0	0	0	0	0	0	297.846	-5.22782e-13	296.644	1.09157e-08	1.40556e-09	0	31	34425931	34425931
7.124	16.112149	-45.0421	12.8399	0	0	0	86580602	2	0	0	0	296.60445	16.115451	1.082059e-08	1.406566e-09	-1790.667	7.7091023e+08	7.7311179e+08	2.0121232	8.0450581	1.8502467	5347	145	251	45	123	883	3	0	0	16.997457	0	7.1225792	0	0	0	0	0	0	297.846	-5.22782e-13	296.612	1.08147e-08	1.40602e-09	0	37	34124438	34124438
7.125	16.109824	-45.0484	12.8397	0	0	0	86580606	2	0	0	0	296.57429	16.112951	1.110553e-08	1.404374e-09	-1790.667	7.7091023e+08	7.7198047e+08	2.0120429	7.8095831	1.8549107	5445	142	266	43	133	920	2	0	0	16.997457	0	7.123655	0	0	0	0	0	0	297.846	-5.22782e-13	296.577	1.10837e-08	1.40338e-09	0	31	35019156	35019156
7.126	16.107504	-45.0547	12.8396	0	0	0	86580610	2	0	0	0	296.54254	16.110549	1.073737e-08	1.402825e-09	-1790.667	7.7091023e+08	7.7120246e+08	2.0122202	8.3627748	1.8439427	5651	126	242	44	107	1094	0	0	0	16.997457	0	7.1246891	0	0	0	0	0	0	297.846	-5.22782e-13	296.547	1.0719e-08	1.40089e-09	0	41	33854480	33854480
7.127	16.105184	-45.061	12.8394	0	0	0	86580614	2	0	0	0	296.51304	16.108049	1.061107e-08	1.400288e-09	-1790.667	7.7091023e+08	7.6988114e+08	2.011785	8.385596	1.8430848	5638	142	214	52	107	1122	4	0	0	16.997457	0	7.1257655	0	0	0	0	0	0	297.846	-5.22782e-13	296.516	1.06046e-08	1.39833e-09	0	31	33452552	33452552
7.128	16.102859	-45.0674	12.8392	0	0	0	86580618	2	0	0	0	296.47638	16.105549	1.055015e-08	1.394913e-09	-1790.667	7.7091023e+08	7.669991e+08	2.0119629	8.2061951	1.8468573	5828	135	223	41	105	1159	4	0	0	16.997457	0	7.1268423	0	0	0	0	0	0	297.846	-5.22782e-13	296.486	1.05376e-08	1.39547e-09	0	25	33256808	33256808
7.129	16.100539	-45.0737	12.839	0	0	0	86580623	2	0	0	0	298.31217	16.103049	1.03921e-08	1.40288e-09	-1790.667	7.7091023e+08	7.7145341e+08	2.0122771	8.3465562	1.8443213	5847	153	267	53	120	1205	2	0	0	16.997457	0	7.1279195	0	0	0	0	0	0	297.846	-5.22782e-13	298.322	1.0381e-08	1.40424e-09	0	34	32754963	32754963
7.13	16.098219	-45.08	12.8389	0	0	0	86580627	2	0	0	0	298.28192	16.100549	1.026696e-08	1.405693e-09	-1790.667	7.7091023e+08	7.7307411e+08	2.0120915	8.1272804	1.8485632	5832	145	230	48	111	1297	3	0	0	16.997457	0	7.128997	0	0	0	0	0	0	297.846	-5.22782e-13	298.29	1.02693e-08	1.40392e-09	0	44	32356948	32356948
7.131	16.095904	-45.0863	12.8387	0	0	0	86580631	2	0	0	0	298.25226	16.098049	1.01429e-08	1.40286e-09	-1790.667	7.7091023e+08	7.7158979e+08	2.0118371	8.6658944	1.8374934	5926	114	215	56	116	1402	3	0	0	16.997457	0	7.1300748	0	0	0	0	0	0	297.846	-5.22782e-13	298.256	1.01218e-08	1.40024e-09	0	24	31962424	31962424
7.132	16.093584	-45.0926	12.8385	0	0	0	86580635	2	0	0	0	298.22279	16.098049	9.990316e-09	1.398718e-09	-1790.667	7.7091023e+08	7.6938519e+08	2.0122531	8.7947107	1.8352813	6045	155	201	51	106	1373	2	0	0	16.997457	0	7.1300748	0	0	0	0	0	0	297.846	-5.22782e-13	298.226	9.9749e-09	1.39898e-09	0	33	31478113	31478113
7.133	16.091269	-45.099	12.8383	0	0	0	86580640	2	0	0	0	298.18496	16.095549	9.939079e-09	1.393877e-09	-1790.667	7.7091023e+08	7.6679566e+08	2.0119357	8.8231528	1.8344195	6161	153	224	46	114	1482	3	0	0	16.997457	0	7.131153	0	0	0	0	0	0	297.846	-5.22782e-13	298.196	9.90635e-09	1.39404e-09	0	22	31313205	31313205
7.134	16.088949	-45.1053	12.8381	0	0	0	86580644	2	0	0	0	298.15622	16.093049	9.915517e-09	1.391086e-09	-1790.667	7.7091023e+08	7.6533352e+08	2.0121725	8.6969562	1.8371747	5985	137	237	55	115	1366	1	0	0	16.997457	0	7.1322315	0	0	0	0	0	0	297.846	-5.22782e-13	298.163	9.92143e-09	1.39279e-09	0	58	31235514	31235514
7.135	16.086634	-45.1116	12.838	0	0	0	86580648	2	0	0	0	298.12635	16.090549	9.903847e-09	1.388043e-09	-1790.667	7.7091023e+08	7.6373248e+08	2.0118186	7.9408831	1.8520624	5854	129	237	41	118	1314	2	0	0	16.997457	0	7.1333103	0	0	0	0	0	0	297.846	-5.22782e-13	298.13	9.89874e-09	1.38853e-09	0	30	31195298	31195298
7.136	16.084319	-45.1179	12.8378	0	0	0	86580652	2	0	0	0	298.09669	16.088049	9.909797e-09	1.392635e-09	-1790.667	7.7091023e+08	7.6633252e+08	2.0120288	8.3026247	1.8449776	5863	130	241	49	101	1240	4	0	0	16.997457	0	7.1343895	0	0	0	0	0	0	297.846	-5.22782e-13	298.1	9.88594e-09	1.39358e-09	0	44	31210586	31210586
7.137	16.082004	-45.1243	12.8376	0	0	0	86580656	2	0	0	0	298.06581	16.085549	9.847206e-09	1.393344e-09	-1790.667	7.7091023e+08	7.6679617e+08	2.0119869	8.0610466	1.8497997	6025	139	233	48	107	1329	1	0	0	16.997457	0	7.135469	0	0	0	0	0	0	297.846	-5.22782e-13	298.07	9.81762e-09	1.39213e-09	0	27	31010026	31010026
7.138	16.079689	-45.1306	12.8374	0	0	0	86580660	2	0	0	0	298.03528	16.083049	9.801855e-09	1.393932e-09	-1790.667	7.7091023e+08	7.6719334e+08	2.0122435	8.4576642	1.8420547	5914	149	235	41	108	1356	4	0	0	16.997457	0	7.1365489	0	0	0	0	0	0	297.846	-5.22782e-13	298.04	9.79265e-09	1.39376e-09	0	20	30863797	30863797
7.139	16.077374	-45.1369	12.8373	0	0	0	86580665	2	0	0	0	297.99741	16.080549	9.724015e-09	1.394209e-09	-1790.667	7.7091023e+08	7.6741944e+08	2.0120429	8.1229601	1.8486054	5803	126	223	39	104	1310	3	0	0	16.997457	0	7.1376291	0	0	0	0	0	0	297.846	-5.22782e-13	298.011	9.71876e-09	1.39115e-09	0	28	30615310	30615310
7.14	16.075064	-45.1432	12.8371	0	0	0	86580669	2	0	0	0	297.96931	16.078049	9.722971e-09	1.391673e-09	-1790.667	7.7091023e+08	7.6609709e+08	2.0120458	8.2329897	1.8463942	5916	140	230	42	112	1306	3	0	0	16.997457	0	7.1387097	0	0	0	0	0	0	297.846	-5.22782e-13	297.981	9.71837e-09	1.39175e-09	0	23	30608639	30608639
7.141	16.072749	-45.1495	12.8369	0	0	0	86580673	2	0	0	0	297.93976	16.075549	9.678285e-09	1.392683e-09	-1790.667	7.7091023e+08	7.6672674e+08	2.0120397	8.7328218	1.8363318	5779	134	233	47	106	1170	5	0	0	16.997457	0	7.1397906	0	0	0	0	0	0	297.846	-5.22782e-13	297.943	9.68081e-09	1.39297e-09	0	38	30464596	30464596
7.142	16.070439	-45.1559	12.8367	0	0	0	86580677	2	0	0	0	297.90834	16.073049	9.570989e-09	1.391658e-09	-1790.667	7.7091023e+08	7.6623609e+08	2.0120211	8.2008841	1.8470176	5784	140	219	45	97	1241	1	0	0	16.997457	0	7.1408718	0	0	0	0	0	0	297.846	-5.22782e-13	297.913	9.57025e-09	1.3914e-09	0	32	30123528	30123528
7.143	16.068129	-45.1622	12.8366	0	0	0	86580681	2	0	0	0	297.88081	16.070549	9.523948e-09	1.389379e-09	-1790.667	7.7091023e+08	7.6505487e+08	2.0119715	8.7451735	1.8360211	5870	145	239	44	87	1190	3	0	0	16.997457	0	7.1419534	0	0	0	0	0	0	297.846	-5.22782e-13	297.884	9.50067e-09	1.38852e-09	0	19	29972160	29972160
7.144	16.065819	-45.1685	12.8364	0	0	0	86580687	2	0	0	0	297.83427	16.068049	9.382539e-09	1.388399e-09	-1790.667	7.7091023e+08	7.6458881e+08	2.0117974	8.0549342	1.8497485	5669	141	205	40	83	1218	2	0	0	16.997457	0	7.1430353	0	0	0	0	0	0	297.846	-5.22782e-13	297.853	9.36063e-09	1.38662e-09	0	40	29523880	29523880
7.145	16.063509	-45.1748	12.8362	0	0	0	86580691	2	0	0	0	297.79801	16.068049	9.35804e-09	1.388994e-09	-1790.667	7.7091023e+08	7.6499013e+08	2.0122195	8.1137549	1.848953	5767	118	237	52	90	1305	2	0	0	16.997457	0	7.1430353	0	0	0	0	0	0	297.846	-5.22782e-13	297.808	9.37117e-09	1.38729e-09	0	23	29443537	29443537
7.146	16.061199	-45.1812	12.836	0	0	0	86580696	2	0	0	0	297.76787	16.065549	9.38471e-09	1.388251e-09	-1790.667	7.7091023e+08	7.6465458e+08	2.0119389	7.8042132	1.8549229	5643	128	226	39	90	1202	4	0	0	16.997457	0	7.1441175	0	0	0	0	0	0	297.846	-5.22782e-13	297.779	9.4018e-09	1.38825e-09	0	16	29524190	29524190
7.147	16.058894	-45.1875	12.8359	0	0	0	86580700	2	0	0	0	297.73904	16.063049	9.257203e-09	1.383867e-09	-1790.667	7.7091023e+08	7.6231333e+08	2.0120941	8.4939169	1.8411885	5810	146	254	39	96	1216	5	0	0	16.997457	0	7.1452001	0	0	0	0	0	0	297.846	-5.22782e-13	297.746	9.24487e-09	1.38507e-09	0	37	29119839	29119839
7.148	16.056584	-45.1938	12.8357	0	0	0	86580704	2	0	0	0	297.70839	16.060549	9.141427e-09	1.387985e-09	-1790.667	7.7091023e+08	7.6465551e+08	2.0117958	8.2380844	1.8460624	5731	142	195	41	106	1195	1	0	0	16.997457	0	7.1462831	0	0	0	0	0	0	297.846	-5.22782e-13	297.712	9.13429e-09	1.38427e-09	0	28	28752476	28752476
7.149	16.054279	-45.2001	12.8355	0	0	0	86580708	2	0	0	0	297.67679	16.058049	9.168634e-09	1.388656e-09	-1790.667	7.7091023e+08	7.6509899e+08	2.0118419	8.0079612	1.8507344	5736	148	222	46	86	1206	0	0	0	16.997457	0	7.1473663	0	0	0	0	0	0	297.846	-5.22782e-13	297.681	9.17086e-09	1.38738e-09	0	42	28834868	28834868
7.15	16.051974	-45.2064	12.8353	0	0	0	86580712	2	0	0	0	297.64254	16.055549	9.12506e-09	1.388262e-09	-1790.667	7.7091023e+08	7.6495577e+08	2.0119946	7.8430908	1.854192	5668	141	257	51	92	1137	0	0	0	16.997457	0	7.14845	0	0	0	0	0	0	297.846	-5.22782e-13	297.653	9.12484e-09	1.3876e-09	0	27	28694664	28694664
7.151	16.049669	-45.2128	12.8352	0	0	0	86580717	2	0	0	0	297.61147	16.053049	9.065985e-09	1.387336e-09	-1790.667	7.7091023e+08	7.6451938e+08	2.0119251	7.9692668	1.8515894	5706	135	223	37	91	1174	1	0	0	16.997457	0	7.1495339	0	0	0	0	0	0	297.846	-5.22782e-13	297.624	9.07059e-09	1.38634e-09	0	34	28505752	28505752
7.152	16.047364	-45.2191	12.835	0	0	0	86580721	2	0	0	0	297.58056	16.050549	9.057672e-09	1.384761e-09	-1790.667	7.7091023e+08	7.6317413e+08	2.0118566	8.3557286	1.8437514	5727	132	243	39	88	1192	1	0	0	16.997457	0	7.1506182	0	0	0	0	0	0	297.846	-5.22782e-13	297.593	9.036e-09	1.38663e-09	0	32	28476473	28476473
7.153	16.045059	-45.2254	12.8348	0	0	0	86580725	2	0	0	0	297.5524	16.048049	8.875002e-09	1.385079e-09	-1790.667	7.7091023e+08	7.6342321e+08	2.0120931	8.1083802	1.848945	5658	129	219	36	88	1116	1	0	0	16.997457	0	7.1517029	0	0	0	0	0	0	297.846	-5.22782e-13	297.556	8.89876e-09	1.38426e-09	0	42	27899100	27899100
7.154	16.042754	-45.2317	12.8346	0	0	0	86580729	2	0	0	0	297.52172	16.045549	8.798061e-09	1.386363e-09	-1790.667	7.7091023e+08	7.6420487e+08	2.012201	7.9606522	1.8520166	5780	133	229	45	96	1166	0	0	0	16.997457	0	7.1527879	0	0	0	0	0	0	297.846	-5.22782e-13	297.525	8.79112e-09	1.38368e-09	0	41	27654182	27654182
7.155	16.040454	-45.2381	12.8345	0	0	0	86580733	2	0	0	0	297.49252	16.043049	8.711151e-09	1.381039e-09	-1790.667	7.7091023e+08	7.6134382e+08	2.0118368	8.6138041	1.8385411	5607	140	223	36	102	1164	1	0	0	16.997457	0	7.1538732	0	0	0	0	0	0	297.846	-5.22782e-13	297.497	8.69781e-09	1.37835e-09	0	18	27377988	27377988
7.156	16.038149	-45.2444	12.8343	0	0	0	86580737	2	0	0	0	297.46212	16.040549	8.669872e-09	1.376472e-09	-1790.667	7.7091023e+08	7.5889962e+08	2.0118928	8.1761175	1.8473981	5600	113	250	40	84	1128	6	0	0	16.997457	0	7.1549589	0	0	0	0	0	0	297.846	-5.22782e-13	297.466	8.6604e-09	1.37835e-09	0	30	27245252	27245252
7.157	16.035849	-45.2507	12.8341	0	0	0	86580742	2	0	0	0	297.4275	16.038049	8.674736e-09	1.377574e-09	-1790.667	7.7091023e+08	7.5958081e+08	2.0120589	8.419857	1.8426464	5550	140	236	50	109	1043	2	0	0	16.997457	0	7.1560449	0	0	0	0	0	0	297.846	-5.22782e-13	297.437	8.68878e-09	1.37867e-09	0	27	27257534	27257534
7.158	16.033549	-45.257	12.834	0	0	0	86580748	2	0	0	0	297.38127	16.038049	8.554245e-09	1.374572e-09	-1790.667	7.7091023e+08	7.5799904e+08	2.0121731	8.1151188	1.8488829	5664	128	266	48	100	1122	4	0	0	16.997457	0	7.1560449	0	0	0	0	0	0	297.846	-5.22782e-13	297.403	8.56486e-09	1.37423e-09	0	34	26875970	26875970
7.159	16.031249	-45.2634	12.8338	0	0	0	86580752	2	0	0	0	297.35182	16.035549	8.396466e-09	1.37295e-09	-1790.667	7.7091023e+08	7.5717806e+08	2.0119616	8.8729487	1.8334413	5635	135	209	30	90	1086	1	0	0	16.997457	0	7.1571313	0	0	0	0	0	0	297.846	-5.22782e-13	297.355	8.39995e-09	1.36962e-09	0	37	26377351	26377351
7.16	16.028949	-45.2697	12.8336	0	0	0	86580756	2	0	0	0	297.32072	16.033049	8.329035e-09	1.369177e-09	-1790.667	7.7091023e+08	7.5517057e+08	2.0120614	8.3590927	1.8438714	5560	152	257	32	86	1049	0	0	0	16.997457	0	7.158218	0	0	0	0	0	0	297.846	-5.22782e-13	297.324	8.32092e-09	1.36931e-09	0	40	26162637	26162637
7.161	16.026649	-45.276	12.8334	0	0	0	86580760	2	0	0	0	297.28975	16.030549	8.277738e-09	1.365978e-09	-1790.667	7.7091023e+08	7.5347934e+08	2.0118371	8.4892598	1.841047	5605	127	250	31	88	1079	0	0	0	16.997457	0	7.159305	0	0	0	0	0	0	297.846	-5.22782e-13	297.294	8.25214e-09	1.36606e-09	0	42	25998645	25998645
7.162	16.024354	-45.2823	12.8333	0	0	0	86580764	2	0	0	0	297.26219	16.028049	8.18553e-09	1.363299e-09	-1790.667	7.7091023e+08	7.5207468e+08	2.0119984	8.0979627	1.8490675	5515	149	233	39	92	1073	2	0	0	16.997457	0	7.1603924	0	0	0	0	0	0	297.846	-5.22782e-13	297.265	8.19698e-09	1.36377e-09	0	37	25706210	25706210
7.163	16.022054	-45.2886	12.8331	0	0	0	86580768	2	0	0	0	297.22475	16.025549	8.025484e-09	1.358401e-09	-1790.667	7.7091023e+08	7.4944553e+08	2.012191	8.4707186	1.841744	5516	143	224	37	90	1056	1	0	0	16.997457	0	7.1614802	0	0	0	0	0	0	297.846	-5.22782e-13	297.235	8.02018e-09	1.36065e-09	0	40	25200821	25200821
7.164	16.019759	-45.295	12.8329	0	0	0	86580773	2	0	0	0	297.19604	16.023049	8.092229e-09	1.36091e-09	-1790.667	7.7091023e+08	7.5090283e+08	2.0120694	8.1846718	1.8473882	5595	134	217	34	93	1085	4	0	0	16.997457	0	7.1625682	0	0	0	0	0	0	297.846	-5.22782e-13	297.207	8.08942e-09	1.36109e-09	0	31	25407612	25407612
7.165	16.017464	-45.3013	12.8327	0	0	0	86580777	2	0	0	0	297.16456	16.020549	8.011401e-09	1.362563e-09	-1790.667	7.7091023e+08	7.5188808e+08	2.0118995	7.9577413	1.8517978	5498	133	227	37	83	1086	0	0	0	16.997457	0	7.1636567	0	0	0	0	0	0	297.846	-5.22782e-13	297.172	8.00883e-09	1.35975e-09	0	45	25151066	25151066
7.166	16.015169	-45.3076	12.8326	0	0	0	86580781	2	0	0	0	297.13567	16.018049	7.995691e-09	1.359231e-09	-1790.667	7.7091023e+08	7.5012248e+08	2.0120579	7.9682	1.8517331	5577	153	253	39	79	1052	2	0	0	16.997457	0	7.1647454	0	0	0	0	0	0	297.846	-5.22782e-13	297.14	8.00656e-09	1.35882e-09	0	27	25098986	25098986
7.167	16.012874	-45.3139	12.8324	0	0	0	86580785	2	0	0	0	297.1065	16.015549	7.861463e-09	1.359227e-09	-1790.667	7.7091023e+08	7.5019337e+08	2.0119347	8.1944289	1.8470682	5488	138	252	38	94	1076	2	0	0	16.997457	0	7.1658346	0	0	0	0	0	0	297.846	-5.22782e-13	297.11	7.83654e-09	1.3572e-09	0	35	24674924	24674924
7.168	16.010579	-45.3203	12.8322	0	0	0	86580789	2	0	0	0	297.07946	16.013049	7.787257e-09	1.357725e-09	-1790.667	7.7091023e+08	7.4943745e+08	2.0121494	8.0895145	1.8493763	5612	116	233	38	98	1089	4	0	0	16.997457	0	7.166924	0	0	0	0	0	0	297.846	-5.22782e-13	297.082	7.78925e-09	1.35592e-09	0	30	24439326	24439326
7.169	16.008284	-45.3266	12.832	0	0	0	86580793	2	0	0	0	297.04072	16.010549	7.720718e-09	1.353857e-09	-1790.667	7.7091023e+08	7.4737529e+08	2.0119155	8.1441511	1.8480621	5560	130	207	30	67	1120	1	0	0	16.997457	0	7.1680138	0	0	0	0	0	0	297.846	-5.22782e-13	297.05	7.71738e-09	1.35631e-09	0	34	24227840	24227840
7.17	16.005994	-45.3329	12.8319	0	0	0	86580798	2	0	0	0	297.01083	16.008742	7.658922e-09	1.348816e-09	-1790.667	7.7091023e+08	7.4466517e+08	2.0120534	8.0238982	1.8506083	5519	142	240	35	88	1107	1	0	0	16.997457	0	7.1688016	0	0	0	0	0	0	297.846	-5.22782e-13	297.022	7.6586e-09	1.35359e-09	0	40	24031282	24031282
7.171	16.003704	-45.3392	12.8317	0	0	0	86580802	2	0	0	0	296.98161	16.008049	7.58347e-09	1.352737e-09	-1790.667	7.7091023e+08	7.4690284e+08	2.0121133	7.8178024	1.8548102	5503	139	199	38	79	1142	2	0	0	16.997457	0	7.169104	0	0	0	0	0	0	297.846	-5.22782e-13	296.985	7.59032e-09	1.35196e-09	0	42	23791924	23791924
7.172	16.001409	-45.3455	12.8315	0	0	0	86580806	2	0	0	0	296.95318	16.005549	7.578741e-09	1.352486e-09	-1790.667	7.7091023e+08	7.4683723e+08	0	0	0	7	1	0	0	0	1	0	0	0	16.997457	0	7.1701945	0	0	0	0	0	0	297.846	-5.22782e-13	296.957	7.57213e-09	1.35108e-09	0	23	23774477	23774477
7.173	15.999119	-45.3519	12.8313	0	0	0	86580816	2	0	0	0	296.87927	16.003049	7.4489e-09	1.35328e-09	-1790.667	7.7091023e+08	7.4734873e+08	2.0064032	7.8906094	1.8480858	5506	141	233	30	75	1076	4	0	0	16.997457	0	7.1712853	0	0	0	0	0	0	297.846	-5.22782e-13	296.925	7.43538e-09	1.34833e-09	0	38	23364601	23364601
7.174	15.996829	-45.3582	12.8312	0	0	0	86580820	2	0	0	0	296.84784	16.000549	7.332002e-09	1.342913e-09	-1790.667	7.7091023e+08	7.4169611e+08	2.0121718	7.9551059	1.8521014	5644	127	228	29	81	1142	4	0	0	16.997457	0	7.1723765	0	0	0	0	0	0	297.846	-5.22782e-13	296.852	7.31469e-09	1.34661e-09	0	41	22995409	22995409
7.175	15.994539	-45.3645	12.831	0	0	0	86580824	2	0	0	0	296.81761	15.998049	7.379377e-09	1.350228e-09	-1790.667	7.7091023e+08	7.458092e+08	2.0120115	9.003686	1.8308563	5542	143	227	27	76	1088	1	0	0	16.997457	0	7.173468	0	0	0	0	0	0	297.846	-5.22782e-13	296.821	7.36573e-09	1.34787e-09	0	35	23141452	23141452
7.176	15.992254	-45.3708	12.8308	0	0	0	86580828	2	0	0	0	296.78057	15.995549	7.372474e-09	1.347285e-09	-1790.667	7.7091023e+08	7.4425648e+08	2.0118483	8.2848075	1.8451706	5547	148	221	35	82	1116	2	0	0	16.997457	0	7.1745599	0	0	0	0	0	0	297.846	-5.22782e-13	296.792	7.36134e-09	1.34641e-09	0	32	23117268	23117268
7.177	15.989964	-45.3772	12.8307	0	0	0	86580833	2	0	0	0	296.75255	15.993049	7.354586e-09	1.343629e-09	-1790.667	7.7091023e+08	7.4230959e+08	2.0122006	7.9962444	1.8513002	5519	125	246	41	65	1100	0	0	0	16.997457	0	7.1756521	0	0	0	0	0	0	297.846	-5.22782e-13	296.763	7.34091e-09	1.3448e-09	0	29	23058649	23058649
7.178	15.987674	-45.3835	12.8305	0	0	0	86580837	2	0	0	0	296.72197	15.990549	7.263864e-09	1.340771e-09	-1790.667	7.7091023e+08	7.4080326e+08	2.0121469	8.2101362	1.8469469	5685	143	261	30	72	1191	1	0	0	16.997457	0	7.1767447	0	0	0	0	0	0	297.846	-5.22782e-13	296.73	7.26237e-09	1.34134e-09	0	34	22771714	22771714
7.179	15.985389	-45.3898	12.8303	0	0	0	86580841	2	0	0	0	296.69224	15.988049	7.321439e-09	1.346198e-09	-1790.667	7.7091023e+08	7.4387474e+08	2.0121846	7.7334772	1.8565728	5641	121	243	24	80	1199	5	0	0	16.997457	0	7.1778376	0	0	0	0	0	0	297.846	-5.22782e-13	296.697	7.2878e-09	1.34346e-09	0	31	22949691	22949691
7.18	15.983104	-45.3961	12.8301	0	0	0	86580845	2	0	0	0	296.66399	15.985549	7.318015e-09	1.342586e-09	-1790.667	7.7091023e+08	7.4195165e+08	2.0120787	8.6063273	1.8389126	5674	123	251	32	64	1170	1	0	0	16.997457	0	7.1789309	0	0	0	0	0	0	297.846	-5.22782e-13	296.667	7.28574e-09	1.34393e-09	0	31	22936444	22936444
7.181	15.980819	-45.4024	12.83	0	0	0	86580849	2	0	0	0	296.63267	15.983049	7.227893e-09	1.341538e-09	-1790.667	7.7091023e+08	7.4144529e+08	2.0118154	8.1440158	1.8479728	5606	168	216	28	75	1165	2	0	0	16.997457	0	7.1800245	0	0	0	0	0	0	297.846	-5.22782e-13	296.636	7.20988e-09	1.34071e-09	0	25	22651497	22651497
7.182	15.978534	-45.4088	12.8298	0	0	0	86580853	2	0	0	0	296.59565	15.983049	7.151556e-09	1.338758e-09	-1790.667	7.7091023e+08	7.3998152e+08	2.0121514	7.9090511	1.8530093	5654	138	234	48	81	1110	1	0	0	16.997457	0	7.1800245	0	0	0	0	0	0	297.846	-5.22782e-13	296.606	7.15568e-09	1.33757e-09	0	35	22409809	22409809
7.183	15.976249	-45.4151	12.8296	0	0	0	86580858	2	0	0	0	296.57004	15.980549	7.135739e-09	1.332863e-09	-1790.667	7.7091023e+08	7.3679555e+08	2.0119133	7.9859506	1.8512429	5687	153	235	28	74	1198	0	0	0	16.997457	0	7.1811185	0	0	0	0	0	0	297.846	-5.22782e-13	296.577	7.13693e-09	1.3383e-09	0	26	22357797	22357797
7.184	15.973969	-45.4214	12.8294	0	0	0	86580862	2	0	0	0	296.5387	15.978049	7.101637e-09	1.336542e-09	-1790.667	7.7091023e+08	7.3890193e+08	2.0121264	8.5505722	1.8400781	5561	151	227	33	82	1165	2	0	0	16.997457	0	7.1822128	0	0	0	0	0	0	297.846	-5.22782e-13	296.548	7.10579e-09	1.33714e-09	0	33	22248511	22248511
7.185	15.971684	-45.4277	12.8293	0	0	0	86580866	2	0	0	0	296.50977	15.975549	7.054151e-09	1.336231e-09	-1790.667	7.7091023e+08	7.3880269e+08	2.0119462	8.1263563	1.8484483	5588	141	206	39	65	1177	1	0	0	16.997457	0	7.1833074	0	0	0	0	0	0	297.846	-5.22782e-13	296.514	7.05717e-09	1.33428e-09	0	29	22097324	22097324
7.186	15.969404	-45.4341	12.8291	0	0	0	86580870	2	0	0	0	296.47869	15.973049	7.062862e-09	1.344221e-09	-1790.667	7.7091023e+08	7.4329354e+08	2.0118307	7.5160359	1.8606208	5750	138	253	34	76	1154	4	0	0	16.997457	0	7.1844024	0	0	0	0	0	0	297.846	-5.22782e-13	296.483	7.07957e-09	1.33709e-09	0	20	22122190	22122190
7.187	15.967119	-45.4404	12.8289	0	0	0	86580874	2	0	0	0	298.25841	15.970549	7.149207e-09	1.351035e-09	-1790.667	7.7091023e+08	7.4713496e+08	2.0118739	8.7030185	1.8367802	5589	139	250	47	81	1186	1	0	0	16.997457	0	7.1854978	0	0	0	0	0	0	297.846	-5.22782e-13	298.262	7.13748e-09	1.34842e-09	0	32	22390188	22390188
7.188	15.964839	-45.4467	12.8288	0	0	0	86580878	2	0	0	0	298.21985	15.968049	7.100844e-09	1.344802e-09	-1790.667	7.7091023e+08	7.4376135e+08	2.0118746	8.267092	1.845551	5588	141	235	35	72	1173	3	0	0	16.997457	0	7.1865935	0	0	0	0	0	0	297.846	-5.22782e-13	298.232	7.07702e-09	1.34436e-09	0	24	22236289	22236289
7.189	15.962559	-45.453	12.8286	0	0	0	86580883	2	0	0	0	298.18957	15.965549	7.112938e-09	1.347628e-09	-1790.667	7.7091023e+08	7.453978e+08	2.0120883	8.6461095	1.838121	5665	141	215	37	78	1163	3	0	0	16.997457	0	7.1876895	0	0	0	0	0	0	297.846	-5.22782e-13	298.202	7.09945e-09	1.34642e-09	0	25	22271725	22271725
7.19	15.960279	-45.4594	12.8284	0	0	0	86580887	2	0	0	0	298.1594	15.963049	7.164147e-09	1.34845e-09	-1790.667	7.7091023e+08	7.4592605e+08	2.0121587	8.746316	1.836169	5631	154	228	33	94	1170	2	0	0	16.997457	0	7.1887859	0	0	0	0	0	0	297.846	-5.22782e-13	298.168	7.1673e-09	1.35058e-09	0	34	22429615	22429615
7.191	15.958004	-45.4657	12.8282	0	0	0	86580891	2	0	0	0	298.13039	15.960549	7.262017e-09	1.354953e-09	-1790.667	7.7091023e+08	7.4959733e+08	2.0121763	8.1622271	1.8479379	5731	106	262	34	73	1240	3	0	0	16.997457	0	7.1898826	0	0	0	0	0	0	297.846	-5.22782e-13	298.134	7.24764e-09	1.35229e-09	0	17	22733542	22733542
7.192	15.955724	-45.472	12.8281	0	0	0	86580895	2	0	0	0	298.10161	15.958049	7.343619e-09	1.354875e-09	-1790.667	7.7091023e+08	7.4962821e+08	2.0122275	8.3885703	1.8434304	5730	145	268	34	87	1162	1	0	0	16.997457	0	7.1909797	0	0	0	0	0	0	297.846	-5.22782e-13	298.106	7.31695e-09	1.35178e-09	0	32	22986482	22986482
