# Scan number: 4
# Command: ascan monoE 5.703 5.803 100 2
# Date: Sun Jul 28 05:04:40 2024
# date: Sun Jul 28 05:04:40 2024
monoE	monobr	cr2latr	cr2vetr	H	K	L	Epoch	sec	no1	no2	izero	RCur	enc_det	K1_1	K1_2	"Counter 8"	"Counter 9"	ionch1	mcaRt	mcaDt	mcaLt	mca	roi1	roi2	roi3	roi4	roi5	roi6	ctm	ctran	LST1	LST2	E_det	mcaLt1	mcaLt2	mcaLt3	mcaLt4	mcaLt5	mcaLt6	mcaLt7	mcaLt8	AS_RC	AS_DM	AS_IC	AS_IC1	cyber	diode1	diode1
5.703	20.283579	-36.0577	13.1894	0	0	0	86705764	2	0	0	0	296.76295	20.289865	2.340926e-09	5.296528e-10	-1790.667	7.7091023e+08	2.7010906e+08	2.0122061	6.0014847	1.8914438	1048	8	333	429	51	7	0	0	0	16.997457	0	5.7013074	0	0	0	0	0	0	297.846	-5.22782e-13	296.775	2.33414e-09	5.29242e-10	0	21	8828982.5	8828982.5
5.704	20.279864	-36.064	13.189	0	0	0	86705769	2	0	0	0	296.73202	20.284865	2.348248e-09	5.280469e-10	-1790.667	7.7091023e+08	2.6929196e+08	2.0118595	5.3608037	1.9040077	1086	4	326	484	60	8	0	0	0	16.997457	0	5.7026535	0	0	0	0	0	0	297.846	-5.22782e-13	296.74	2.34541e-09	5.27727e-10	0	26	8855367.2	8855367.2
5.705	20.276154	-36.0703	13.1887	0	0	0	86705773	2	0	0	0	296.70164	20.282365	2.346908e-09	5.22661e-10	-1790.667	7.7091023e+08	2.6654714e+08	2.0120538	3.8598253	1.934392	1089	3	339	482	61	4	0	0	0	16.997457	0	5.7033268	0	0	0	0	0	0	297.846	-5.22782e-13	296.706	2.34419e-09	5.24401e-10	0	15	8849084.2	8849084.2
5.706	20.272444	-36.0766	13.1883	0	0	0	86705777	2	0	0	0	296.66146	20.277365	2.366441e-09	5.233929e-10	-1790.667	7.7091023e+08	2.6692228e+08	2.0121744	4.8756967	1.9140669	1107	8	309	518	55	6	0	0	0	16.997457	0	5.7046739	0	0	0	0	0	0	297.846	-5.22782e-13	296.674	2.36742e-09	5.22536e-10	0	23	8921494.2	8921494.2
5.707	20.268734	-36.083	13.188	0	0	0	86705782	2	0	0	0	296.63419	20.274865	2.346891e-09	5.18714e-10	-1790.667	7.7091023e+08	2.6453799e+08	2.0122573	4.5878984	1.919937	1090	5	333	485	79	10	0	0	0	16.997457	0	5.7053477	0	0	0	0	0	0	297.846	-5.22782e-13	296.637	2.3584e-09	5.18993e-10	0	20	8846561.5	8846561.5
5.708	20.265029	-36.0893	13.1877	0	0	0	86705786	2	0	0	0	296.60223	20.269865	2.350639e-09	5.15243e-10	-1790.667	7.7091023e+08	2.6276971e+08	2.0121146	5.0797744	1.9099037	1053	8	282	523	56	4	0	0	0	16.997457	0	5.7066958	0	0	0	0	0	0	297.846	-5.22782e-13	296.606	2.35369e-09	5.15646e-10	0	27	8859458.7	8859458.7
5.709	20.261324	-36.0956	13.1873	0	0	0	86705790	2	0	0	0	296.56392	20.267365	2.399311e-09	5.124399e-10	-1790.667	7.7091023e+08	2.6134205e+08	2.0122432	5.5098867	1.9013709	1048	7	291	499	62	8	0	0	0	16.997457	0	5.7073701	0	0	0	0	0	0	297.846	-5.22782e-13	296.576	2.37753e-09	5.10442e-10	0	32	9041645.4	9041645.4
5.71	20.257619	-36.1019	13.187	0	0	0	86705795	2	0	0	0	296.53594	20.262365	2.365727e-09	5.085035e-10	-1790.667	7.7091023e+08	2.5933641e+08	2.0119203	4.412469	1.923145	1074	13	333	450	67	8	0	0	0	16.997457	0	5.7087193	0	0	0	0	0	0	297.846	-5.22782e-13	296.54	2.38794e-09	5.10443e-10	0	23	8913848.3	8913848.3
5.711	20.253919	-36.1083	13.1866	0	0	0	86705799	2	0	0	0	296.50706	20.259865	2.386972e-09	5.114416e-10	-1790.667	7.7091023e+08	2.6083676e+08	2.012007	5.0966502	1.9094621	1070	7	304	479	48	6	0	0	0	16.997457	0	5.7093941	0	0	0	0	0	0	297.846	-5.22782e-13	296.51	2.39094e-09	5.0922e-10	0	24	8992648.6	8992648.6
5.712	20.250214	-36.1146	13.1863	0	0	0	86705803	2	0	0	0	296.46784	20.256701	2.403379e-09	5.073097e-10	-1790.667	7.7091023e+08	2.5873141e+08	2.012167	4.8174609	1.9152317	1035	4	282	480	62	5	0	0	0	16.997457	0	5.7102484	0	0	0	0	0	0	297.846	-5.22782e-13	296.478	2.39312e-09	5.08059e-10	0	26	9053203	9053203
5.713	20.246514	-36.1209	13.186	0	0	0	86705808	2	0	0	0	296.43461	20.252365	2.375458e-09	5.030785e-10	-1790.667	7.7091023e+08	2.565754e+08	2.011953	5.3209833	1.9048973	1057	5	254	509	64	9	1	0	0	16.997457	0	5.7114196	0	0	0	0	0	0	297.846	-5.22782e-13	296.439	2.38846e-09	5.02857e-10	0	19	8946786.1	8946786.1
5.714	20.242819	-36.1272	13.1856	0	0	0	86705812	2	0	0	0	298.30093	20.249865	2.389985e-09	5.084075e-10	-1790.667	7.7091023e+08	2.5929522e+08	2.0052515	5.1729291	1.9015213	1071	14	298	500	60	6	0	0	0	16.997457	0	5.7120951	0	0	0	0	0	0	297.846	-5.22782e-13	298.304	2.39545e-09	5.07113e-10	0	26	9000250.3	9000250.3
5.715	20.239119	-36.1335	13.1853	0	0	0	86705817	2	0	0	0	298.26186	20.244865	2.399034e-09	5.039666e-10	-1790.667	7.7091023e+08	2.5703227e+08	2.0119395	4.4808663	1.9217872	1075	13	289	508	65	9	0	0	0	16.997457	0	5.7134466	0	0	0	0	0	0	297.846	-5.22782e-13	298.274	2.40181e-09	5.0451e-10	0	17	9033073.2	9033073.2
5.716	20.235424	-36.1399	13.1849	0	0	0	86705821	2	0	0	0	298.23295	20.242365	2.407734e-09	5.048335e-10	-1790.667	7.7091023e+08	2.5747639e+08	2.0119222	4.9879622	1.9115683	1049	7	304	496	58	3	0	0	0	16.997457	0	5.7141226	0	0	0	0	0	0	297.846	-5.22782e-13	298.236	2.40776e-09	5.04451e-10	0	28	9064573.1	9064573.1
5.717	20.231729	-36.1462	13.1846	0	0	0	86705825	2	0	0	0	298.19571	20.237365	2.397716e-09	4.988223e-10	-1790.667	7.7091023e+08	2.5441253e+08	2.0121571	4.7502931	1.9165738	1026	12	288	466	76	6	0	0	0	16.997457	0	5.7154752	0	0	0	0	0	0	297.846	-5.22782e-13	298.207	2.3944e-09	4.99524e-10	0	16	9025605	9025605
5.718	20.228039	-36.1525	13.1842	0	0	0	86705830	2	0	0	0	298.16478	20.234865	2.391374e-09	5.014833e-10	-1790.667	7.7091023e+08	2.5577172e+08	2.0118557	5.0279869	1.9106998	1061	5	328	476	77	8	0	0	0	16.997457	0	5.7161517	0	0	0	0	0	0	297.846	-5.22782e-13	298.173	2.38957e-09	4.98417e-10	0	14	9000483.2	9000483.2
5.719	20.224344	-36.1588	13.1839	0	0	0	86705834	2	0	0	0	298.13478	20.229865	2.381778e-09	4.981366e-10	-1790.667	7.7091023e+08	2.5406682e+08	2.012015	5.5988766	1.8993648	989	9	278	420	72	11	0	0	0	16.997457	0	5.7175053	0	0	0	0	0	0	297.846	-5.22782e-13	298.138	2.39458e-09	4.98447e-10	0	22	8963122.8	8963122.8
5.72	20.220654	-36.1652	13.1836	0	0	0	86705839	2	0	0	0	298.09654	20.227365	2.393335e-09	4.980656e-10	-1790.667	7.7091023e+08	2.5403264e+08	2.0117984	4.8004492	1.915223	1060	13	310	468	92	9	0	0	0	16.997457	0	5.7181823	0	0	0	0	0	0	297.846	-5.22782e-13	298.106	2.39489e-09	4.96886e-10	0	24	9005364.8	9005364.8
5.721	20.216969	-36.1715	13.1832	0	0	0	86705843	2	0	0	0	298.0641	20.222365	2.386525e-09	4.955183e-10	-1790.667	7.7091023e+08	2.5273546e+08	2.0122432	4.7769812	1.9161187	1113	12	318	496	72	10	0	0	0	16.997457	0	5.7195369	0	0	0	0	0	0	297.846	-5.22782e-13	298.068	2.40092e-09	4.95971e-10	0	26	8978495.4	8978495.4
5.722	20.213279	-36.1778	13.1829	0	0	0	86705847	2	0	0	0	298.02578	20.219865	2.393318e-09	4.977032e-10	-1790.667	7.7091023e+08	2.5385191e+08	2.0118048	4.6498348	1.9182592	1075	21	300	496	72	7	0	0	0	16.997457	0	5.7202145	0	0	0	0	0	0	297.846	-5.22782e-13	298.037	2.39649e-09	4.95712e-10	0	18	9002803	9002803
5.723	20.209594	-36.1841	13.1825	0	0	0	86705852	2	0	0	0	297.99487	20.214865	2.425363e-09	4.939267e-10	-1790.667	7.7091023e+08	2.5192779e+08	2.0119328	5.5492907	1.9002848	1065	22	300	498	72	4	0	0	0	16.997457	0	5.7215701	0	0	0	0	0	0	297.846	-5.22782e-13	298.007	2.41397e-09	4.94106e-10	0	21	9122079.7	9122079.7
5.724	20.205909	-36.1904	13.1822	0	0	0	86705856	2	0	0	0	297.96573	20.212365	2.384397e-09	4.947189e-10	-1790.667	7.7091023e+08	2.5233394e+08	2.0118458	5.1134735	1.9089706	1062	29	325	451	78	3	0	0	0	16.997457	0	5.7222482	0	0	0	0	0	0	297.846	-5.22782e-13	297.968	2.39647e-09	4.90457e-10	0	32	8966758.2	8966758.2
5.725	20.202224	-36.1968	13.1819	0	0	0	86705860	2	0	0	0	297.92832	20.207365	2.390394e-09	4.897771e-10	-1790.667	7.7091023e+08	2.4981543e+08	2.0119914	4.6712725	1.9180058	1094	39	329	487	74	8	0	0	0	16.997457	0	5.7236049	0	0	0	0	0	0	297.846	-5.22782e-13	297.94	2.37812e-09	4.89076e-10	0	25	8988064.2	8988064.2
5.726	20.198544	-36.2031	13.1815	0	0	0	86705865	2	0	0	0	297.89785	20.204865	2.35347e-09	4.864233e-10	-1790.667	7.7091023e+08	2.4810687e+08	2.0119011	5.6871662	1.897481	1124	39	326	492	76	8	1	0	0	16.997457	0	5.7242834	0	0	0	0	0	0	297.846	-5.22782e-13	297.902	2.36828e-09	4.86625e-10	0	19	8848000.5	8848000.5
5.727	20.194864	-36.2094	13.1812	0	0	0	86705869	2	0	0	0	297.86745	20.199865	2.336208e-09	4.84377e-10	-1790.667	7.7091023e+08	2.4706522e+08	2.0119334	5.3684003	1.9039248	1123	56	326	493	82	9	0	0	0	16.997457	0	5.7256411	0	0	0	0	0	0	297.846	-5.22782e-13	297.87	2.36663e-09	4.84234e-10	0	28	8781885.6	8781885.6
5.728	20.191184	-36.2157	13.1809	0	0	0	86705873	2	0	0	0	297.82735	20.197365	2.359823e-09	4.813785e-10	-1790.667	7.7091023e+08	2.4553788e+08	2.0060118	5.2881363	1.8999312	1121	72	290	484	76	7	0	0	0	16.997457	0	5.7263202	0	0	0	0	0	0	297.846	-5.22782e-13	297.84	2.3489e-09	4.81915e-10	0	20	8869425.8	8869425.8
5.729	20.187504	-36.2221	13.1805	0	0	0	86705878	2	0	0	0	297.79896	20.192365	2.327706e-09	4.79389e-10	-1790.667	7.7091023e+08	2.445252e+08	2.0119491	5.1273185	1.9087901	1142	82	316	485	77	4	0	0	0	16.997457	0	5.727679	0	0	0	0	0	0	297.846	-5.22782e-13	297.803	2.33506e-09	4.81053e-10	0	15	8747501.3	8747501.3
5.73	20.183829	-36.2284	13.1802	0	0	0	86705882	2	0	0	0	297.76908	20.189865	2.325503e-09	4.751044e-10	-1790.667	7.7091023e+08	2.4234182e+08	2.0120832	4.9473103	1.9125392	1154	82	332	477	85	3	0	0	0	16.997457	0	5.7283586	0	0	0	0	0	0	297.846	-5.22782e-13	297.773	2.32759e-09	4.76308e-10	0	23	8738011.5	8738011.5
5.731	20.180154	-36.2347	13.1798	0	0	0	86705887	2	0	0	0	297.72991	20.184865	2.338119e-09	4.748664e-10	-1790.667	7.7091023e+08	2.4222254e+08	2.012	4.6087475	1.919272	1159	90	332	479	86	6	0	0	0	16.997457	0	5.7297183	0	0	0	0	0	0	297.846	-5.22782e-13	297.742	2.33145e-09	4.75359e-10	0	18	8784198.6	8784198.6
5.732	20.176479	-36.241	13.1795	0	0	0	86705891	2	0	0	0	297.69858	20.182365	2.340336e-09	4.752465e-10	-1790.667	7.7091023e+08	2.4241856e+08	2.011879	5.6077964	1.899057	1141	66	338	457	89	8	0	0	0	16.997457	0	5.7303985	0	0	0	0	0	0	297.846	-5.22782e-13	297.702	2.32509e-09	4.73697e-10	0	27	8791309.8	8791309.8
5.733	20.172809	-36.2474	13.1792	0	0	0	86705895	2	0	0	0	297.66118	20.179865	2.326662e-09	4.741487e-10	-1790.667	7.7091023e+08	2.4186073e+08	2.0122714	4.9067895	1.9135334	1164	99	350	443	78	4	0	0	0	16.997457	0	5.7310788	0	0	0	0	0	0	297.846	-5.22782e-13	297.673	2.32581e-09	4.72522e-10	0	21	8738733.8	8738733.8
5.734	20.169139	-36.2537	13.1788	0	0	0	86705900	2	0	0	0	297.63172	20.174865	2.335153e-09	4.716938e-10	-1790.667	7.7091023e+08	2.4061065e+08	2.0117984	4.1860099	1.9275843	1168	88	356	455	86	9	0	0	0	16.997457	0	5.7324399	0	0	0	0	0	0	297.846	-5.22782e-13	297.639	2.32681e-09	4.73274e-10	0	27	8769410.5	8769410.5
5.735	20.165469	-36.26	13.1785	0	0	0	86705904	2	0	0	0	297.60038	20.172365	2.311584e-09	4.710792e-10	-1790.667	7.7091023e+08	2.4029931e+08	2.0118778	4.8199668	1.9149059	1142	72	329	457	100	11	0	0	0	16.997457	0	5.7331208	0	0	0	0	0	0	297.846	-5.22782e-13	297.604	2.32121e-09	4.69213e-10	0	28	8679697.6	8679697.6
5.736	20.161799	-36.2663	13.1781	0	0	0	86705908	2	0	0	0	297.56271	20.167365	2.335309e-09	4.730012e-10	-1790.667	7.7091023e+08	2.4128192e+08	2.0122618	4.8824026	1.914015	1165	85	312	480	74	9	0	0	0	16.997457	0	5.7344829	0	0	0	0	0	0	297.846	-5.22782e-13	297.574	2.32982e-09	4.73142e-10	0	24	8767567.7	8767567.7
5.737	20.158134	-36.2726	13.1778	0	0	0	86705913	2	0	0	0	297.53371	20.164865	2.327923e-09	4.717222e-10	-1790.667	7.7091023e+08	2.4063169e+08	2.0121299	5.1819477	1.9078624	1124	81	311	477	83	3	0	0	0	16.997457	0	5.7351643	0	0	0	0	0	0	297.846	-5.22782e-13	297.537	2.32623e-09	4.72339e-10	0	14	8738628.1	8738628.1
5.738	20.154464	-36.279	13.1775	0	0	0	86705917	2	0	0	0	297.50194	20.159865	2.301149e-09	4.706777e-10	-1790.667	7.7091023e+08	2.4010109e+08	2.0118275	4.6803376	1.9176672	1114	76	346	420	90	8	0	0	0	16.997457	0	5.7365275	0	0	0	0	0	0	297.846	-5.22782e-13	297.506	2.31209e-09	4.68363e-10	0	17	8636927.2	8636927.2
5.739	20.150804	-36.2853	13.1771	0	0	0	86705921	2	0	0	0	297.46235	20.157365	2.323922e-09	4.689866e-10	-1790.667	7.7091023e+08	2.3924064e+08	2.0122003	4.382673	1.9240122	1103	90	352	408	107	7	0	0	0	16.997457	0	5.7372093	0	0	0	0	0	0	297.846	-5.22782e-13	297.474	2.30411e-09	4.68456e-10	0	32	8721194	8721194
5.74	20.147139	-36.2916	13.1768	0	0	0	86705926	2	0	0	0	297.43133	20.152365	2.295621e-09	4.628369e-10	-1790.667	7.7091023e+08	2.3610575e+08	2.0119818	5.1728501	1.907905	1202	85	365	483	115	12	0	0	0	16.997457	0	5.7385736	0	0	0	0	0	0	297.846	-5.22782e-13	297.436	2.29534e-09	4.65e-10	0	19	8613794	8613794
5.741	20.143479	-36.2979	13.1765	0	0	0	86705932	2	0	0	0	297.3868	20.149865	2.294431e-09	4.628831e-10	-1790.667	7.7091023e+08	2.3613154e+08	2.0122205	4.3505372	1.9246781	1156	65	351	477	124	7	1	0	0	16.997457	0	5.739256	0	0	0	0	0	0	297.846	-5.22782e-13	297.406	2.28618e-09	4.64054e-10	0	22	8608137.4	8608137.4
5.742	20.139819	-36.3043	13.1761	0	0	0	86705936	2	0	0	0	297.35602	20.144865	2.287376e-09	4.691749e-10	-1790.667	7.7091023e+08	2.3934346e+08	2.0117818	4.4730578	1.9217936	1114	71	343	467	103	5	0	0	0	16.997457	0	5.7406213	0	0	0	0	0	0	297.846	-5.22782e-13	297.36	2.28805e-09	4.65877e-10	0	21	8580481.3	8580481.3
5.743	20.136159	-36.3106	13.1758	0	0	0	86705940	2	0	0	0	297.31902	20.142365	2.268141e-09	4.620162e-10	-1790.667	7.7091023e+08	2.3569379e+08	2.0118662	4.0766766	1.929849	1144	72	350	459	113	7	0	0	0	16.997457	0	5.7413042	0	0	0	0	0	0	297.846	-5.22782e-13	297.33	2.27514e-09	4.62973e-10	0	32	8507149.2	8507149.2
5.744	20.132499	-36.3169	13.1755	0	0	0	86705945	2	0	0	0	297.2895	20.137365	2.281869e-09	4.621086e-10	-1790.667	7.7091023e+08	2.357432e+08	2.0119389	4.6545827	1.9182915	1117	70	330	460	102	3	0	0	0	16.997457	0	5.7426705	0	0	0	0	0	0	297.846	-5.22782e-13	297.297	2.27163e-09	4.61793e-10	0	22	8557455	8557455
5.745	20.128844	-36.3232	13.1751	0	0	0	86705949	2	0	0	0	297.25839	20.134865	2.269211e-09	4.619203e-10	-1790.667	7.7091023e+08	2.3564942e+08	2.0118106	4.8030447	1.9151824	1079	59	348	419	110	7	0	0	0	16.997457	0	5.7433539	0	0	0	0	0	0	297.846	-5.22782e-13	297.263	2.26457e-09	4.59167e-10	0	26	8508807.9	8508807.9
5.746	20.125189	-36.3295	13.1748	0	0	0	86705953	2	0	0	0	297.22227	20.129865	2.253941e-09	4.599272e-10	-1790.667	7.7091023e+08	2.3463492e+08	2.0118371	4.7492672	1.9162896	1069	65	325	419	99	7	0	0	0	16.997457	0	5.7447213	0	0	0	0	0	0	297.846	-5.22782e-13	297.233	2.25714e-09	4.57501e-10	0	28	8450381.5	8450381.5
5.747	20.121539	-36.3359	13.1745	0	0	0	86705958	2	0	0	0	297.19051	20.127365	2.240409e-09	4.539338e-10	-1790.667	7.7091023e+08	2.3157962e+08	2.0122566	4.9048217	1.913559	1098	57	321	467	108	5	0	0	0	16.997457	0	5.7454052	0	0	0	0	0	0	297.846	-5.22782e-13	297.195	2.24259e-09	4.5499e-10	0	21	8398486.3	8398486.3
5.748	20.117884	-36.3422	13.1741	0	0	0	86705962	2	0	0	0	297.16028	20.124865	2.238892e-09	4.551772e-10	-1790.667	7.7091023e+08	2.3221625e+08	2.0122067	4.9299587	1.9130058	1064	69	310	431	96	10	0	0	0	16.997457	0	5.7460894	0	0	0	0	0	0	297.846	-5.22782e-13	297.164	2.23589e-09	4.52692e-10	0	28	8391639.1	8391639.1
5.749	20.114234	-36.3485	13.1738	0	0	0	86705966	2	0	0	0	297.1238	20.119865	2.225732e-09	4.536709e-10	-1790.667	7.7091023e+08	2.3145009e+08	2.0119626	5.3023969	1.9052803	1050	48	323	429	107	8	0	0	0	16.997457	0	5.7474581	0	0	0	0	0	0	297.846	-5.22782e-13	297.135	2.2438e-09	4.52681e-10	0	20	8341160.4	8341160.4
5.75	20.110584	-36.3548	13.1735	0	0	0	86705971	2	0	0	0	297.09132	20.117365	2.209838e-09	4.501359e-10	-1790.667	7.7091023e+08	2.2964893e+08	2.0119779	4.3140513	1.9251802	1079	51	330	450	113	4	0	0	0	16.997457	0	5.7481428	0	0	0	0	0	0	297.846	-5.22782e-13	297.096	2.22452e-09	4.49878e-10	0	26	8280451.2	8280451.2
5.751	20.106939	-36.3612	13.1731	0	0	0	86705975	2	0	0	0	297.05487	20.112365	2.229996e-09	4.489564e-10	-1790.667	7.7091023e+08	2.2904949e+08	2.0122547	4.2875526	1.9259782	1083	50	345	436	122	3	0	0	0	16.997457	0	5.7495126	0	0	0	0	0	0	297.846	-5.22782e-13	297.065	2.22161e-09	4.50453e-10	0	27	8354829.9	8354829.9
5.752	20.103289	-36.3675	13.1728	0	0	0	86705980	2	0	0	0	297.02501	20.109865	2.230891e-09	4.509282e-10	-1790.667	7.7091023e+08	2.300578e+08	2.011873	5.3679731	1.9038762	1043	50	310	429	129	10	0	0	0	16.997457	0	5.7501977	0	0	0	0	0	0	297.846	-5.22782e-13	297.035	2.22987e-09	4.49821e-10	0	28	8357027.9	8357027.9
5.753	20.099644	-36.3738	13.1724	0	0	0	86705984	2	0	0	0	296.99299	20.104865	2.210612e-09	4.495497e-10	-1790.667	7.7091023e+08	2.2935685e+08	2.0121235	5.5240187	1.9009734	1063	41	316	418	116	6	0	0	0	16.997457	0	5.7515686	0	0	0	0	0	0	297.846	-5.22782e-13	296.997	2.2198e-09	4.49029e-10	0	19	8279917.3	8279917.3
5.754	20.096004	-36.3801	13.1721	0	0	0	86705988	2	0	0	0	296.9637	20.102365	2.22153e-09	4.478196e-10	-1790.667	7.7091023e+08	2.2847652e+08	2.0120477	5.3236591	1.9049331	1038	51	314	415	130	5	0	0	0	16.997457	0	5.7522543	0	0	0	0	0	0	297.846	-5.22782e-13	296.968	2.21981e-09	4.48494e-10	0	24	8319661.3	8319661.3
5.755	20.092359	-36.3864	13.1718	0	0	0	86705993	2	0	0	0	296.92674	20.097365	2.230976e-09	4.48189e-10	-1790.667	7.7091023e+08	2.2866735e+08	2.0054138	4.3505436	1.9181674	981	46	294	415	104	3	0	0	0	16.997457	0	5.7536261	0	0	0	0	0	0	297.846	-5.22782e-13	296.939	2.22105e-09	4.48509e-10	0	14	8353882.4	8353882.4
5.756	20.088719	-36.3928	13.1714	0	0	0	86705997	2	0	0	0	296.89694	20.094865	2.222034e-09	4.512053e-10	-1790.667	7.7091023e+08	2.3020868e+08	2.0122381	5.5436144	1.9006874	1048	46	308	418	104	2	0	0	0	16.997457	0	5.7543124	0	0	0	0	0	0	297.846	-5.22782e-13	296.901	2.23264e-09	4.49485e-10	0	25	8319249.7	8319249.7
5.757	20.085079	-36.3991	13.1711	0	0	0	86706001	2	0	0	0	296.85946	20.089865	2.233953e-09	4.550103e-10	-1790.667	7.7091023e+08	2.3215245e+08	2.0118605	4.9307117	1.9126614	1090	46	327	479	131	7	0	0	0	16.997457	0	5.7556853	0	0	0	0	0	0	297.846	-5.22782e-13	296.87	2.23274e-09	4.52867e-10	0	32	8362718.8	8362718.8
5.758	20.081439	-36.4054	13.1708	0	0	0	86706006	2	0	0	0	296.8278	20.087365	2.243098e-09	4.522889e-10	-1790.667	7.7091023e+08	2.3076639e+08	2.0122298	5.3101212	1.9053779	1075	52	343	441	134	3	0	0	0	16.997457	0	5.756372	0	0	0	0	0	0	297.846	-5.22782e-13	296.836	2.23333e-09	4.52805e-10	0	27	8395793.1	8395793.1
5.759	20.077804	-36.4117	13.1704	0	0	0	86706010	2	0	0	0	296.79843	20.084865	2.239059e-09	4.549321e-10	-1790.667	7.7091023e+08	2.3211747e+08	2.0119875	4.6826374	1.9177734	1063	45	298	447	113	8	0	0	0	16.997457	0	5.7570589	0	0	0	0	0	0	297.846	-5.22782e-13	296.802	2.24582e-09	4.55809e-10	0	14	8379518	8379518
5.76	20.074169	-36.4181	13.1701	0	0	0	86706014	2	0	0	0	296.76017	20.079865	2.250818e-09	4.57085e-10	-1790.667	7.7091023e+08	2.3321842e+08	2.0122131	5.4955769	1.9016304	1065	56	319	425	112	6	0	0	0	16.997457	0	5.7584333	0	0	0	0	0	0	297.846	-5.22782e-13	296.771	2.24909e-09	4.56144e-10	0	24	8422362	8422362
5.761	20.070534	-36.4244	13.1698	0	0	0	86706019	2	0	0	0	296.73115	20.077365	2.253348e-09	4.59039e-10	-1790.667	7.7091023e+08	2.3421793e+08	2.0120835	4.5046559	1.9214461	1009	48	315	414	123	4	0	0	0	16.997457	0	5.7591207	0	0	0	0	0	0	297.846	-5.22782e-13	296.738	2.248e-09	4.58687e-10	0	20	8430664.9	8430664.9
5.762	20.066899	-36.4307	13.1695	0	0	0	86706023	2	0	0	0	296.70051	20.072365	2.239471e-09	4.59508e-10	-1790.667	7.7091023e+08	2.3445977e+08	2.0118211	4.1594473	1.9281405	1064	62	309	446	131	7	0	0	0	16.997457	0	5.7604961	0	0	0	0	0	0	297.846	-5.22782e-13	296.704	2.2451e-09	4.58513e-10	0	14	8377588.9	8377588.9
5.763	20.063269	-36.437	13.1691	0	0	0	86706027	2	0	0	0	296.66361	20.069865	2.26354e-09	4.588081e-10	-1790.667	7.7091023e+08	2.341052e+08	2.011799	4.8449372	1.9143286	1072	64	293	451	127	6	0	0	0	16.997457	0	5.7611841	0	0	0	0	0	0	297.846	-5.22782e-13	296.674	2.25237e-09	4.58563e-10	0	17	8466459.3	8466459.3
5.764	20.059639	-36.4434	13.1688	0	0	0	86706032	2	0	0	0	296.63257	20.064865	2.267164e-09	4.596075e-10	-1790.667	7.7091023e+08	2.3451566e+08	2.0119555	4.5463431	1.9204851	1058	53	315	437	133	4	0	0	0	16.997457	0	5.7625605	0	0	0	0	0	0	297.846	-5.22782e-13	296.644	2.25643e-09	4.59243e-10	0	30	8478844	8478844
5.765	20.056009	-36.4497	13.1685	0	0	0	86706036	2	0	0	0	296.60357	20.062365	2.274859e-09	4.565273e-10	-1790.667	7.7091023e+08	2.3294655e+08	2.0119402	5.1510717	1.9083037	1101	71	345	431	144	5	0	0	0	16.997457	0	5.763249	0	0	0	0	0	0	297.846	-5.22782e-13	296.607	2.28058e-09	4.58567e-10	0	30	8506448	8506448
5.766	20.052379	-36.456	13.1681	0	0	0	86706040	2	0	0	0	296.56466	20.057365	2.258229e-09	4.62915e-10	-1790.667	7.7091023e+08	2.3620855e+08	2.0120672	4.8959637	1.9135571	1056	44	308	442	143	9	0	0	0	16.997457	0	5.7646265	0	0	0	0	0	0	297.846	-5.22782e-13	296.577	2.26398e-09	4.59453e-10	0	14	8443097.8	8443097.8
5.767	20.048754	-36.4623	13.1678	0	0	0	86706045	2	0	0	0	296.53784	20.054865	2.250001e-09	4.598739e-10	-1790.667	7.7091023e+08	2.346594e+08	2.0118227	4.5642193	1.9199987	1098	55	334	443	163	4	0	0	0	16.997457	0	5.7653155	0	0	0	0	0	0	297.846	-5.22782e-13	296.546	2.24837e-09	4.62366e-10	0	23	8411174.2	8411174.2
5.768	20.045129	-36.4686	13.1675	0	0	0	86706049	2	0	0	0	296.5066	20.049865	2.268855e-09	4.639205e-10	-1790.667	7.7091023e+08	2.3672692e+08	2.0120771	4.3568429	1.9244141	1061	60	318	411	139	14	0	0	0	16.997457	0	5.7666941	0	0	0	0	0	0	297.846	-5.22782e-13	296.509	2.2721e-09	4.64775e-10	0	19	8480486	8480486
5.769	20.041504	-36.475	13.1671	0	0	0	86706053	2	0	0	0	296.47725	20.047365	2.262073e-09	4.702727e-10	-1790.667	7.7091023e+08	2.3997099e+08	2.0052419	4.9109526	1.9067654	1111	53	337	471	157	6	0	0	0	16.997457	0	5.7673836	0	0	0	0	0	0	297.846	-5.22782e-13	296.48	2.27486e-09	4.67893e-10	0	28	8453970	8453970
5.77	20.037884	-36.4813	13.1668	0	0	0	86706057	2	0	0	0	296.43679	20.044865	2.292825e-09	4.680452e-10	-1790.667	7.7091023e+08	2.3883706e+08	2.0118848	4.3905496	1.923552	1077	54	329	430	140	7	0	0	0	16.997457	0	5.7680733	0	0	0	0	0	0	297.846	-5.22782e-13	296.45	2.27746e-09	4.67154e-10	0	12	8567716.6	8567716.6
5.771	20.034264	-36.4876	13.1665	0	0	0	86706062	2	0	0	0	296.72599	20.039865	2.27908e-09	4.658887e-10	-1790.667	7.7091023e+08	2.3773934e+08	2.0117952	5.0456508	1.910287	1101	73	308	426	155	10	0	0	0	16.997457	0	5.7694533	0	0	0	0	0	0	297.846	-5.22782e-13	296.73	2.28369e-09	4.64002e-10	0	26	8515180.5	8515180.5
5.772	20.030644	-36.4939	13.1661	0	0	0	86706066	2	0	0	0	296.69508	20.037365	2.294385e-09	4.677041e-10	-1790.667	7.7091023e+08	2.3866847e+08	2.0121238	5.2504124	1.906479	1091	63	345	417	157	4	0	0	0	16.997457	0	5.7701435	0	0	0	0	0	0	297.846	-5.22782e-13	296.699	2.30321e-09	4.67615e-10	0	27	8571181.6	8571181.6
5.773	20.027024	-36.5003	13.1658	0	0	0	86706070	2	0	0	0	296.65799	20.032365	2.277112e-09	4.658247e-10	-1790.667	7.7091023e+08	2.3771216e+08	2.0121056	5.1993931	1.9074883	1104	75	345	407	160	9	0	0	0	16.997457	0	5.7715245	0	0	0	0	0	0	297.846	-5.22782e-13	296.667	2.26509e-09	4.66036e-10	0	29	8505481.6	8505481.6
5.774	20.023409	-36.5066	13.1655	0	0	0	86706075	2	0	0	0	296.62545	20.029865	2.260386e-09	4.62471e-10	-1790.667	7.7091023e+08	2.360035e+08	2.012161	4.5747752	1.9201091	1100	64	347	443	159	3	1	0	0	16.997457	0	5.7722153	0	0	0	0	0	0	297.846	-5.22782e-13	296.629	2.2683e-09	4.64989e-10	0	17	8441842.7	8441842.7
5.775	20.019794	-36.5129	13.1651	0	0	0	86706079	2	0	0	0	296.59629	20.024865	2.267534e-09	4.655654e-10	-1790.667	7.7091023e+08	2.3758539e+08	2.0122733	4.7630111	1.9164285	1158	62	316	454	177	11	0	0	0	16.997457	0	5.7735974	0	0	0	0	0	0	297.846	-5.22782e-13	296.6	2.26552e-09	4.64055e-10	0	29	8467370.9	8467370.9
5.776	20.016179	-36.5192	13.1648	0	0	0	86706084	2	0	0	0	296.56031	20.022365	2.260066e-09	4.560086e-10	-1790.667	7.7091023e+08	2.3271114e+08	2.0122038	5.2618287	1.9063251	1040	70	302	403	142	2	0	0	0	16.997457	0	5.7742887	0	0	0	0	0	0	297.846	-5.22782e-13	296.571	2.24479e-09	4.60121e-10	0	14	8438320.9	8438320.9
5.777	20.012564	-36.5255	13.1645	0	0	0	86706088	2	0	0	0	296.52892	20.017365	2.230781e-09	4.55973e-10	-1790.667	7.7091023e+08	2.3269572e+08	2.0119658	4.9519252	1.9123347	1035	53	307	422	169	8	0	0	0	16.997457	0	5.7756718	0	0	0	0	0	0	297.846	-5.22782e-13	296.533	2.22921e-09	4.57131e-10	0	23	8327832.8	8327832.8
5.778	20.008954	-36.5319	13.1642	0	0	0	86706092	2	0	0	0	296.49862	20.014865	2.232696e-09	4.559695e-10	-1790.667	7.7091023e+08	2.3269671e+08	2.0122214	4.4216525	1.923248	1094	57	348	445	169	7	0	0	0	16.997457	0	5.7763636	0	0	0	0	0	0	297.846	-5.22782e-13	296.502	2.21679e-09	4.5404e-10	0	18	8333833.3	8333833.3
5.779	20.005344	-36.5382	13.1638	0	0	0	86706097	2	0	0	0	296.46114	20.012365	2.235595e-09	4.533902e-10	-1790.667	7.7091023e+08	2.3138317e+08	2.0117949	4.6318042	1.9186125	1061	59	287	448	146	4	0	0	0	16.997457	0	5.7770556	0	0	0	0	0	0	297.846	-5.22782e-13	296.469	2.2234e-09	4.53953e-10	0	27	8343504.5	8343504.5
5.78	20.001734	-36.5445	13.1635	0	0	0	86706101	2	0	0	0	298.30306	20.007365	2.20593e-09	4.581793e-10	-1790.667	7.7091023e+08	2.3383005e+08	2.0122515	4.403855	1.9236349	1075	73	300	438	149	5	0	0	0	16.997457	0	5.7784402	0	0	0	0	0	0	297.846	-5.22782e-13	297.37	2.21481e-09	4.51834e-10	0	24	8231657.1	8231657.1
5.781	19.998129	-36.5508	13.1632	0	0	0	86706105	2	0	0	0	298.27147	20.004865	2.213486e-09	4.565024e-10	-1790.667	7.7091023e+08	2.3297707e+08	2.0121226	5.0359239	1.9107936	1079	66	329	406	183	9	0	0	0	16.997457	0	5.7791327	0	0	0	0	0	0	297.846	-5.22782e-13	298.277	2.20477e-09	4.56636e-10	0	16	8258715.3	8258715.3
5.782	19.994519	-36.5572	13.1628	0	0	0	86706109	2	0	0	0	298.23475	19.999865	2.245717e-09	4.589573e-10	-1790.667	7.7091023e+08	2.3423279e+08	2.0119926	5.1460864	1.9084538	1056	69	303	444	141	9	0	0	0	16.997457	0	5.7805183	0	0	0	0	0	0	297.846	-5.22782e-13	298.247	2.22666e-09	4.5795e-10	0	22	8377818.1	8377818.1
5.783	19.990914	-36.5635	13.1625	0	0	0	86706114	2	0	0	0	298.20343	19.997365	2.223235e-09	4.545022e-10	-1790.667	7.7091023e+08	2.3196193e+08	2.0053056	4.5378181	1.9143085	1080	60	349	406	167	6	0	0	0	16.997457	0	5.7812114	0	0	0	0	0	0	297.846	-5.22782e-13	298.208	2.21934e-09	4.55176e-10	0	20	8292805.1	8292805.1
5.784	19.987314	-36.5698	13.1622	0	0	0	86706118	2	0	0	0	298.17258	19.992365	2.213262e-09	4.574119e-10	-1790.667	7.7091023e+08	2.3344981e+08	2.01196	4.9320742	1.9127286	1019	67	292	398	171	5	0	0	0	16.997457	0	5.7825981	0	0	0	0	0	0	297.846	-5.22782e-13	298.177	2.20507e-09	4.55127e-10	0	20	8254468.4	8254468.4
5.785	19.983709	-36.5761	13.1619	0	0	0	86706122	2	0	0	0	298.13498	19.989865	2.207081e-09	4.522462e-10	-1790.667	7.7091023e+08	2.3081624e+08	2.0117965	4.3795285	1.9236893	1062	58	328	422	184	4	0	0	0	16.997457	0	5.7832917	0	0	0	0	0	0	297.846	-5.22782e-13	298.146	2.19519e-09	4.53357e-10	0	25	8230282.7	8230282.7
5.786	19.980109	-36.5824	13.1615	0	0	0	86706127	2	0	0	0	298.10512	19.984865	2.208008e-09	4.526726e-10	-1790.667	7.7091023e+08	2.3103673e+08	2.0121334	4.6492344	1.9185846	1076	50	318	444	174	6	0	0	0	16.997457	0	5.7846794	0	0	0	0	0	0	297.846	-5.22782e-13	298.113	2.19608e-09	4.52494e-10	0	24	8232606.1	8232606.1
5.787	19.976509	-36.5888	13.1612	0	0	0	86706131	2	0	0	0	298.07558	19.982365	2.167354e-09	4.464624e-10	-1790.667	7.7091023e+08	2.2787e+08	2.0119264	4.7516172	1.9163274	1021	62	302	411	176	7	0	0	0	16.997457	0	5.7853736	0	0	0	0	0	0	297.846	-5.22782e-13	298.079	2.18038e-09	4.47531e-10	0	20	8079914.4	8079914.4
5.788	19.972909	-36.5951	13.1609	0	0	0	86706135	2	0	0	0	298.03755	19.979865	2.176176e-09	4.450023e-10	-1790.667	7.7091023e+08	2.2712763e+08	2.0120288	4.0829793	1.9298781	1069	54	326	427	193	8	0	0	0	16.997457	0	5.7860679	0	0	0	0	0	0	297.846	-5.22782e-13	298.048	2.1673e-09	4.438e-10	0	39	8111686.3	8111686.3
5.789	19.969314	-36.6014	13.1605	0	0	0	86706140	2	0	0	0	298.00461	19.974865	2.174808e-09	4.447394e-10	-1790.667	7.7091023e+08	2.2699632e+08	2.0120813	4.2324334	1.9269213	1053	51	313	417	185	8	0	0	0	16.997457	0	5.787457	0	0	0	0	0	0	297.846	-5.22782e-13	298.017	2.16444e-09	4.42775e-10	0	25	8105471.5	8105471.5
5.79	19.965719	-36.6077	13.1602	0	0	0	86706144	2	0	0	0	297.97662	19.972365	2.171387e-09	4.455387e-10	-1790.667	7.7091023e+08	2.2740717e+08	2.012272	4.6662638	1.9183741	1024	50	321	397	198	4	1	0	0	16.997457	0	5.7881519	0	0	0	0	0	0	297.846	-5.22782e-13	297.979	2.16517e-09	4.44685e-10	0	32	8091608	8091608
5.791	19.962124	-36.6141	13.1599	0	0	0	86706148	2	0	0	0	297.93812	19.967365	2.163844e-09	4.460148e-10	-1790.667	7.7091023e+08	2.2765309e+08	2.0120819	4.537199	1.9207898	990	54	281	390	180	7	1	0	0	16.997457	0	5.7895421	0	0	0	0	0	0	297.846	-5.22782e-13	297.948	2.15954e-09	4.4274e-10	0	29	8062389.8	8062389.8
5.792	19.958529	-36.6204	13.1596	0	0	0	86706153	2	0	0	0	297.90745	19.964865	2.157453e-09	4.408598e-10	-1790.667	7.7091023e+08	2.2502478e+08	2.0119107	6.1723773	1.887728	1008	49	314	409	183	6	0	0	0	16.997457	0	5.7902375	0	0	0	0	0	0	297.846	-5.22782e-13	297.916	2.15627e-09	4.42085e-10	0	24	8037471.4	8037471.4
5.793	19.954939	-36.6267	13.1592	0	0	0	86706157	2	0	0	0	297.87783	19.959865	2.151097e-09	4.448104e-10	-1790.667	7.7091023e+08	2.2704419e+08	2.0119766	5.3237358	1.9048643	1048	53	326	414	208	7	0	0	0	16.997457	0	5.7916288	0	0	0	0	0	0	297.846	-5.22782e-13	297.882	2.16058e-09	4.44522e-10	0	15	8012690.1	8012690.1
5.794	19.951349	-36.633	13.1589	0	0	0	86706161	2	0	0	0	297.83908	19.957365	2.183398e-09	4.429666e-10	-1790.667	7.7091023e+08	2.2610599e+08	2.0120797	4.7392795	1.9167216	1001	51	279	421	174	6	0	0	0	16.997457	0	5.7923247	0	0	0	0	0	0	297.846	-5.22782e-13	297.851	2.16873e-09	4.45901e-10	0	20	8131890.6	8131890.6
5.795	19.947759	-36.6394	13.1586	0	0	0	86706166	2	0	0	0	297.80957	19.95468	2.17387e-09	4.441638e-10	-1790.667	7.7091023e+08	2.2672004e+08	2.0118106	5.1518966	1.9081642	1032	55	300	429	173	7	0	0	0	16.997457	0	5.7930724	0	0	0	0	0	0	297.846	-5.22782e-13	297.816	2.17399e-09	4.44433e-10	0	23	8095290.9	8095290.9
5.796	19.944174	-36.6457	13.1583	0	0	0	86706170	2	0	0	0	297.77875	19.949963	2.164718e-09	4.451266e-10	-1790.667	7.7091023e+08	2.2721447e+08	2.0119286	3.8642484	1.9341827	1026	57	285	427	160	3	0	0	0	16.997457	0	5.7943863	0	0	0	0	0	0	297.846	-5.22782e-13	297.783	2.16436e-09	4.42776e-10	0	20	8060101.3	8060101.3
5.797	19.940584	-36.652	13.1579	0	0	0	86706174	2	0	0	0	297.74032	19.947463	2.156739e-09	4.41883e-10	-1790.667	7.7091023e+08	2.2556175e+08	2.0120592	5.2035686	1.9073603	1076	65	343	390	190	6	0	0	0	16.997457	0	5.7950829	0	0	0	0	0	0	297.846	-5.22782e-13	297.751	2.14399e-09	4.42287e-10	0	24	8029288.3	8029288.3
5.798	19.936999	-36.6583	13.1576	0	0	0	86706179	2	0	0	0	297.71131	19.942463	2.13781e-09	4.391261e-10	-1790.667	7.7091023e+08	2.2415744e+08	2.0121498	5.1682833	1.9081562	1027	54	297	409	203	2	0	0	0	16.997457	0	5.7964767	0	0	0	0	0	0	297.846	-5.22782e-13	297.715	2.13186e-09	4.38989e-10	0	19	7957723.7	7957723.7
5.799	19.933414	-36.6646	13.1573	0	0	0	86706183	2	0	0	0	297.68142	19.939963	2.146258e-09	4.381846e-10	-1790.667	7.7091023e+08	2.2367982e+08	2.0121779	4.4025689	1.9235904	1072	68	311	419	176	5	0	0	0	16.997457	0	5.7971738	0	0	0	0	0	0	297.846	-5.22782e-13	297.684	2.13967e-09	4.38573e-10	0	29	7988072.1	7988072.1
5.8	19.929834	-36.671	13.157	0	0	0	86706187	2	0	0	0	297.64156	19.934963	2.143079e-09	4.400853e-10	-1790.667	7.7091023e+08	2.2465307e+08	2.0120032	4.6546089	1.9183523	1043	45	298	414	197	2	0	0	0	16.997457	0	5.7985687	0	0	0	0	0	0	297.846	-5.22782e-13	297.654	2.13996e-09	4.39579e-10	0	28	7975144.1	7975144.1
5.801	19.926254	-36.6773	13.1566	0	0	0	86706192	2	0	0	0	297.60803	19.932463	2.145399e-09	4.431584e-10	-1790.667	7.7091023e+08	2.2622486e+08	2.0119427	4.6678387	1.9180285	1003	39	308	418	210	5	0	0	0	16.997457	0	5.7992664	0	0	0	0	0	0	297.846	-5.22782e-13	297.612	2.14781e-09	4.42061e-10	0	22	7982680.5	7982680.5
5.802	19.922674	-36.6836	13.1563	0	0	0	86706196	2	0	0	0	297.57741	19.927463	2.137803e-09	4.419327e-10	-1790.667	7.7091023e+08	2.2560221e+08	2.0120458	5.2529382	1.9063542	1009	51	303	392	185	7	0	0	0	16.997457	0	5.8006623	0	0	0	0	0	0	297.846	-5.22782e-13	297.582	2.13712e-09	4.43625e-10	0	29	7953324.1	7953324.1
5.803	19.919094	-36.6899	13.156	0	0	0	86706201	2	0	0	0	297.53771	19.924963	2.15066e-09	4.416414e-10	-1790.667	7.7091023e+08	2.2545656e+08	2.0120381	4.4768298	1.9219626	1050	55	309	417	219	7	0	0	0	16.997457	0	5.8013605	0	0	0	0	0	0	297.846	-5.22782e-13	297.55	2.14138e-09	4.41779e-10	0	24	8000057	8000057
