# Scan number: 12
# Command: ascan monoE 5.703 5.803 200 2
# Date: Wed Jul 24 20:30:44 2024
# date: Wed Jul 24 20:30:44 2024
monoE	monobr	cr2latr	cr2vetr	H	K	L	Epoch	sec	no1	no2	izero	RCur	enc_det	K1_1	K1_2	"Counter 8"	"Counter 9"	ionch1	mcaRt	mcaDt	mcaLt	mca	roi1	roi2	roi3	roi4	roi5	roi6	ctm	ctran	LST1	LST2	E_det	mcaLt1	mcaLt2	mcaLt3	mcaLt4	mcaLt5	mcaLt6	mcaLt7	mcaLt8	AS_RC	AS_DM	AS_IC	AS_IC1	cyber	diode1	diode1
5.703	20.283579	-36.0577	13.1894	0	0	0	86415728	2	0	0	0	297.07891	20.284865	8.508604e-09	1.043869e-09	-1790.667	7.7091023e+08	5.3234586e+08	2.0121888	6.2630942	1.8861635	2785	18	1075	1109	53	79	2	0	0	16.997457	0	5.7026535	0	0	0	0	0	0	297.846	-5.22782e-13	297.086	8.49639e-09	1.04412e-09	0	17	32090855	32090855
5.7035	20.281719	-36.0608	13.1892	0	0	0	86415732	2	0	0	0	297.051	20.284865	8.465488e-09	1.04202e-09	-1790.667	7.7091023e+08	5.3140476e+08	2.0118006	6.0191411	1.8907075	2829	19	1132	1097	59	79	0	0	0	16.997457	0	5.7026535	0	0	0	0	0	0	297.846	-5.22782e-13	297.061	8.42168e-09	1.04407e-09	0	24	31926021	31926021
5.704	20.279864	-36.064	13.189	0	0	0	86415736	2	0	0	0	297.02238	20.282365	8.419821e-09	1.042009e-09	-1790.667	7.7091023e+08	5.3140099e+08	2.0122502	5.5403845	1.9007638	2727	21	1115	1009	61	81	1	0	0	16.997457	0	5.7033268	0	0	0	0	0	0	297.846	-5.22782e-13	297.032	8.39453e-09	1.04326e-09	0	16	31751590	31751590
5.7045	20.278009	-36.0672	13.1889	0	0	0	86415739	2	0	0	0	297.00012	20.279865	8.563148e-09	1.044446e-09	-1790.667	7.7091023e+08	5.3264566e+08	2.0120957	6.136408	1.8886253	2807	18	1164	1014	66	95	0	0	0	16.997457	0	5.7040003	0	0	0	0	0	0	297.846	-5.22782e-13	297.004	8.55567e-09	1.04338e-09	0	19	32289840	32289840
5.705	20.276154	-36.0703	13.1887	0	0	0	86415743	2	0	0	0	296.97127	20.277365	8.651106e-09	1.045464e-09	-1790.667	7.7091023e+08	5.3316669e+08	2.0118608	6.0202972	1.8907408	2790	23	1078	1107	62	91	0	0	0	16.997457	0	5.7046739	0	0	0	0	0	0	297.846	-5.22782e-13	296.975	8.63699e-09	1.04432e-09	0	17	32619244	32619244
5.7055	20.274299	-36.0735	13.1885	0	0	0	86415747	2	0	0	0	296.94121	20.277365	8.782042e-09	1.044331e-09	-1790.667	7.7091023e+08	5.3259076e+08	2.0122534	5.7319062	1.896913	2982	24	1223	1130	67	95	1	0	0	16.997457	0	5.7046739	0	0	0	0	0	0	297.846	-5.22782e-13	296.953	8.74687e-09	1.04449e-09	0	26	33110642	33110642
5.706	20.272444	-36.0766	13.1883	0	0	0	86415751	2	0	0	0	296.91798	20.274865	8.929874e-09	1.044167e-09	-1790.667	7.7091023e+08	5.32509e+08	2.0122314	6.129156	1.8888986	2926	38	1159	1130	55	79	0	0	0	16.997457	0	5.7053477	0	0	0	0	0	0	297.846	-5.22782e-13	296.922	8.9063e-09	1.0442e-09	0	29	33665669	33665669
5.7065	20.270589	-36.0798	13.1882	0	0	0	86415754	2	0	0	0	296.89298	20.272365	9.167923e-09	1.042642e-09	-1790.667	7.7091023e+08	5.3173317e+08	2.0122458	6.4147234	1.8831658	2917	21	1139	1135	52	76	1	0	0	16.997457	0	5.7060217	0	0	0	0	0	0	297.846	-5.22782e-13	296.896	9.12602e-09	1.04361e-09	0	21	34560714	34560714
5.707	20.268734	-36.083	13.188	0	0	0	86415758	2	0	0	0	296.86184	20.269865	9.350241e-09	1.043404e-09	-1790.667	7.7091023e+08	5.3212368e+08	2.0118298	6.4327033	1.8824147	3013	25	1160	1194	60	93	1	0	0	16.997457	0	5.7066958	0	0	0	0	0	0	297.846	-5.22782e-13	296.866	9.28468e-09	1.04436e-09	0	23	35245558	35245558
5.7075	20.266884	-36.0861	13.1878	0	0	0	86415762	2	0	0	0	296.83331	20.269865	9.450911e-09	1.043416e-09	-1790.667	7.7091023e+08	5.3213171e+08	2.0119034	6.5975972	1.8791661	2981	21	1177	1144	70	104	0	0	0	16.997457	0	5.7066958	0	0	0	0	0	0	297.846	-5.22782e-13	296.845	9.42413e-09	1.04389e-09	0	18	35622557	35622557
5.708	20.265029	-36.0893	13.1877	0	0	0	86415766	2	0	0	0	296.80351	20.267365	9.587275e-09	1.042924e-09	-1790.667	7.7091023e+08	5.3188271e+08	2.0118205	6.3578794	1.8839114	3009	19	1120	1207	67	102	1	0	0	16.997457	0	5.7073701	0	0	0	0	0	0	297.846	-5.22782e-13	296.815	9.53703e-09	1.0439e-09	0	20	36134033	36134033
5.7085	20.263179	-36.0924	13.1875	0	0	0	86415769	2	0	0	0	296.78219	20.264865	9.811931e-09	1.043595e-09	-1790.667	7.7091023e+08	5.3222684e+08	2.0118198	6.6056969	1.8789251	3014	25	1130	1148	67	93	0	0	0	16.997457	0	5.7080446	0	0	0	0	0	0	297.846	-5.22782e-13	296.786	9.76789e-09	1.04466e-09	0	22	36978184	36978184
5.709	20.261324	-36.0956	13.1873	0	0	0	86415773	2	0	0	0	296.75428	20.264865	9.99388e-09	1.043908e-09	-1790.667	7.7091023e+08	5.323884e+08	2.0118342	6.1244171	1.8886211	3198	40	1191	1281	70	99	0	0	0	16.997457	0	5.7080446	0	0	0	0	0	0	297.846	-5.22782e-13	296.761	9.94775e-09	1.04457e-09	0	19	37661278	37661278
5.7095	20.259474	-36.0988	13.1871	0	0	0	86415777	2	0	0	0	296.72586	20.262365	1.013153e-08	1.044139e-09	-1790.667	7.7091023e+08	5.3250816e+08	2.0121846	6.2989528	1.8854381	3221	32	1186	1299	64	96	0	0	0	16.997457	0	5.7087193	0	0	0	0	0	0	297.846	-5.22782e-13	296.735	1.00865e-08	1.04387e-09	0	19	38177352	38177352
5.71	20.257619	-36.1019	13.187	0	0	0	86415780	2	0	0	0	296.70329	20.259865	1.034187e-08	1.04157e-09	-1790.667	7.7091023e+08	5.3119993e+08	2.012239	6.5254593	1.8809312	3172	29	1166	1268	63	89	0	0	0	16.997457	0	5.7093941	0	0	0	0	0	0	297.846	-5.22782e-13	296.706	1.03246e-08	1.0432e-09	0	19	38967243	38967243
5.7105	20.255769	-36.1051	13.1868	0	0	0	86415784	2	0	0	0	296.67089	20.257365	1.038974e-08	1.044187e-09	-1790.667	7.7091023e+08	5.3253656e+08	2.0122272	6.7078708	1.8772496	3264	30	1168	1295	80	110	0	0	0	16.997457	0	5.7100691	0	0	0	0	0	0	297.846	-5.22782e-13	296.676	1.03732e-08	1.04346e-09	0	25	39144895	39144895
5.711	20.253919	-36.1083	13.1866	0	0	0	86415788	2	0	0	0	296.64425	20.257365	1.056225e-08	1.041727e-09	-1790.667	7.7091023e+08	5.3128392e+08	2.0120355	6.2278821	1.8867283	3254	26	1221	1290	66	91	1	0	0	16.997457	0	5.7100691	0	0	0	0	0	0	297.846	-5.22782e-13	296.656	1.04517e-08	1.04277e-09	0	21	39792089	39792089
5.7115	20.252069	-36.1114	13.1865	0	0	0	86415792	2	0	0	0	296.61583	20.254865	1.041377e-08	1.043603e-09	-1790.667	7.7091023e+08	5.3224267e+08	2.0121267	7.0357239	1.870559	3247	34	1249	1246	66	92	1	0	0	16.997457	0	5.7107442	0	0	0	0	0	0	297.846	-5.22782e-13	296.62	1.04448e-08	1.0436e-09	0	23	39229984	39229984
5.712	20.250214	-36.1146	13.1863	0	0	0	86415796	2	0	0	0	296.58651	20.252365	1.043429e-08	1.043917e-09	-1790.667	7.7091023e+08	5.324048e+08	2.0118944	6.6014916	1.8790794	3157	34	1157	1257	70	106	0	0	0	16.997457	0	5.7114196	0	0	0	0	0	0	297.846	-5.22782e-13	296.596	1.04251e-08	1.04407e-09	0	24	39304556	39304556
5.7125	20.248364	-36.1177	13.1861	0	0	0	86415800	2	0	0	0	296.55943	20.249865	1.054343e-08	1.044093e-09	-1790.667	7.7091023e+08	5.3249656e+08	2.0121632	6.8229058	1.8748752	3206	32	1187	1289	77	109	0	0	0	16.997457	0	5.7120951	0	0	0	0	0	0	297.846	-5.22782e-13	296.569	1.05339e-08	1.04417e-09	0	25	39712915	39712915
5.713	20.246514	-36.1209	13.186	0	0	0	86415803	2	0	0	0	296.53644	20.249865	1.063579e-08	1.043091e-09	-1790.667	7.7091023e+08	5.3198754e+08	2.0118698	6.2455256	1.8862179	3286	30	1195	1361	70	99	1	0	0	16.997457	0	5.7120951	0	0	0	0	0	0	297.846	-5.22782e-13	296.541	1.05972e-08	1.04343e-09	0	20	40058018	40058018
5.7135	20.244669	-36.1241	13.1858	0	0	0	86415807	2	0	0	0	296.5064	20.247365	1.071579e-08	1.044059e-09	-1790.667	7.7091023e+08	5.3248325e+08	2.0122365	6.3845538	1.8837642	3211	31	1156	1337	84	113	0	0	0	16.997457	0	5.7127708	0	0	0	0	0	0	297.846	-5.22782e-13	296.51	1.06321e-08	1.0427e-09	0	15	40356524	40356524
5.714	20.242819	-36.1272	13.1856	0	0	0	86415811	2	0	0	0	296.47898	20.244865	1.064732e-08	1.043917e-09	-1790.667	7.7091023e+08	5.3241286e+08	2.0120611	6.5405568	1.8804611	3165	38	1149	1296	77	107	0	0	0	16.997457	0	5.7134466	0	0	0	0	0	0	297.846	-5.22782e-13	296.492	1.06705e-08	1.04446e-09	0	18	40095877	40095877
5.7145	20.240969	-36.1304	13.1854	0	0	0	86415815	2	0	0	0	296.45004	20.242365	1.073296e-08	1.044867e-09	-1790.667	7.7091023e+08	5.3289941e+08	2.0119222	5.7020892	1.8972006	3155	37	1166	1258	84	115	2	0	0	16.997457	0	5.7141226	0	0	0	0	0	0	297.846	-5.22782e-13	296.462	1.07144e-08	1.04416e-09	0	21	40415577	40415577
5.715	20.239119	-36.1335	13.1853	0	0	0	86415818	2	0	0	0	296.42689	20.242365	1.0764e-08	1.043428e-09	-1790.667	7.7091023e+08	5.3216754e+08	2.0118611	6.2760913	1.8855949	3232	37	1169	1336	86	118	0	0	0	16.997457	0	5.7141226	0	0	0	0	0	0	297.846	-5.22782e-13	296.431	1.07533e-08	1.04278e-09	0	17	40529647	40529647
5.7155	20.237274	-36.1367	13.1851	0	0	0	86415822	2	0	0	0	298.41691	20.239865	1.107402e-08	1.051291e-09	-1790.667	7.7091023e+08	5.3617988e+08	2.0121536	6.7156543	1.8770243	3295	42	1174	1324	71	97	0	0	0	16.997457	0	5.7147988	0	0	0	0	0	0	297.846	-5.22782e-13	297.752	1.086e-08	1.04939e-09	0	32	41694070	41694070
5.716	20.235424	-36.1399	13.1849	0	0	0	86415826	2	0	0	0	298.38712	20.237365	1.107507e-08	1.050093e-09	-1790.667	7.7091023e+08	5.3557095e+08	2.012143	6.9309426	1.8726826	3306	46	1242	1299	80	119	0	0	0	16.997457	0	5.7154752	0	0	0	0	0	0	297.846	-5.22782e-13	298.399	1.10744e-08	1.05026e-09	0	19	41695130	41695130
5.7165	20.233579	-36.143	13.1848	0	0	0	86415829	2	0	0	0	298.36712	20.234865	1.114865e-08	1.050127e-09	-1790.667	7.7091023e+08	5.3559037e+08	2.0122797	7.1471894	1.8684582	3323	39	1155	1378	70	105	0	0	0	16.997457	0	5.7161517	0	0	0	0	0	0	297.846	-5.22782e-13	298.37	1.11114e-08	1.0499e-09	0	26	41969230	41969230
5.717	20.231729	-36.1462	13.1846	0	0	0	86415833	2	0	0	0	298.33558	20.234865	1.122725e-08	1.050221e-09	-1790.667	7.7091023e+08	5.3564041e+08	2.0119974	6.7355473	1.8764784	3381	61	1194	1387	86	112	0	0	0	16.997457	0	5.7161517	0	0	0	0	0	0	297.846	-5.22782e-13	298.339	1.11679e-08	1.05037e-09	0	17	42262188	42262188
5.7175	20.229884	-36.1494	13.1844	0	0	0	86415837	2	0	0	0	298.30596	20.232365	1.118265e-08	1.051975e-09	-1790.667	7.7091023e+08	5.365371e+08	2.0122637	6.3081355	1.8853274	3349	47	1162	1403	83	113	1	0	0	16.997457	0	5.7168284	0	0	0	0	0	0	297.846	-5.22782e-13	298.313	1.11476e-08	1.05215e-09	0	27	42091382	42091382
5.718	20.228039	-36.1525	13.1842	0	0	0	86415841	2	0	0	0	298.27689	20.229865	1.117449e-08	1.051795e-09	-1790.667	7.7091023e+08	5.3644741e+08	2.0118125	7.3055715	1.8648381	3501	55	1247	1434	91	120	0	0	0	16.997457	0	5.7175053	0	0	0	0	0	0	297.846	-5.22782e-13	298.287	1.11607e-08	1.05113e-09	0	20	42057750	42057750
5.7185	20.226189	-36.1557	13.1841	0	0	0	86415844	2	0	0	0	298.25622	20.227365	1.123326e-08	1.052364e-09	-1790.667	7.7091023e+08	5.3673974e+08	2.0120618	6.771323	1.8758186	3322	52	1201	1318	71	91	1	0	0	16.997457	0	5.7181823	0	0	0	0	0	0	297.846	-5.22782e-13	298.259	1.11907e-08	1.05171e-09	0	17	42276011	42276011
5.719	20.224344	-36.1588	13.1839	0	0	0	86415849	2	0	0	0	298.2193	20.227365	1.129393e-08	1.053021e-09	-1790.667	7.7091023e+08	5.3707697e+08	2.0117949	7.07595	1.8694413	3382	56	1170	1382	75	110	0	0	0	16.997457	0	5.7181823	0	0	0	0	0	0	297.846	-5.22782e-13	298.229	1.12376e-08	1.0517e-09	0	24	42501392	42501392
5.7195	20.222499	-36.162	13.1837	0	0	0	86415853	2	0	0	0	298.19684	20.224865	1.130645e-08	1.052909e-09	-1790.667	7.7091023e+08	5.3702199e+08	2.0121494	6.347123	1.8844358	3433	74	1177	1424	81	117	0	0	0	16.997457	0	5.7188595	0	0	0	0	0	0	297.846	-5.22782e-13	298.2	1.12619e-08	1.05274e-09	0	16	42545556	42545556
5.72	20.220654	-36.1652	13.1836	0	0	0	86415856	2	0	0	0	298.16874	20.222365	1.139432e-08	1.054323e-09	-1790.667	7.7091023e+08	5.3774533e+08	2.0120544	6.3401546	1.884487	3408	75	1175	1401	74	115	0	0	0	16.997457	0	5.7195369	0	0	0	0	0	0	297.846	-5.22782e-13	298.172	1.13464e-08	1.05243e-09	0	17	42873233	42873233
5.7205	20.218809	-36.1683	13.1834	0	0	0	86415860	2	0	0	0	298.13942	20.222365	1.149132e-08	1.054271e-09	-1790.667	7.7091023e+08	5.3772098e+08	2.0121453	6.4460713	1.882441	3517	89	1225	1461	79	111	4	0	0	16.997457	0	5.7195369	0	0	0	0	0	0	297.846	-5.22782e-13	298.144	1.14474e-08	1.05421e-09	0	27	43235214	43235214
5.721	20.216969	-36.1715	13.1832	0	0	0	86415864	2	0	0	0	298.10849	20.219865	1.142555e-08	1.054341e-09	-1790.667	7.7091023e+08	5.3775885e+08	2.01196	7.0583988	1.8699478	3449	90	1210	1396	75	115	0	0	0	16.997457	0	5.7202145	0	0	0	0	0	0	297.846	-5.22782e-13	298.12	1.14357e-08	1.05338e-09	0	30	42984778	42984778
5.7215	20.215124	-36.1746	13.1831	0	0	0	86415868	2	0	0	0	298.08774	20.217365	1.150135e-08	1.052618e-09	-1790.667	7.7091023e+08	5.3688223e+08	2.0117984	7.0200752	1.8705686	3550	111	1235	1469	79	104	0	0	0	16.997457	0	5.7208922	0	0	0	0	0	0	297.846	-5.22782e-13	298.091	1.15266e-08	1.05346e-09	0	13	43266950	43266950
5.722	20.213279	-36.1778	13.1829	0	0	0	86415871	2	0	0	0	298.05854	20.214865	1.165477e-08	1.053385e-09	-1790.667	7.7091023e+08	5.3727562e+08	2.0118506	6.7562394	1.8759251	3502	106	1216	1404	84	119	0	0	0	16.997457	0	5.7215701	0	0	0	0	0	0	297.846	-5.22782e-13	298.062	1.15949e-08	1.05333e-09	0	20	43841060	43841060
5.7225	20.211434	-36.181	13.1827	0	0	0	86415875	2	0	0	0	298.03069	20.214865	1.164124e-08	1.050905e-09	-1790.667	7.7091023e+08	5.360129e+08	2.0120928	6.507835	1.8811491	3530	122	1265	1382	86	111	0	0	0	16.997457	0	5.7215701	0	0	0	0	0	0	297.846	-5.22782e-13	298.033	1.15954e-08	1.0527e-09	0	26	43787129	43787129
5.723	20.209594	-36.1841	13.1825	0	0	0	86415879	2	0	0	0	298.00136	20.212365	1.155787e-08	1.051728e-09	-1790.667	7.7091023e+08	5.3643487e+08	2.0118339	6.8539574	1.8739437	3560	129	1222	1474	85	114	0	0	0	16.997457	0	5.7222482	0	0	0	0	0	0	297.846	-5.22782e-13	298.011	1.15879e-08	1.05311e-09	0	26	43470528	43470528
5.7235	20.207749	-36.1873	13.1824	0	0	0	86415882	2	0	0	0	297.97878	20.209865	1.15997e-08	1.053115e-09	-1790.667	7.7091023e+08	5.3714453e+08	2.0121162	7.2225015	1.866791	3571	164	1280	1387	67	94	0	0	0	16.997457	0	5.7229264	0	0	0	0	0	0	297.846	-5.22782e-13	297.982	1.1586e-08	1.0527e-09	0	19	43624831	43624831
5.724	20.205909	-36.1904	13.1822	0	0	0	86415886	2	0	0	0	297.94943	20.207365	1.162428e-08	1.05052e-09	-1790.667	7.7091023e+08	5.3582316e+08	2.0121792	7.1109054	1.869095	3606	158	1238	1416	94	136	1	0	0	16.997457	0	5.7236049	0	0	0	0	0	0	297.846	-5.22782e-13	297.953	1.15986e-08	1.05124e-09	0	29	43714242	43714242
5.7245	20.204069	-36.1936	13.182	0	0	0	86415890	2	0	0	0	297.9213	20.207365	1.157894e-08	1.050603e-09	-1790.667	7.7091023e+08	5.3586773e+08	2.012127	6.9016716	1.8732566	3822	208	1360	1441	77	107	2	0	0	16.997457	0	5.7236049	0	0	0	0	0	0	297.846	-5.22782e-13	297.927	1.15647e-08	1.05202e-09	0	20	43540718	43540718
5.725	20.202224	-36.1968	13.1819	0	0	0	86415894	2	0	0	0	297.89218	20.204865	1.15848e-08	1.050763e-09	-1790.667	7.7091023e+08	5.3595157e+08	2.0118093	6.6433812	1.8781571	3727	213	1312	1430	71	107	3	0	0	16.997457	0	5.7242834	0	0	0	0	0	0	297.846	-5.22782e-13	297.902	1.15935e-08	1.05136e-09	0	22	43559734	43559734
5.7255	20.200384	-36.1999	13.1817	0	0	0	86415897	2	0	0	0	297.86926	20.202365	1.155912e-08	1.050996e-09	-1790.667	7.7091023e+08	5.3607267e+08	2.0122128	6.9187116	1.8729936	3826	259	1350	1431	86	120	1	0	0	16.997457	0	5.7249622	0	0	0	0	0	0	297.846	-5.22782e-13	297.873	1.15906e-08	1.05187e-09	0	23	43460162	43460162
5.726	20.198544	-36.2031	13.1815	0	0	0	86415901	2	0	0	0	297.83993	20.199865	1.165721e-08	1.050491e-09	-1790.667	7.7091023e+08	5.3581734e+08	2.012273	6.6578005	1.8782998	3813	329	1305	1417	75	108	1	0	0	16.997457	0	5.7256411	0	0	0	0	0	0	297.846	-5.22782e-13	297.844	1.16245e-08	1.05094e-09	0	16	43825925	43825925
5.7265	20.196704	-36.2063	13.1814	0	0	0	86415905	2	0	0	0	297.8124	20.199865	1.162772e-08	1.049976e-09	-1790.667	7.7091023e+08	5.3555692e+08	2.0121466	6.5759504	1.8798288	3853	298	1328	1457	69	102	4	0	0	16.997457	0	5.7256411	0	0	0	0	0	0	297.846	-5.22782e-13	297.819	1.15818e-08	1.05067e-09	0	19	43712026	43712026
5.727	20.194864	-36.2094	13.1812	0	0	0	86415909	2	0	0	0	297.78125	20.197365	1.163856e-08	1.048727e-09	-1790.667	7.7091023e+08	5.3492212e+08	2.0122189	6.958082	1.872207	3881	349	1336	1390	72	105	0	0	0	16.997457	0	5.7263202	0	0	0	0	0	0	297.846	-5.22782e-13	297.794	1.15747e-08	1.05072e-09	0	17	43749744	43749744
5.7275	20.193024	-36.2126	13.181	0	0	0	86415913	2	0	0	0	297.75416	20.194865	1.154687e-08	1.050221e-09	-1790.667	7.7091023e+08	5.3568644e+08	2.0119277	7.0758806	1.8695661	3962	364	1365	1498	83	112	2	0	0	16.997457	0	5.7269995	0	0	0	0	0	0	297.846	-5.22782e-13	297.765	1.15465e-08	1.04995e-09	0	34	43402071	43402071
5.728	20.191184	-36.2157	13.1809	0	0	0	86415916	2	0	0	0	297.73254	20.194865	1.154027e-08	1.052106e-09	-1790.667	7.7091023e+08	5.3665022e+08	2.0120378	6.6126632	1.8789885	4025	410	1399	1409	75	111	1	0	0	16.997457	0	5.7269995	0	0	0	0	0	0	297.846	-5.22782e-13	297.735	1.15178e-08	1.05159e-09	0	20	43374257	43374257
5.7285	20.189344	-36.2189	13.1807	0	0	0	86415920	2	0	0	0	297.70168	20.192365	1.146516e-08	1.051413e-09	-1790.667	7.7091023e+08	5.3629904e+08	2.0121798	6.7961639	1.8754288	4069	419	1485	1443	83	114	1	0	0	16.997457	0	5.727679	0	0	0	0	0	0	297.846	-5.22782e-13	297.705	1.14331e-08	1.0507e-09	0	20	43088969	43088969
5.729	20.187504	-36.2221	13.1805	0	0	0	86415924	2	0	0	0	297.67212	20.189865	1.156137e-08	1.049948e-09	-1790.667	7.7091023e+08	5.3555409e+08	2.0120813	6.8753167	1.8737443	3966	464	1354	1374	81	103	1	0	0	16.997457	0	5.7283586	0	0	0	0	0	0	297.846	-5.22782e-13	297.684	1.15984e-08	1.05019e-09	0	16	43447540	43447540
5.7295	20.185669	-36.2252	13.1803	0	0	0	86415928	2	0	0	0	297.6423	20.187365	1.166912e-08	1.051346e-09	-1790.667	7.7091023e+08	5.362695e+08	2.0121328	6.9003954	1.8732877	4019	416	1433	1376	80	116	2	0	0	16.997457	0	5.7290384	0	0	0	0	0	0	297.846	-5.22782e-13	297.654	1.16913e-08	1.05097e-09	0	18	43849425	43849425
5.73	20.183829	-36.2284	13.1802	0	0	0	86415931	2	0	0	0	297.6214	20.187365	1.171349e-08	1.050564e-09	-1790.667	7.7091023e+08	5.3587295e+08	2.0120448	7.0542366	1.8701104	4136	429	1454	1437	89	121	2	0	0	16.997457	0	5.7290384	0	0	0	0	0	0	297.846	-5.22782e-13	297.625	1.16844e-08	1.04934e-09	0	23	44013106	44013106
5.7305	20.181989	-36.2315	13.18	0	0	0	86415935	2	0	0	0	297.59215	20.184865	1.16613e-08	1.051268e-09	-1790.667	7.7091023e+08	5.3623438e+08	2.0119718	6.9750479	1.8716358	4081	458	1453	1372	74	102	1	0	0	16.997457	0	5.7297183	0	0	0	0	0	0	297.846	-5.22782e-13	297.597	1.16367e-08	1.05128e-09	0	28	43813968	43813968
5.731	20.180154	-36.2347	13.1798	0	0	0	86415939	2	0	0	0	297.5636	20.182365	1.16533e-08	1.052909e-09	-1790.667	7.7091023e+08	5.3707378e+08	2.0119939	7.1487294	1.8681619	4170	439	1461	1463	86	125	4	0	0	16.997457	0	5.7303985	0	0	0	0	0	0	297.846	-5.22782e-13	297.575	1.16919e-08	1.05081e-09	0	26	43780878	43780878
5.7315	20.178319	-36.2379	13.1797	0	0	0	86415943	2	0	0	0	297.53515	20.179865	1.163134e-08	1.052161e-09	-1790.667	7.7091023e+08	5.366946e+08	2.0118774	6.7884056	1.875303	4135	462	1443	1436	83	126	3	0	0	16.997457	0	5.7310788	0	0	0	0	0	0	297.846	-5.22782e-13	297.546	1.1634e-08	1.05115e-09	0	27	43695348	43695348
5.732	20.176479	-36.241	13.1795	0	0	0	86415946	2	0	0	0	297.51375	20.179865	1.178415e-08	1.050646e-09	-1790.667	7.7091023e+08	5.3592418e+08	2.012257	6.6156004	1.8791341	4121	437	1404	1469	85	118	4	0	0	16.997457	0	5.7310788	0	0	0	0	0	0	297.846	-5.22782e-13	297.518	1.17352e-08	1.05009e-09	0	21	44266342	44266342
5.7325	20.174644	-36.2442	13.1793	0	0	0	86415950	2	0	0	0	297.48389	20.177365	1.184845e-08	1.050344e-09	-1790.667	7.7091023e+08	5.357725e+08	2.0121014	6.6686101	1.8779222	4112	416	1469	1451	85	112	1	0	0	16.997457	0	5.7317593	0	0	0	0	0	0	297.846	-5.22782e-13	297.487	1.18005e-08	1.05082e-09	0	21	44504798	44504798
5.733	20.172809	-36.2474	13.1792	0	0	0	86415954	2	0	0	0	297.45602	20.174865	1.179766e-08	1.051429e-09	-1790.667	7.7091023e+08	5.3632834e+08	2.012073	6.9890269	1.8714486	4158	448	1447	1421	95	134	2	0	0	16.997457	0	5.7324399	0	0	0	0	0	0	297.846	-5.22782e-13	297.465	1.17712e-08	1.05134e-09	0	23	44310953	44310953
5.7335	20.170974	-36.2505	13.179	0	0	0	86415958	2	0	0	0	297.42659	20.172365	1.174693e-08	1.049772e-09	-1790.667	7.7091023e+08	5.354855e+08	2.0118019	6.7710046	1.8755827	4140	416	1420	1474	76	111	1	0	0	16.997457	0	5.7331208	0	0	0	0	0	0	297.846	-5.22782e-13	297.437	1.17595e-08	1.05123e-09	0	30	44117360	44117360
5.734	20.169139	-36.2537	13.1788	0	0	0	86415961	2	0	0	0	297.40358	20.172365	1.173672e-08	1.052745e-09	-1790.667	7.7091023e+08	5.3700442e+08	2.011847	6.8245347	1.8745478	4165	428	1465	1469	78	105	3	0	0	16.997457	0	5.7331208	0	0	0	0	0	0	297.846	-5.22782e-13	297.407	1.17013e-08	1.05277e-09	0	34	44075962	44075962
5.7345	20.167304	-36.2568	13.1787	0	0	0	86415965	2	0	0	0	297.37511	20.169865	1.176422e-08	1.051747e-09	-1790.667	7.7091023e+08	5.3649776e+08	2.012137	6.9797237	1.8716954	4032	387	1420	1436	83	120	3	0	0	16.997457	0	5.7338018	0	0	0	0	0	0	297.846	-5.22782e-13	297.378	1.16887e-08	1.05155e-09	0	18	44176176	44176176
5.735	20.165469	-36.26	13.1785	0	0	0	86415969	2	0	0	0	297.34363	20.167365	1.171255e-08	1.053092e-09	-1790.667	7.7091023e+08	5.3718627e+08	2.01216	7.0770356	1.8697587	4043	383	1368	1413	88	121	3	0	0	16.997457	0	5.7344829	0	0	0	0	0	0	297.846	-5.22782e-13	297.352	1.1735e-08	1.05171e-09	0	16	43979104	43979104
5.7355	20.163634	-36.2632	13.1783	0	0	0	86415973	2	0	0	0	297.31597	20.167365	1.183336e-08	1.052241e-09	-1790.667	7.7091023e+08	5.367546e+08	2.0119139	6.8649617	1.8737968	4130	398	1477	1400	92	129	2	0	0	16.997457	0	5.7344829	0	0	0	0	0	0	297.846	-5.22782e-13	297.32	1.17619e-08	1.05259e-09	0	18	44429653	44429653
5.736	20.161799	-36.2663	13.1781	0	0	0	86415977	2	0	0	0	297.28742	20.164865	1.18018e-08	1.051557e-09	-1790.667	7.7091023e+08	5.3640813e+08	2.0119523	6.7294796	1.8765584	4061	413	1397	1428	96	138	3	0	0	16.997457	0	5.7351643	0	0	0	0	0	0	297.846	-5.22782e-13	297.294	1.17746e-08	1.05324e-09	0	19	44308090	44308090
5.7365	20.159964	-36.2695	13.178	0	0	0	86415981	2	0	0	0	297.25775	20.162365	1.172035e-08	1.052531e-09	-1790.667	7.7091023e+08	5.3690742e+08	2.0122326	7.0076987	1.8712214	4059	403	1423	1442	81	111	4	0	0	16.997457	0	5.7358458	0	0	0	0	0	0	297.846	-5.22782e-13	297.269	1.1786e-08	1.05227e-09	0	19	43999252	43999252
5.737	20.158134	-36.2726	13.1778	0	0	0	86415984	2	0	0	0	297.23658	20.159865	1.178306e-08	1.052694e-09	-1790.667	7.7091023e+08	5.3699303e+08	2.0121974	7.6807413	1.8576458	4116	391	1465	1444	80	112	0	0	0	16.997457	0	5.7365275	0	0	0	0	0	0	297.846	-5.22782e-13	297.241	1.18014e-08	1.05265e-09	0	22	44231609	44231609
5.7375	20.156299	-36.2758	13.1776	0	0	0	86415988	2	0	0	0	297.20858	20.159865	1.183741e-08	1.052754e-09	-1790.667	7.7091023e+08	5.3702611e+08	2.0120659	6.877882	1.8736784	4170	411	1512	1453	73	96	3	0	0	16.997457	0	5.7365275	0	0	0	0	0	0	297.846	-5.22782e-13	297.211	1.18258e-08	1.05261e-09	0	21	44432553	44432553
5.738	20.154464	-36.279	13.1775	0	0	0	86415992	2	0	0	0	297.17849	20.157365	1.184006e-08	1.051664e-09	-1790.667	7.7091023e+08	5.3647255e+08	2.0122413	6.8880805	1.8736365	4095	437	1373	1458	75	113	2	0	0	16.997457	0	5.7372093	0	0	0	0	0	0	297.846	-5.22782e-13	297.189	1.18194e-08	1.05173e-09	0	18	44439424	44439424
5.7385	20.152634	-36.2821	13.1773	0	0	0	86415996	2	0	0	0	297.15044	20.154865	1.184312e-08	1.049784e-09	-1790.667	7.7091023e+08	5.3551601e+08	2.0118602	6.9471707	1.8720928	4070	409	1439	1440	70	108	1	0	0	16.997457	0	5.7378914	0	0	0	0	0	0	297.846	-5.22782e-13	297.16	1.18556e-08	1.05158e-09	0	20	44447833	44447833
5.739	20.150804	-36.2853	13.1771	0	0	0	86415999	2	0	0	0	297.12921	20.152365	1.183749e-08	1.051557e-09	-1790.667	7.7091023e+08	5.3642295e+08	2.0120826	7.5990361	1.8591837	4166	424	1445	1506	72	100	2	0	0	16.997457	0	5.7385736	0	0	0	0	0	0	297.846	-5.22782e-13	297.132	1.18985e-08	1.05104e-09	0	23	44423628	44423628
5.7395	20.148969	-36.2884	13.177	0	0	0	86416003	2	0	0	0	297.09927	20.152365	1.189559e-08	1.050067e-09	-1790.667	7.7091023e+08	5.3566536e+08	2.0122205	7.3873893	1.8635699	4058	443	1398	1443	84	118	0	0	0	16.997457	0	5.7385736	0	0	0	0	0	0	297.846	-5.22782e-13	297.101	1.187e-08	1.04989e-09	0	19	44638576	44638576
5.74	20.147139	-36.2916	13.1768	0	0	0	86416007	2	0	0	0	297.0704	20.149865	1.188527e-08	1.050221e-09	-1790.667	7.7091023e+08	5.3574643e+08	2.0120429	6.7099007	1.8770368	4134	424	1415	1462	86	127	1	0	0	16.997457	0	5.739256	0	0	0	0	0	0	297.846	-5.22782e-13	297.08	1.18557e-08	1.05071e-09	0	14	44596764	44596764
5.7405	20.145309	-36.2948	13.1766	0	0	0	86416011	2	0	0	0	297.04157	20.147365	1.193394e-08	1.050992e-09	-1790.667	7.7091023e+08	5.3614226e+08	2.0121034	7.3370545	1.8644742	4155	418	1442	1471	78	117	3	0	0	16.997457	0	5.7399385	0	0	0	0	0	0	297.846	-5.22782e-13	297.052	1.19167e-08	1.04926e-09	0	27	44776288	44776288
5.741	20.143479	-36.2979	13.1765	0	0	0	86416014	2	0	0	0	297.01855	20.144865	1.188518e-08	1.049001e-09	-1790.667	7.7091023e+08	5.3512911e+08	2.0117946	6.9640192	1.8716928	4096	365	1500	1399	85	121	2	0	0	16.997457	0	5.7406213	0	0	0	0	0	0	297.846	-5.22782e-13	297.022	1.1897e-08	1.04918e-09	0	27	44590254	44590254
5.7415	20.141649	-36.3011	13.1763	0	0	0	86416018	2	0	0	0	296.99159	20.144865	1.197242e-08	1.05036e-09	-1790.667	7.7091023e+08	5.3582492e+08	2.0121686	6.6495739	1.878368	4141	365	1420	1511	81	125	0	0	0	16.997457	0	5.7406213	0	0	0	0	0	0	297.846	-5.22782e-13	296.995	1.1923e-08	1.04968e-09	0	20	44914450	44914450
5.742	20.139819	-36.3043	13.1761	0	0	0	86416022	2	0	0	0	296.96183	20.142365	1.196833e-08	1.052546e-09	-1790.667	7.7091023e+08	5.3694262e+08	2.012192	7.0891843	1.869544	4004	365	1397	1383	73	114	2	0	0	16.997457	0	5.7413042	0	0	0	0	0	0	297.846	-5.22782e-13	296.969	1.19314e-08	1.05143e-09	0	26	44896000	44896000
5.7425	20.137989	-36.3074	13.176	0	0	0	86416026	2	0	0	0	296.93329	20.139865	1.186388e-08	1.049983e-09	-1790.667	7.7091023e+08	5.3563769e+08	2.0118886	8.0573048	1.8497846	3996	353	1396	1438	68	109	1	0	0	16.997457	0	5.7419872	0	0	0	0	0	0	297.846	-5.22782e-13	296.944	1.18934e-08	1.05161e-09	0	19	44501104	44501104
5.743	20.136159	-36.3106	13.1758	0	0	0	86416030	2	0	0	0	296.90291	20.139865	1.191457e-08	1.051294e-09	-1790.667	7.7091023e+08	5.3630905e+08	2.0119744	6.8928591	1.8732918	4001	334	1419	1411	74	111	1	0	0	16.997457	0	5.7419872	0	0	0	0	0	0	297.846	-5.22782e-13	296.915	1.19141e-08	1.05171e-09	0	24	44688150	44688150
5.7435	20.134329	-36.3137	13.1756	0	0	0	86416034	2	0	0	0	296.87496	20.137365	1.187941e-08	1.052408e-09	-1790.667	7.7091023e+08	5.3687992e+08	2.0120826	7.26402	1.8659245	3860	324	1352	1395	88	132	1	0	0	16.997457	0	5.7426705	0	0	0	0	0	0	297.846	-5.22782e-13	296.885	1.1893e-08	1.05117e-09	0	21	44553192	44553192
5.744	20.132499	-36.3169	13.1755	0	0	0	86416037	2	0	0	0	296.85411	20.134865	1.193045e-08	1.052598e-09	-1790.667	7.7091023e+08	5.3697944e+08	2.0118451	6.7178929	1.8766915	4032	300	1427	1490	68	99	5	0	0	16.997457	0	5.7433539	0	0	0	0	0	0	297.846	-5.22782e-13	296.857	1.19575e-08	1.05149e-09	0	22	44741521	44741521
5.7445	20.130674	-36.3201	13.1753	0	0	0	86416041	2	0	0	0	296.82385	20.132365	1.208426e-08	1.051811e-09	-1790.667	7.7091023e+08	5.3658054e+08	2.0119379	6.9619643	1.8718675	3999	307	1409	1459	89	113	2	0	0	16.997457	0	5.7440375	0	0	0	0	0	0	297.846	-5.22782e-13	296.827	1.19945e-08	1.0511e-09	0	22	45315204	45315204
5.745	20.128844	-36.3232	13.1751	0	0	0	86416045	2	0	0	0	296.7953	20.132365	1.207162e-08	1.052411e-09	-1790.667	7.7091023e+08	5.3688924e+08	2.0119222	6.5712758	1.8797133	3923	308	1357	1438	66	100	2	0	0	16.997457	0	5.7440375	0	0	0	0	0	0	297.846	-5.22782e-13	296.805	1.20113e-08	1.05245e-09	0	28	45264674	45264674
5.7455	20.127019	-36.3264	13.175	0	0	0	86416049	2	0	0	0	296.76653	20.129865	1.195026e-08	1.05166e-09	-1790.667	7.7091023e+08	5.3650872e+08	2.0118192	6.9583668	1.8718294	3942	283	1373	1497	84	118	2	0	0	16.997457	0	5.7447213	0	0	0	0	0	0	297.846	-5.22782e-13	296.775	1.19712e-08	1.05223e-09	0	31	44806514	44806514
5.746	20.125189	-36.3295	13.1748	0	0	0	86416052	2	0	0	0	296.74374	20.127365	1.190163e-08	1.053303e-09	-1790.667	7.7091023e+08	5.3734953e+08	2.0121597	6.4644412	1.8820848	3934	275	1417	1406	78	117	1	0	0	16.997457	0	5.7454052	0	0	0	0	0	0	297.846	-5.22782e-13	296.748	1.18553e-08	1.05328e-09	0	26	44621094	44621094
5.7465	20.123364	-36.3327	13.1746	0	0	0	86416056	2	0	0	0	296.71554	20.124865	1.187911e-08	1.055469e-09	-1790.667	7.7091023e+08	5.3845717e+08	2.0122458	7.3783592	1.863775	3860	265	1395	1417	72	113	2	0	0	16.997457	0	5.7460894	0	0	0	0	0	0	297.846	-5.22782e-13	296.718	1.18716e-08	1.05345e-09	0	16	44533583	44533583
5.747	20.121539	-36.3359	13.1745	0	0	0	86416060	2	0	0	0	296.68601	20.124865	1.189881e-08	1.052491e-09	-1790.667	7.7091023e+08	5.3694055e+08	2.0122752	6.6171625	1.8791197	3962	279	1381	1468	72	110	0	0	0	16.997457	0	5.7460894	0	0	0	0	0	0	297.846	-5.22782e-13	296.696	1.18931e-08	1.05225e-09	0	22	44604352	44604352
5.7475	20.119709	-36.339	13.1743	0	0	0	86416063	2	0	0	0	296.66402	20.122365	1.18805e-08	1.053683e-09	-1790.667	7.7091023e+08	5.3755132e+08	2.0121706	6.775696	1.875832	3904	288	1351	1519	73	108	0	0	0	16.997457	0	5.7467736	0	0	0	0	0	0	297.846	-5.22782e-13	296.667	1.19219e-08	1.05329e-09	0	19	44532636	44532636
5.748	20.117884	-36.3422	13.1741	0	0	0	86416067	2	0	0	0	296.6357	20.119865	1.197564e-08	1.053223e-09	-1790.667	7.7091023e+08	5.373193e+08	2.0118326	6.4564734	1.8819392	3924	265	1415	1469	91	116	0	0	0	16.997457	0	5.7474581	0	0	0	0	0	0	297.846	-5.22782e-13	296.64	1.19689e-08	1.05185e-09	0	22	44886153	44886153
5.7485	20.116059	-36.3454	13.174	0	0	0	86416071	2	0	0	0	296.60506	20.117365	1.198234e-08	1.051012e-09	-1790.667	7.7091023e+08	5.3619399e+08	2.0122902	6.7341697	1.8767792	3927	279	1412	1418	81	116	1	0	0	16.997457	0	5.7481428	0	0	0	0	0	0	297.846	-5.22782e-13	296.614	1.19687e-08	1.05015e-09	0	19	44908160	44908160
5.749	20.114234	-36.3485	13.1738	0	0	0	86416075	2	0	0	0	296.57821	20.117365	1.185082e-08	1.052459e-09	-1790.667	7.7091023e+08	5.3693488e+08	2.0119117	7.1828839	1.8673984	3900	290	1350	1448	91	127	0	0	0	16.997457	0	5.7481428	0	0	0	0	0	0	297.846	-5.22782e-13	296.589	1.18561e-08	1.05166e-09	0	13	44412171	44412171
5.7495	20.112409	-36.3517	13.1736	0	0	0	86416078	2	0	0	0	296.55521	20.114865	1.199897e-08	1.051262e-09	-1790.667	7.7091023e+08	5.3632688e+08	2.0120112	6.7422289	1.8763568	3822	282	1291	1427	73	109	0	0	0	16.997457	0	5.7488276	0	0	0	0	0	0	297.846	-5.22782e-13	296.559	1.19377e-08	1.05073e-09	0	27	44964270	44964270
5.75	20.110584	-36.3548	13.1735	0	0	0	86416082	2	0	0	0	296.52877	20.112365	1.192678e-08	1.049093e-09	-1790.667	7.7091023e+08	5.35223e+08	2.0120874	6.8509471	1.8742403	3931	268	1361	1504	88	120	2	0	0	16.997457	0	5.7495126	0	0	0	0	0	0	297.846	-5.22782e-13	296.532	1.19435e-08	1.05048e-09	0	24	44690660	44690660
5.7505	20.108759	-36.358	13.1733	0	0	0	86416086	2	0	0	0	296.50023	20.112365	1.191658e-08	1.049832e-09	-1790.667	7.7091023e+08	5.3560272e+08	2.0122528	6.7304148	1.8768198	3849	258	1398	1429	81	103	2	0	0	16.997457	0	5.7495126	0	0	0	0	0	0	297.846	-5.22782e-13	296.51	1.1965e-08	1.04983e-09	0	29	44649354	44649354
5.751	20.106939	-36.3612	13.1731	0	0	0	86416090	2	0	0	0	296.47021	20.109865	1.148602e-08	1.05544e-09	-1790.667	7.7091023e+08	5.3846652e+08	2.0119267	6.4106351	1.8829494	3793	269	1354	1354	93	123	2	0	0	16.997457	0	5.7501977	0	0	0	0	0	0	297.846	-5.22782e-13	296.48	1.20123e-08	1.0511e-09	0	26	43033146	43033146
5.7515	20.105114	-36.3643	13.1729	0	0	0	86416094	2	0	0	0	296.86382	20.107365	1.210488e-08	1.052854e-09	-1790.667	7.7091023e+08	5.3714991e+08	2.0119747	6.852603	1.8741021	3794	260	1354	1404	71	96	0	0	0	16.997457	0	5.7508831	0	0	0	0	0	0	297.846	-5.22782e-13	296.872	1.20508e-08	1.0524e-09	0	25	45348612	45348612
5.752	20.103289	-36.3675	13.1728	0	0	0	86416098	2	0	0	0	296.83468	20.104865	1.205121e-08	1.053497e-09	-1790.667	7.7091023e+08	5.374807e+08	2.0119635	6.7609019	1.8759366	3979	271	1426	1452	71	101	1	0	0	16.997457	0	5.7515686	0	0	0	0	0	0	297.846	-5.22782e-13	296.846	1.20222e-08	1.05179e-09	0	17	45144428	45144428
5.7525	20.101469	-36.3706	13.1726	0	0	0	86416101	2	0	0	0	296.81419	20.104865	1.210217e-08	1.052531e-09	-1790.667	7.7091023e+08	5.3699059e+08	2.0118784	6.8045146	1.8749798	3921	262	1335	1505	84	112	1	0	0	16.997457	0	5.7515686	0	0	0	0	0	0	297.846	-5.22782e-13	296.818	1.20741e-08	1.05286e-09	0	22	45332194	45332194
5.753	20.099644	-36.3738	13.1724	0	0	0	86416105	2	0	0	0	296.78338	20.102365	1.210012e-08	1.050662e-09	-1790.667	7.7091023e+08	5.3603979e+08	2.0117891	7.1153382	1.8686435	3878	265	1368	1452	75	112	3	0	0	16.997457	0	5.7522543	0	0	0	0	0	0	297.846	-5.22782e-13	296.788	1.20966e-08	1.05067e-09	0	23	45321383	45321383
5.7535	20.097824	-36.377	13.1723	0	0	0	86416109	2	0	0	0	296.75702	20.099865	1.207363e-08	1.051772e-09	-1790.667	7.7091023e+08	5.3660886e+08	2.0120346	7.0842839	1.8694963	3824	243	1374	1411	80	111	4	0	0	16.997457	0	5.7529401	0	0	0	0	0	0	297.846	-5.22782e-13	296.766	1.21002e-08	1.05271e-09	0	26	45219039	45219039
5.754	20.096004	-36.3801	13.1721	0	0	0	86416113	2	0	0	0	296.72496	20.097365	1.207942e-08	1.052284e-09	-1790.667	7.7091023e+08	5.3687285e+08	2.0118861	6.8316075	1.8744419	4014	259	1440	1509	82	121	4	0	0	16.997457	0	5.7536261	0	0	0	0	0	0	297.846	-5.22782e-13	296.737	1.21008e-08	1.0515e-09	0	19	45237599	45237599
5.7545	20.094179	-36.3833	13.1719	0	0	0	86416116	2	0	0	0	296.70467	20.097365	1.220878e-08	1.052941e-09	-1790.667	7.7091023e+08	5.3721082e+08	2.0121885	7.0036381	1.8712621	3886	271	1353	1476	69	101	3	0	0	16.997457	0	5.7536261	0	0	0	0	0	0	297.846	-5.22782e-13	296.709	1.21542e-08	1.05151e-09	0	29	45718895	45718895
5.755	20.092359	-36.3864	13.1718	0	0	0	86416120	2	0	0	0	296.67468	20.094865	1.218184e-08	1.049463e-09	-1790.667	7.7091023e+08	5.3543912e+08	2.0120963	6.5236479	1.8808342	4034	249	1404	1518	81	109	1	0	0	16.997457	0	5.7543124	0	0	0	0	0	0	297.846	-5.22782e-13	296.679	1.21609e-08	1.049e-09	0	19	45614860	45614860
5.7555	20.090539	-36.3896	13.1716	0	0	0	86416124	2	0	0	0	296.64581	20.092365	1.219315e-08	1.050102e-09	-1790.667	7.7091023e+08	5.3576793e+08	2.0119622	7.0427723	1.8702643	4030	291	1384	1518	85	113	2	0	0	16.997457	0	5.7549987	0	0	0	0	0	0	297.846	-5.22782e-13	296.658	1.22039e-08	1.04983e-09	0	27	45654057	45654057
5.756	20.088719	-36.3928	13.1714	0	0	0	86416128	2	0	0	0	296.62526	20.092365	1.225794e-08	1.052822e-09	-1790.667	7.7091023e+08	5.3715849e+08	2.012007	7.0010729	1.871145	3898	286	1382	1438	83	118	3	0	0	16.997457	0	5.7549987	0	0	0	0	0	0	297.846	-5.22782e-13	296.629	1.22335e-08	1.05059e-09	0	22	45893476	45893476
5.7565	20.086899	-36.3959	13.1713	0	0	0	86416131	2	0	0	0	296.59717	20.089865	1.226262e-08	1.051232e-09	-1790.667	7.7091023e+08	5.3635007e+08	2.0119859	7.2188497	1.8667437	4025	258	1406	1493	94	122	1	0	0	16.997457	0	5.7556853	0	0	0	0	0	0	297.846	-5.22782e-13	296.6	1.22338e-08	1.05173e-09	0	22	45907826	45907826
5.757	20.085079	-36.3991	13.1711	0	0	0	86416135	2	0	0	0	296.56749	20.087365	1.233785e-08	1.048015e-09	-1790.667	7.7091023e+08	5.3471153e+08	2.0119654	6.3739147	1.8837245	3829	253	1340	1429	86	114	2	0	0	16.997457	0	5.756372	0	0	0	0	0	0	297.846	-5.22782e-13	296.572	1.22998e-08	1.0499e-09	0	23	46186276	46186276
5.7575	20.083259	-36.4023	13.1709	0	0	0	86416139	2	0	0	0	296.53778	20.084865	1.230231e-08	1.048333e-09	-1790.667	7.7091023e+08	5.3487659e+08	2.0121053	7.1362151	1.8685171	3954	258	1306	1558	79	118	4	0	0	16.997457	0	5.7570589	0	0	0	0	0	0	297.846	-5.22782e-13	296.55	1.23337e-08	1.05049e-09	0	20	46050053	46050053
5.758	20.081439	-36.4054	13.1708	0	0	0	86416143	2	0	0	0	296.50812	20.084865	1.228392e-08	1.049633e-09	-1790.667	7.7091023e+08	5.3554271e+08	2.012233	7.2887624	1.8655661	4031	286	1427	1498	59	98	0	0	0	16.997457	0	5.7570589	0	0	0	0	0	0	297.846	-5.22782e-13	296.52	1.22819e-08	1.04874e-09	0	20	45978040	45978040
5.7585	20.079624	-36.4086	13.1706	0	0	0	86416146	2	0	0	0	296.48785	20.082365	1.238708e-08	1.050051e-09	-1790.667	7.7091023e+08	5.3575882e+08	2.0118432	7.0505375	1.8699974	3996	257	1383	1542	97	130	4	0	0	16.997457	0	5.757746	0	0	0	0	0	0	297.846	-5.22782e-13	296.491	1.2367e-08	1.04926e-09	0	28	46360961	46360961
5.759	20.077804	-36.4117	13.1704	0	0	0	86416151	2	0	0	0	296.86929	20.079865	1.237478e-08	1.050877e-09	-1790.667	7.7091023e+08	5.3618311e+08	2.0119267	6.7133578	1.8768589	3941	324	1306	1495	60	99	1	0	0	16.997457	0	5.7584333	0	0	0	0	0	0	297.846	-5.22782e-13	296.466	1.23318e-08	1.04959e-09	0	26	46311728	46311728
5.7595	20.075984	-36.4149	13.1703	0	0	0	86416154	2	0	0	0	296.84641	20.077365	1.236051e-08	1.053449e-09	-1790.667	7.7091023e+08	5.3749828e+08	2.012055	7.1691717	1.8678074	4049	293	1388	1547	82	117	1	0	0	16.997457	0	5.7591207	0	0	0	0	0	0	297.846	-5.22782e-13	296.85	1.2338e-08	1.05189e-09	0	22	46255130	46255130
5.76	20.074169	-36.4181	13.1701	0	0	0	86416158	2	0	0	0	296.8186	20.077365	1.242749e-08	1.052182e-09	-1790.667	7.7091023e+08	5.368547e+08	2.0119158	6.659873	1.8779248	3939	246	1404	1473	66	112	2	0	0	16.997457	0	5.7591207	0	0	0	0	0	0	297.846	-5.22782e-13	296.822	1.23345e-08	1.05262e-09	0	20	46502569	46502569
5.7605	20.072349	-36.4212	13.1699	0	0	0	86416162	2	0	0	0	296.78786	20.074865	1.23551e-08	1.05516e-09	-1790.667	7.7091023e+08	5.3837705e+08	2.0119232	6.8351078	1.8744061	3960	309	1348	1437	82	124	1	0	0	16.997457	0	5.7598083	0	0	0	0	0	0	297.846	-5.22782e-13	296.8	1.23777e-08	1.05311e-09	0	20	46228501	46228501
5.761	20.070534	-36.4244	13.1698	0	0	0	86416166	2	0	0	0	296.75758	20.072365	1.234683e-08	1.05265e-09	-1790.667	7.7091023e+08	5.3709926e+08	2.012144	7.0574512	1.8701379	3994	283	1380	1481	87	119	0	0	0	16.997457	0	5.7604961	0	0	0	0	0	0	297.846	-5.22782e-13	296.769	1.24041e-08	1.05306e-09	0	20	46194368	46194368
5.7615	20.068714	-36.4275	13.1696	0	0	0	86416169	2	0	0	0	296.73792	20.070129	1.242751e-08	1.052051e-09	-1790.667	7.7091023e+08	5.3679653e+08	2.0120426	6.7021087	1.8771933	4002	297	1370	1498	82	114	3	0	0	16.997457	0	5.7611115	0	0	0	0	0	0	297.846	-5.22782e-13	296.741	1.24039e-08	1.05144e-09	0	30	46493014	46493014
5.762	20.066899	-36.4307	13.1695	0	0	0	86416173	2	0	0	0	296.7072	20.069865	1.242111e-08	1.048926e-09	-1790.667	7.7091023e+08	5.3520494e+08	2.011817	7.0540652	1.8699021	3997	271	1435	1428	90	127	2	0	0	16.997457	0	5.7611841	0	0	0	0	0	0	297.846	-5.22782e-13	296.711	1.24571e-08	1.04993e-09	0	18	46465863	46465863
5.7625	20.065084	-36.4339	13.1693	0	0	0	86416177	2	0	0	0	296.67851	20.067365	1.255557e-08	1.048557e-09	-1790.667	7.7091023e+08	5.3501957e+08	2.0118493	7.2515174	1.8659597	3888	307	1307	1473	76	105	1	0	0	16.997457	0	5.7618722	0	0	0	0	0	0	297.846	-5.22782e-13	296.69	1.24772e-08	1.05028e-09	0	19	46965620	46965620
5.763	20.063269	-36.437	13.1691	0	0	0	86416181	2	0	0	0	296.64937	20.064865	1.253318e-08	1.049935e-09	-1790.667	7.7091023e+08	5.357256e+08	2.0118218	7.467254	1.8615939	3900	291	1366	1469	70	103	1	0	0	16.997457	0	5.7625605	0	0	0	0	0	0	297.846	-5.22782e-13	296.659	1.25614e-08	1.05152e-09	0	23	46878632	46878632
5.7635	20.061454	-36.4402	13.169	0	0	0	86416184	2	0	0	0	296.62782	20.064865	1.285393e-08	1.050513e-09	-1790.667	7.7091023e+08	5.3602346e+08	2.0119046	7.5284841	1.8604387	3974	286	1392	1433	96	138	1	0	0	16.997457	0	5.7625605	0	0	0	0	0	0	297.846	-5.22782e-13	296.631	1.28144e-08	1.04958e-09	0	24	48075035	48075035
5.764	20.059639	-36.4434	13.1688	0	0	0	86416188	2	0	0	0	296.59745	20.062365	1.266714e-08	1.050966e-09	-1790.667	7.7091023e+08	5.3625755e+08	2.0122454	7.8743635	1.8537939	4096	304	1379	1555	80	122	0	0	0	16.997457	0	5.763249	0	0	0	0	0	0	297.846	-5.22782e-13	296.602	1.26494e-08	1.04967e-09	0	22	47373151	47373151
5.7645	20.057824	-36.4465	13.1686	0	0	0	86416192	2	0	0	0	296.56768	20.059865	1.258494e-08	1.051514e-09	-1790.667	7.7091023e+08	5.3654012e+08	2.0118106	6.946833	1.8720534	4081	310	1395	1513	88	130	3	0	0	16.997457	0	5.7639377	0	0	0	0	0	0	297.846	-5.22782e-13	296.575	1.26322e-08	1.04972e-09	0	19	47062488	47062488
5.765	20.056009	-36.4497	13.1685	0	0	0	86416196	2	0	0	0	296.53881	20.057365	1.259629e-08	1.047287e-09	-1790.667	7.7091023e+08	5.3438622e+08	2.0122125	7.2667475	1.8659901	4148	299	1469	1506	80	117	1	0	0	16.997457	0	5.7646265	0	0	0	0	0	0	297.846	-5.22782e-13	296.55	1.26298e-08	1.04817e-09	0	21	47101682	47101682
5.7655	20.054194	-36.4528	13.1683	0	0	0	86416199	2	0	0	0	296.51765	20.057365	1.261895e-08	1.050237e-09	-1790.667	7.7091023e+08	5.3589445e+08	2.0120275	6.6775071	1.8776742	4027	323	1368	1513	94	134	4	0	0	16.997457	0	5.7646265	0	0	0	0	0	0	297.846	-5.22782e-13	296.522	1.26255e-08	1.04907e-09	0	37	47183160	47183160
5.766	20.052379	-36.456	13.1681	0	0	0	86416203	2	0	0	0	296.49141	20.054865	1.252048e-08	1.049855e-09	-1790.667	7.7091023e+08	5.357025e+08	2.0118739	7.4082098	1.8628301	3904	326	1348	1397	78	108	4	0	0	16.997457	0	5.7653155	0	0	0	0	0	0	297.846	-5.22782e-13	296.494	1.25234e-08	1.04905e-09	0	29	46811744	46811744
5.7665	20.050569	-36.4592	13.168	0	0	0	86416207	2	0	0	0	296.45982	20.052365	1.261957e-08	1.04648e-09	-1790.667	7.7091023e+08	5.3398334e+08	2.0122771	7.3481569	1.8644118	4115	334	1531	1452	73	108	3	0	0	16.997457	0	5.7660047	0	0	0	0	0	0	297.846	-5.22782e-13	296.467	1.25778e-08	1.04961e-09	0	18	47178968	47178968
5.767	20.048754	-36.4623	13.1678	0	0	0	86416211	2	0	0	0	296.82768	20.052365	1.27154e-08	1.05042e-09	-1790.667	7.7091023e+08	5.3599678e+08	2.0117898	7.0733435	1.869489	4126	288	1421	1562	94	123	4	0	0	16.997457	0	5.7660047	0	0	0	0	0	0	297.846	-5.22782e-13	296.442	1.25269e-08	1.05132e-09	0	19	47533954	47533954
5.7675	20.046944	-36.4655	13.1676	0	0	0	86416215	2	0	0	0	296.80018	20.049865	1.266148e-08	1.048397e-09	-1790.667	7.7091023e+08	5.3496751e+08	2.0122	7.0230156	1.8708829	4096	312	1392	1524	85	115	3	0	0	16.997457	0	5.7666941	0	0	0	0	0	0	297.846	-5.22782e-13	296.811	1.26999e-08	1.05297e-09	0	22	47329120	47329120
5.768	20.045129	-36.4686	13.1675	0	0	0	86416219	2	0	0	0	296.77077	20.047365	1.271848e-08	1.050019e-09	-1790.667	7.7091023e+08	5.3579818e+08	2.0121085	6.805979	1.8751648	4106	322	1400	1547	85	111	0	0	0	16.997457	0	5.7673836	0	0	0	0	0	0	297.846	-5.22782e-13	296.783	1.26968e-08	1.05035e-09	0	28	47538909	47538909
5.7685	20.043319	-36.4718	13.1673	0	0	0	86416222	2	0	0	0	296.74756	20.044865	1.203983e-08	1.051887e-09	-1790.667	7.7091023e+08	5.367544e+08	2.0118544	6.5330215	1.8804195	4047	277	1428	1540	65	95	1	0	0	16.997457	0	5.7680733	0	0	0	0	0	0	297.846	-5.22782e-13	296.752	1.2048e-08	1.05125e-09	0	29	44999159	44999159
5.769	20.041504	-36.475	13.1671	0	0	0	86416226	2	0	0	0	296.72069	20.044865	1.272582e-08	1.050193e-09	-1790.667	7.7091023e+08	5.3589302e+08	2.0119754	7.1419881	1.8682803	4096	321	1411	1476	100	130	0	0	0	16.997457	0	5.7680733	0	0	0	0	0	0	297.846	-5.22782e-13	296.729	1.27615e-08	1.05172e-09	0	16	47559783	47559783
5.7695	20.039694	-36.4781	13.167	0	0	0	86416230	2	0	0	0	296.69016	20.042365	1.276931e-08	1.050292e-09	-1790.667	7.7091023e+08	5.3594658e+08	2.012184	7.1037798	1.8692429	4087	307	1383	1586	59	92	1	0	0	16.997457	0	5.7687632	0	0	0	0	0	0	297.846	-5.22782e-13	296.702	1.27906e-08	1.05072e-09	0	21	47719026	47719026
5.77	20.037884	-36.4813	13.1668	0	0	0	86416233	2	0	0	0	296.66978	20.039865	1.296748e-08	1.051307e-09	-1790.667	7.7091023e+08	5.3646757e+08	2.0119142	6.9637958	1.8718086	4069	373	1367	1508	76	108	1	0	0	16.997457	0	5.7694533	0	0	0	0	0	0	297.846	-5.22782e-13	296.672	1.29631e-08	1.05012e-09	0	28	48456247	48456247
5.7705	20.036074	-36.4844	13.1666	0	0	0	86416237	2	0	0	0	296.63866	20.037365	1.323658e-08	1.047614e-09	-1790.667	7.7091023e+08	5.3458613e+08	2.0120576	7.4155809	1.8628518	4056	293	1395	1566	75	107	0	0	0	16.997457	0	5.7701435	0	0	0	0	0	0	297.846	-5.22782e-13	296.643	1.31543e-08	1.05018e-09	0	24	49458396	49458396
5.771	20.034264	-36.4876	13.1665	0	0	0	86416241	2	0	0	0	296.60851	20.037365	1.291166e-08	1.04759e-09	-1790.667	7.7091023e+08	5.3457694e+08	2.0120243	6.7288411	1.8766384	4098	304	1393	1598	66	103	4	0	0	16.997457	0	5.7701435	0	0	0	0	0	0	297.846	-5.22782e-13	296.62	1.29307e-08	1.04905e-09	0	22	48241008	48241008
5.7715	20.032454	-36.4908	13.1663	0	0	0	86416245	2	0	0	0	296.57986	20.034865	1.249819e-08	1.050646e-09	-1790.667	7.7091023e+08	5.3613947e+08	2.0118538	6.8330533	1.8743827	4096	315	1406	1523	82	109	2	0	0	16.997457	0	5.7708339	0	0	0	0	0	0	297.846	-5.22782e-13	296.591	1.25598e-08	1.04972e-09	0	16	46692967	46692967
5.772	20.030644	-36.4939	13.1661	0	0	0	86416248	2	0	0	0	296.55701	20.032365	1.287122e-08	1.048715e-09	-1790.667	7.7091023e+08	5.3515718e+08	2.0117856	7.9627412	1.8515923	3981	310	1349	1506	75	112	1	0	0	16.997457	0	5.7715245	0	0	0	0	0	0	297.846	-5.22782e-13	296.561	1.28537e-08	1.04888e-09	0	29	48083283	48083283
5.7725	20.028834	-36.4971	13.166	0	0	0	86416252	2	0	0	0	296.52865	20.032365	1.290912e-08	1.045857e-09	-1790.667	7.7091023e+08	5.3370182e+08	2.012129	7.2803922	1.8656381	4146	318	1406	1572	73	107	4	0	0	16.997457	0	5.7715245	0	0	0	0	0	0	297.846	-5.22782e-13	296.533	1.29008e-08	1.04762e-09	0	15	48221542	48221542
5.773	20.027024	-36.5003	13.1658	0	0	0	86416256	2	0	0	0	296.50013	20.029865	1.293552e-08	1.045484e-09	-1790.667	7.7091023e+08	5.3351457e+08	2.0120691	7.0816653	1.8695811	4025	302	1357	1489	83	123	2	0	0	16.997457	0	5.7722153	0	0	0	0	0	0	297.846	-5.22782e-13	296.511	1.29358e-08	1.04822e-09	0	20	48316828	48316828
5.7735	20.025214	-36.5034	13.1656	0	0	0	86416259	2	0	0	0	296.47745	20.027365	1.289652e-08	1.044283e-09	-1790.667	7.7091023e+08	5.3290479e+08	2.0119846	7.2754273	1.8656042	4089	290	1462	1499	79	106	2	0	0	16.997457	0	5.7729063	0	0	0	0	0	0	297.846	-5.22782e-13	296.481	1.29262e-08	1.04682e-09	0	30	48167834	48167834
5.774	20.023409	-36.5066	13.1655	0	0	0	86416263	2	0	0	0	298.44525	20.024865	1.305015e-08	1.053198e-09	-1790.667	7.7091023e+08	5.3745731e+08	2.012145	7.0264361	1.8707629	4133	297	1400	1529	78	118	0	0	0	16.997457	0	5.7735974	0	0	0	0	0	0	297.846	-5.22782e-13	298.448	1.30389e-08	1.05242e-09	0	19	48738274	48738274
5.7745	20.021599	-36.5097	13.1653	0	0	0	86416267	2	0	0	0	298.41652	20.024865	1.312062e-08	1.052749e-09	-1790.667	7.7091023e+08	5.3723131e+08	2.0118186	7.4440908	1.862057	4154	295	1386	1629	79	116	0	0	0	16.997457	0	5.7735974	0	0	0	0	0	0	297.846	-5.22782e-13	298.424	1.30554e-08	1.0521e-09	0	20	48998081	48998081
5.775	20.019794	-36.5129	13.1651	0	0	0	86416271	2	0	0	0	298.3868	20.022365	1.308317e-08	1.052667e-09	-1790.667	7.7091023e+08	5.3719262e+08	2.0120141	6.8079683	1.8750368	4154	303	1432	1555	80	122	3	0	0	16.997457	0	5.7742887	0	0	0	0	0	0	297.846	-5.22782e-13	298.399	1.30598e-08	1.05092e-09	0	31	48854859	48854859
5.7755	20.017984	-36.5161	13.165	0	0	0	86416275	2	0	0	0	298.35798	20.019865	1.316268e-08	1.049553e-09	-1790.667	7.7091023e+08	5.3560664e+08	2.0121795	6.8300228	1.8747472	4276	342	1451	1624	94	124	2	0	0	16.997457	0	5.7749802	0	0	0	0	0	0	297.846	-5.22782e-13	298.362	1.31144e-08	1.04983e-09	0	19	49148376	49148376
5.776	20.016179	-36.5192	13.1648	0	0	0	86416279	2	0	0	0	298.32804	20.017365	1.311042e-08	1.049688e-09	-1790.667	7.7091023e+08	5.3567869e+08	2.0121587	7.1414963	1.8684605	4218	337	1408	1581	84	118	2	0	0	16.997457	0	5.7756718	0	0	0	0	0	0	297.846	-5.22782e-13	298.34	1.31324e-08	1.04821e-09	0	28	48949867	48949867
5.7765	20.014374	-36.5224	13.1647	0	0	0	86416283	2	0	0	0	298.29949	20.017365	1.309302e-08	1.049829e-09	-1790.667	7.7091023e+08	5.3575381e+08	2.011791	7.5501917	1.859897	4153	330	1436	1543	74	108	0	0	0	16.997457	0	5.7756718	0	0	0	0	0	0	297.846	-5.22782e-13	298.31	1.31258e-08	1.04833e-09	0	24	48881533	48881533
5.777	20.012564	-36.5255	13.1645	0	0	0	86416286	2	0	0	0	298.27795	20.014865	1.31481e-08	1.050575e-09	-1790.667	7.7091023e+08	5.3613768e+08	2.0118938	7.3269873	1.8644826	4164	337	1426	1564	71	101	3	0	0	16.997457	0	5.7763636	0	0	0	0	0	0	297.846	-5.22782e-13	298.282	1.31527e-08	1.04873e-09	0	27	49083787	49083787
5.7775	20.010759	-36.5287	13.1643	0	0	0	86416290	2	0	0	0	298.24983	20.012365	1.31613e-08	1.047237e-09	-1790.667	7.7091023e+08	5.3443739e+08	2.0118899	7.4126203	1.8627562	4215	332	1438	1587	95	130	0	0	0	16.997457	0	5.7770556	0	0	0	0	0	0	297.846	-5.22782e-13	298.253	1.31267e-08	1.04597e-09	0	19	49129679	49129679
5.778	20.008954	-36.5319	13.1642	0	0	0	86416294	2	0	0	0	298.21927	20.012365	1.309973e-08	1.045757e-09	-1790.667	7.7091023e+08	5.3368528e+08	2.0117939	7.1030894	1.8688944	4141	333	1420	1523	76	108	3	0	0	16.997457	0	5.7770556	0	0	0	0	0	0	297.846	-5.22782e-13	298.23	1.31508e-08	1.04583e-09	0	24	48896476	48896476
5.7785	20.007149	-36.535	13.164	0	0	0	86416298	2	0	0	0	298.19055	20.009865	1.318523e-08	1.048862e-09	-1790.667	7.7091023e+08	5.3527306e+08	2.0120442	7.5512776	1.8601091	4059	295	1414	1467	95	129	0	0	0	16.997457	0	5.7777478	0	0	0	0	0	0	297.846	-5.22782e-13	298.2	1.32018e-08	1.04754e-09	0	14	49212225	49212225
5.779	20.005344	-36.5382	13.1638	0	0	0	86416301	2	0	0	0	298.16663	20.007365	1.324831e-08	1.047169e-09	-1790.667	7.7091023e+08	5.3441226e+08	2.0119779	7.5107305	1.8608637	4125	307	1381	1582	92	118	2	0	0	16.997457	0	5.7784402	0	0	0	0	0	0	297.846	-5.22782e-13	298.17	1.32093e-08	1.04731e-09	0	24	49444257	49444257
5.7795	20.003539	-36.5414	13.1637	0	0	0	86416305	2	0	0	0	298.13695	20.004865	1.322015e-08	1.045269e-09	-1790.667	7.7091023e+08	5.3344582e+08	2.0121578	7.8984344	1.8532288	4132	323	1362	1557	76	106	2	0	0	16.997457	0	5.7791327	0	0	0	0	0	0	297.846	-5.22782e-13	298.145	1.31731e-08	1.04563e-09	0	25	49335762	49335762
5.78	20.001734	-36.5445	13.1635	0	0	0	86416309	2	0	0	0	298.10851	20.004865	1.32342e-08	1.04356e-09	-1790.667	7.7091023e+08	5.3257685e+08	2.0118093	7.4046303	1.8628422	4130	283	1422	1554	75	110	1	0	0	16.997457	0	5.7791327	0	0	0	0	0	0	297.846	-5.22782e-13	298.119	1.32512e-08	1.04645e-09	0	21	49384793	49384793
5.7805	19.999929	-36.5477	13.1633	0	0	0	86416313	2	0	0	0	298.08562	20.002365	1.323601e-08	1.04918e-09	-1790.667	7.7091023e+08	5.3544823e+08	2.0122563	6.7684419	1.8760579	4117	295	1362	1540	82	115	0	0	0	16.997457	0	5.7798254	0	0	0	0	0	0	297.846	-5.22782e-13	298.089	1.3263e-08	1.04814e-09	0	35	49388145	49388145
5.781	19.998129	-36.5508	13.1632	0	0	0	86416316	2	0	0	0	298.05539	19.999865	1.325649e-08	1.047988e-09	-1790.667	7.7091023e+08	5.3484314e+08	2.011887	7.0763416	1.869519	4100	288	1354	1608	76	106	2	0	0	16.997457	0	5.7805183	0	0	0	0	0	0	297.846	-5.22782e-13	298.059	1.32986e-08	1.04712e-09	0	24	49461156	49461156
5.7815	19.996324	-36.554	13.163	0	0	0	86416320	2	0	0	0	298.02704	19.999865	1.330171e-08	1.045025e-09	-1790.667	7.7091023e+08	5.333342e+08	2.0119296	7.1930946	1.8672096	4045	296	1370	1510	80	109	0	0	0	16.997457	0	5.7805183	0	0	0	0	0	0	297.846	-5.22782e-13	298.034	1.32679e-08	1.04622e-09	0	13	49626458	49626458
5.782	19.994519	-36.5572	13.1628	0	0	0	86416324	2	0	0	0	297.99791	19.997365	1.324153e-08	1.047093e-09	-1790.667	7.7091023e+08	5.3439287e+08	2.0118118	7.1606697	1.8677526	4145	313	1447	1541	66	100	3	0	0	16.997457	0	5.7812114	0	0	0	0	0	0	297.846	-5.22782e-13	298.008	1.3257e-08	1.0459e-09	0	21	49398535	49398535
5.7825	19.992719	-36.5603	13.1627	0	0	0	86416328	2	0	0	0	297.97379	19.994865	1.32516e-08	1.043475e-09	-1790.667	7.7091023e+08	5.3254965e+08	2.0118125	7.347993	1.8639846	4092	286	1417	1551	80	115	4	0	0	16.997457	0	5.7819047	0	0	0	0	0	0	297.846	-5.22782e-13	297.978	1.32795e-08	1.04474e-09	0	25	49432697	49432697
5.783	19.990914	-36.5635	13.1625	0	0	0	86416332	2	0	0	0	297.93679	19.992365	1.322671e-08	1.044274e-09	-1790.667	7.7091023e+08	5.3296069e+08	2.0122224	6.989796	1.8715722	4127	308	1440	1523	78	122	5	0	0	16.997457	0	5.7825981	0	0	0	0	0	0	297.846	-5.22782e-13	297.948	1.32865e-08	1.04469e-09	0	24	49336452	49336452
5.7835	19.989114	-36.5666	13.1623	0	0	0	86416335	2	0	0	0	297.91637	19.992365	1.327209e-08	1.044672e-09	-1790.667	7.7091023e+08	5.3316709e+08	2.0120288	7.16979	1.8677706	4321	321	1454	1642	87	125	0	0	0	16.997457	0	5.7825981	0	0	0	0	0	0	297.846	-5.22782e-13	297.92	1.32884e-08	1.04412e-09	0	26	49502314	49502314
5.784	19.987314	-36.5698	13.1622	0	0	0	86416339	2	0	0	0	297.88622	19.989865	1.328037e-08	1.039659e-09	-1790.667	7.7091023e+08	5.3061189e+08	2.0119315	7.2206354	1.8666573	4257	291	1398	1633	111	148	2	0	0	16.997457	0	5.7832917	0	0	0	0	0	0	297.846	-5.22782e-13	297.89	1.32538e-08	1.04092e-09	0	24	49529787	49529787
5.7845	19.985509	-36.573	13.162	0	0	0	86416343	2	0	0	0	297.85708	19.987365	1.328072e-08	1.038398e-09	-1790.667	7.7091023e+08	5.2997158e+08	2.0119942	6.7094109	1.8770013	4125	318	1384	1545	96	129	2	0	0	16.997457	0	5.7839855	0	0	0	0	0	0	297.846	-5.22782e-13	297.868	1.32731e-08	1.04162e-09	0	23	49527682	49527682
5.785	19.983709	-36.5761	13.1619	0	0	0	86416347	2	0	0	0	297.82619	19.984865	1.31467e-08	1.038355e-09	-1790.667	7.7091023e+08	5.2995292e+08	2.0118675	7.0839177	1.8693485	4212	312	1398	1611	77	105	1	0	0	16.997457	0	5.7846794	0	0	0	0	0	0	297.846	-5.22782e-13	297.837	1.31838e-08	1.03745e-09	0	30	49024507	49024507
5.7855	19.981909	-36.5793	13.1617	0	0	0	86416350	2	0	0	0	297.80451	19.984865	1.320757e-08	1.038178e-09	-1790.667	7.7091023e+08	5.2986587e+08	2.0121075	7.7633545	1.8559005	4076	309	1348	1572	59	91	2	0	0	16.997457	0	5.7846794	0	0	0	0	0	0	297.846	-5.22782e-13	297.809	1.3186e-08	1.0362e-09	0	23	49248103	49248103
5.786	19.980109	-36.5824	13.1615	0	0	0	86416354	2	0	0	0	297.77716	19.982365	1.31703e-08	1.034703e-09	-1790.667	7.7091023e+08	5.2809559e+08	2.0120838	7.2232696	1.8667456	4065	292	1406	1560	52	93	1	0	0	16.997457	0	5.7853736	0	0	0	0	0	0	297.846	-5.22782e-13	297.784	1.31828e-08	1.03447e-09	0	16	49105751	49105751
5.7865	19.978309	-36.5856	13.1614	0	0	0	86416358	2	0	0	0	297.74776	19.979865	1.310469e-08	1.028926e-09	-1790.667	7.7091023e+08	5.2515038e+08	2.0121731	7.030409	1.8707091	4139	263	1434	1562	77	111	1	0	0	16.997457	0	5.7860679	0	0	0	0	0	0	297.846	-5.22782e-13	297.759	1.31435e-08	1.03279e-09	0	24	48857760	48857760
5.787	19.976509	-36.5888	13.1612	0	0	0	86416362	2	0	0	0	297.71756	19.979865	1.309454e-08	1.03385e-09	-1790.667	7.7091023e+08	5.2766683e+08	2.0119318	7.2851136	1.8653603	4098	281	1322	1601	91	130	1	0	0	16.997457	0	5.7860679	0	0	0	0	0	0	297.846	-5.22782e-13	297.728	1.31285e-08	1.03224e-09	0	32	48816558	48816558
5.7875	19.974709	-36.5919	13.161	0	0	0	86416365	2	0	0	0	297.69653	19.977365	1.307788e-08	1.032486e-09	-1790.667	7.7091023e+08	5.2697396e+08	2.0122134	7.1028807	1.8692883	4120	323	1381	1539	80	111	3	0	0	16.997457	0	5.7867624	0	0	0	0	0	0	297.846	-5.22782e-13	297.7	1.30927e-08	1.03196e-09	0	24	48751094	48751094
5.788	19.972909	-36.5951	13.1609	0	0	0	86416369	2	0	0	0	297.66574	19.974865	1.306771e-08	1.02844e-09	-1790.667	7.7091023e+08	5.2491222e+08	2.0122826	6.8336009	1.8747712	4129	297	1412	1557	66	102	2	0	0	16.997457	0	5.787457	0	0	0	0	0	0	297.846	-5.22782e-13	297.673	1.30619e-08	1.02852e-09	0	19	48709831	48709831
5.7885	19.971114	-36.5983	13.1607	0	0	0	86416373	2	0	0	0	297.63584	19.972365	1.294379e-08	1.02936e-09	-1790.667	7.7091023e+08	5.253851e+08	2.0119926	7.2706906	1.8657069	4005	291	1357	1499	79	106	1	0	0	16.997457	0	5.7881519	0	0	0	0	0	0	297.846	-5.22782e-13	297.648	1.29933e-08	1.02797e-09	0	25	48244599	48244599
5.789	19.969314	-36.6014	13.1605	0	0	0	86416376	2	0	0	0	297.61478	19.972365	1.295067e-08	1.02764e-09	-1790.667	7.7091023e+08	5.2451053e+08	2.0122573	7.0790789	1.869808	4084	298	1391	1487	81	117	0	0	0	16.997457	0	5.7881519	0	0	0	0	0	0	297.846	-5.22782e-13	297.619	1.29605e-08	1.02684e-09	0	16	48266921	48266921
5.7895	19.967514	-36.6046	13.1604	0	0	0	86416380	2	0	0	0	297.58524	19.969865	1.295667e-08	1.022688e-09	-1790.667	7.7091023e+08	5.2198632e+08	2.0122227	6.9848332	1.8716723	4050	258	1401	1555	73	101	2	0	0	16.997457	0	5.7888469	0	0	0	0	0	0	297.846	-5.22782e-13	297.589	1.29166e-08	1.02405e-09	0	31	48285961	48285961
5.79	19.965719	-36.6077	13.1602	0	0	0	86416384	2	0	0	0	297.55698	19.967365	1.284602e-08	1.021714e-09	-1790.667	7.7091023e+08	5.214925e+08	2.0120845	6.9161788	1.8729251	4040	306	1333	1520	77	114	3	0	0	16.997457	0	5.7895421	0	0	0	0	0	0	297.846	-5.22782e-13	297.567	1.28964e-08	1.02509e-09	0	22	47870305	47870305
5.7905	19.963919	-36.6109	13.1601	0	0	0	86416388	2	0	0	0	297.52749	19.967365	1.281777e-08	1.02203e-09	-1790.667	7.7091023e+08	5.2165712e+08	2.0121184	6.8239324	1.8748128	4060	338	1331	1530	69	94	3	0	0	16.997457	0	5.7895421	0	0	0	0	0	0	297.846	-5.22782e-13	297.538	1.28505e-08	1.02227e-09	0	15	47761746	47761746
5.791	19.962124	-36.6141	13.1599	0	0	0	86416392	2	0	0	0	297.49793	19.964865	1.279468e-08	1.020613e-09	-1790.667	7.7091023e+08	5.209372e+08	2.0117997	6.8389473	1.8742138	4074	286	1390	1535	88	118	1	0	0	16.997457	0	5.7902375	0	0	0	0	0	0	297.846	-5.22782e-13	297.508	1.28399e-08	1.02237e-09	0	25	47672428	47672428
5.7915	19.960329	-36.6172	13.1597	0	0	0	86416396	2	0	0	0	297.46763	19.962365	1.274942e-08	1.017622e-09	-1790.667	7.7091023e+08	5.1941387e+08	2.0122659	7.0337741	1.8707277	4020	263	1408	1485	77	108	2	0	0	16.997457	0	5.790933	0	0	0	0	0	0	297.846	-5.22782e-13	297.475	1.27509e-08	1.02141e-09	0	27	47500524	47500524
5.792	19.958529	-36.6204	13.1596	0	0	0	86416400	2	0	0	0	297.4381	19.959865	1.268011e-08	1.016055e-09	-1790.667	7.7091023e+08	5.1861738e+08	2.0120467	7.0608619	1.8699789	4025	285	1401	1496	74	116	2	0	0	16.997457	0	5.7916288	0	0	0	0	0	0	297.846	-5.22782e-13	297.449	1.27182e-08	1.01906e-09	0	18	47239046	47239046
5.7925	19.956734	-36.6235	13.1594	0	0	0	86416403	2	0	0	0	297.41531	19.959865	1.273899e-08	1.02132e-09	-1790.667	7.7091023e+08	5.2130811e+08	2.0119754	7.3805755	1.86348	4099	311	1429	1531	66	106	1	0	0	16.997457	0	5.7916288	0	0	0	0	0	0	297.846	-5.22782e-13	297.419	1.27191e-08	1.01955e-09	0	21	47455136	47455136
5.793	19.954939	-36.6267	13.1592	0	0	0	86416407	2	0	0	0	297.38782	19.957365	1.273914e-08	1.01678e-09	-1790.667	7.7091023e+08	5.1899413e+08	2.0121757	7.021701	1.8708867	3979	288	1277	1560	73	105	4	0	0	16.997457	0	5.7923247	0	0	0	0	0	0	297.846	-5.22782e-13	297.391	1.27094e-08	1.01901e-09	0	21	47452431	47452431
5.7935	19.953144	-36.6299	13.1591	0	0	0	86416411	2	0	0	0	297.35734	19.954865	1.257933e-08	1.013529e-09	-1790.667	7.7091023e+08	5.1733808e+08	2.0119798	6.5319939	1.8805574	3984	295	1374	1497	84	117	1	0	0	16.997457	0	5.7930208	0	0	0	0	0	0	297.846	-5.22782e-13	297.369	1.26032e-08	1.01625e-09	0	20	46853927	46853927
5.794	19.951349	-36.633	13.1589	0	0	0	86416414	2	0	0	0	297.33493	19.954865	1.248179e-08	1.016442e-09	-1790.667	7.7091023e+08	5.1882834e+08	2.011856	6.5114959	1.8808541	3942	301	1363	1447	77	102	2	0	0	16.997457	0	5.7930208	0	0	0	0	0	0	297.846	-5.22782e-13	297.339	1.25004e-08	1.0148e-09	0	27	46487425	46487425
5.7945	19.949554	-36.6362	13.1587	0	0	0	86416418	2	0	0	0	297.3061	19.952365	1.238619e-08	1.009102e-09	-1790.667	7.7091023e+08	5.1508509e+08	2.0120032	7.1058336	1.8690336	3925	296	1333	1491	68	96	3	0	0	16.997457	0	5.793717	0	0	0	0	0	0	297.846	-5.22782e-13	297.309	1.24063e-08	1.01065e-09	0	21	46128198	46128198
5.795	19.947759	-36.6394	13.1586	0	0	0	86416422	2	0	0	0	297.27488	19.949963	1.228473e-08	1.00713e-09	-1790.667	7.7091023e+08	5.1408186e+08	2.0118022	6.591121	1.8792019	3857	289	1315	1456	73	96	2	0	0	16.997457	0	5.7943863	0	0	0	0	0	0	297.846	-5.22782e-13	297.284	1.22885e-08	1.00889e-09	0	19	45747199	45747199
5.7955	19.945964	-36.6425	13.1584	0	0	0	86416426	2	0	0	0	297.24776	19.947463	1.214222e-08	1.006995e-09	-1790.667	7.7091023e+08	5.1401632e+08	2.0117994	6.4991451	1.8810496	3891	301	1330	1468	60	77	1	0	0	16.997457	0	5.7950829	0	0	0	0	0	0	297.846	-5.22782e-13	297.259	1.21708e-08	1.00664e-09	0	22	45213396	45213396
5.796	19.944174	-36.6457	13.1583	0	0	0	86416429	2	0	0	0	297.22588	19.947463	1.202144e-08	1.003183e-09	-1790.667	7.7091023e+08	5.1207386e+08	2.0121558	6.9265251	1.8727834	3898	302	1373	1387	68	106	1	0	0	16.997457	0	5.7950829	0	0	0	0	0	0	297.846	-5.22782e-13	297.23	1.2032e-08	1.00442e-09	0	19	44760576	44760576
5.7965	19.942379	-36.6488	13.1581	0	0	0	86416433	2	0	0	0	297.19745	19.944963	1.197292e-08	9.994956e-10	-1790.667	7.7091023e+08	5.1019499e+08	2.0121728	7.5244114	1.8607686	3848	290	1361	1379	64	91	0	0	0	16.997457	0	5.7957797	0	0	0	0	0	0	297.846	-5.22782e-13	297.201	1.19493e-08	1.0019e-09	0	22	44576852	44576852
5.797	19.940584	-36.652	13.1579	0	0	0	86416437	2	0	0	0	297.16815	19.942463	1.180692e-08	1.000139e-09	-1790.667	7.7091023e+08	5.1052678e+08	2.0118774	6.6295887	1.8784982	3863	265	1346	1399	63	104	1	0	0	16.997457	0	5.7964767	0	0	0	0	0	0	297.846	-5.22782e-13	297.179	1.18333e-08	9.98935e-10	0	16	43955789	43955789
5.7975	19.938794	-36.6552	13.1578	0	0	0	86416441	2	0	0	0	297.13621	19.939963	1.180979e-08	9.984333e-10	-1790.667	7.7091023e+08	5.0965946e+08	2.011801	6.4149964	1.882744	3866	269	1371	1420	55	84	0	0	0	16.997457	0	5.7971738	0	0	0	0	0	0	297.846	-5.22782e-13	297.149	1.18349e-08	9.9876e-10	0	30	43963451	43963451
5.798	19.936999	-36.6583	13.1576	0	0	0	86416444	2	0	0	0	297.11674	19.939963	1.175608e-08	9.978578e-10	-1790.667	7.7091023e+08	5.0936907e+08	2.0118358	6.7136611	1.876768	3832	287	1345	1408	51	77	2	0	0	16.997457	0	5.7971738	0	0	0	0	0	0	297.846	-5.22782e-13	297.12	1.17263e-08	9.95582e-10	0	23	43760501	43760501
5.7985	19.935209	-36.6615	13.1574	0	0	0	86416448	2	0	0	0	297.08649	19.937463	1.158092e-08	9.924968e-10	-1790.667	7.7091023e+08	5.0663585e+08	2.0120598	6.6618456	1.8780195	3852	258	1407	1426	62	90	1	0	0	16.997457	0	5.7978712	0	0	0	0	0	0	297.846	-5.22782e-13	297.09	1.15613e-08	9.94119e-10	0	22	43105527	43105527
5.799	19.933414	-36.6646	13.1573	0	0	0	86416452	2	0	0	0	297.05619	19.934963	1.136928e-08	9.91907e-10	-1790.667	7.7091023e+08	5.0633815e+08	2.0120058	7.3305237	1.8645152	3844	272	1391	1396	76	100	0	0	0	16.997457	0	5.7985687	0	0	0	0	0	0	297.846	-5.22782e-13	297.069	1.13714e-08	9.89673e-10	0	25	42314870	42314870
5.7995	19.931624	-36.6678	13.1571	0	0	0	86416456	2	0	0	0	297.02906	19.934963	1.130503e-08	9.858745e-10	-1790.667	7.7091023e+08	5.032621e+08	2.0120182	6.601626	1.8791923	3730	258	1343	1370	62	96	1	0	0	16.997457	0	5.7985687	0	0	0	0	0	0	297.846	-5.22782e-13	297.032	1.1332e-08	9.89031e-10	0	23	42072849	42072849
5.8	19.929834	-36.671	13.157	0	0	0	86416460	2	0	0	0	296.99919	19.932463	1.123365e-08	9.83551e-10	-1790.667	7.7091023e+08	5.0207938e+08	2.0120842	6.8635698	1.8739834	3731	291	1277	1381	69	99	2	0	0	16.997457	0	5.7992664	0	0	0	0	0	0	297.846	-5.22782e-13	297.006	1.12568e-08	9.8665e-10	0	26	41804328	41804328
5.8005	19.928044	-36.6741	13.1568	0	0	0	86416464	2	0	0	0	296.97108	19.929963	1.114592e-08	9.81025e-10	-1790.667	7.7091023e+08	5.0079328e+08	2.011943	6.5776335	1.8796048	3687	269	1318	1322	68	97	1	0	0	16.997457	0	5.7999642	0	0	0	0	0	0	297.846	-5.22782e-13	296.982	1.11529e-08	9.83698e-10	0	16	41475004	41475004
5.801	19.926254	-36.6773	13.1566	0	0	0	86416467	2	0	0	0	296.94946	19.927463	1.105182e-08	9.843042e-10	-1790.667	7.7091023e+08	5.0247063e+08	2.0120211	6.7140607	1.8769328	3598	271	1319	1301	53	89	0	0	0	16.997457	0	5.8006623	0	0	0	0	0	0	297.846	-5.22782e-13	296.952	1.10666e-08	9.81067e-10	0	22	41122024	41122024
5.8015	19.924464	-36.6804	13.1565	0	0	0	86416471	2	0	0	0	296.91999	19.927463	1.098494e-08	9.814798e-10	-1790.667	7.7091023e+08	5.010322e+08	2.0120381	6.5287353	1.8806774	3709	283	1309	1333	67	92	0	0	0	16.997457	0	5.8006623	0	0	0	0	0	0	297.846	-5.22782e-13	296.924	1.09965e-08	9.78591e-10	0	27	40870366	40870366
5.802	19.922674	-36.6836	13.1563	0	0	0	86416475	2	0	0	0	296.88938	19.924963	1.088246e-08	9.78055e-10	-1790.667	7.7091023e+08	4.9928726e+08	2.0122134	6.4918441	1.8815837	3606	290	1251	1291	72	98	0	0	0	16.997457	0	5.8013605	0	0	0	0	0	0	297.846	-5.22782e-13	296.902	1.08909e-08	9.78412e-10	0	24	40486299	40486299
5.8025	19.920884	-36.6868	13.1561	0	0	0	86416479	2	0	0	0	296.86135	19.922463	1.074878e-08	9.76403e-10	-1790.667	7.7091023e+08	4.9844731e+08	2.0117965	7.2774598	1.8653888	3620	265	1278	1360	60	89	0	0	0	16.997457	0	5.8020589	0	0	0	0	0	0	297.846	-5.22782e-13	296.873	1.07881e-08	9.77027e-10	0	21	39986218	39986218
5.803	19.919094	-36.6899	13.156	0	0	0	86416482	2	0	0	0	296.8389	19.922463	1.065135e-08	9.72797e-10	-1790.667	7.7091023e+08	4.9660985e+08	2.0122259	6.0771387	1.8899402	3633	285	1317	1290	52	75	0	0	0	16.997457	0	5.8020589	0	0	0	0	0	0	297.846	-5.22782e-13	296.842	1.06403e-08	9.73526e-10	0	22	39621050	39621050
