# Scan number: 8
# Command: ascan monoE 7.092 7.192 200 2
# Date: Fri Jul 26 05:06:34 2024
# date: Fri Jul 26 05:06:34 2024
monoE	monobr	cr2latr	cr2vetr	H	K	L	Epoch	sec	no1	no2	izero	RCur	enc_det	K1_1	K1_2	"Counter 8"	"Counter 9"	ionch1	mcaRt	mcaDt	mcaLt	mca	roi1	roi2	roi3	roi4	roi5	roi6	ctm	ctran	LST1	LST2	E_det	mcaLt1	mcaLt2	mcaLt3	mcaLt4	mcaLt5	mcaLt6	mcaLt7	mcaLt8	AS_RC	AS_DM	AS_IC	AS_IC1	cyber	diode1	diode1
7.092	16.186844	-44.8397	12.8456	0	0	0	86533078	2	0	0	0	298.05901	16.187951	8.10137e-09	1.005198e-09	-1790.667	7.7091023e+08	5.508366e+08	2.012009	6.6578153	1.8780531	3862	264	333	73	93	181	4	0	0	16.997457	0	7.0915273	0	0	0	0	0	0	297.846	-5.22782e-13	298.063	8.10898e-09	1.00391e-09	0	37	25640117	25640117
7.0925	16.185669	-44.8429	12.8455	0	0	0	86533082	2	0	0	0	298.0298	16.187951	8.101299e-09	1.004022e-09	-1790.667	7.7091023e+08	5.5021788e+08	2.0121888	6.5300274	1.8807923	3911	281	329	72	82	185	5	0	0	16.997457	0	7.0915273	0	0	0	0	0	0	297.846	-5.22782e-13	298.041	8.12405e-09	1.00552e-09	0	34	25638461	25638461
7.093	16.184499	-44.8461	12.8454	0	0	0	86533085	2	0	0	0	298.0056	16.187951	8.192035e-09	1.006548e-09	-1790.667	7.7091023e+08	5.5162796e+08	2.011808	6.826894	1.874464	3842	270	289	75	70	166	4	0	0	16.997457	0	7.0915273	0	0	0	0	0	0	297.846	-5.22782e-13	298.011	8.13199e-09	1.0003e-09	0	34	25924168	25924168
7.0935	16.183324	-44.8492	12.8453	0	0	0	86533089	2	0	0	0	297.97343	16.185451	8.126872e-09	1.000231e-09	-1790.667	7.7091023e+08	5.4819163e+08	2.0122742	6.4620695	1.8822397	3924	251	351	77	84	191	1	0	0	16.997457	0	7.0925934	0	0	0	0	0	0	297.846	-5.22782e-13	297.986	8.158e-09	1.0033e-09	0	36	25716521	25716521
7.094	16.182154	-44.8524	12.8452	0	0	0	86533092	2	0	0	0	297.95335	16.185451	8.137508e-09	1.003158e-09	-1790.667	7.7091023e+08	5.4982154e+08	2.0121251	6.4969797	1.8813978	4052	274	363	67	95	196	3	0	0	16.997457	0	7.0925934	0	0	0	0	0	0	297.846	-5.22782e-13	297.957	8.14114e-09	1.002e-09	0	54	25748739	25748739
7.0945	16.180979	-44.8555	12.8451	0	0	0	86533095	2	0	0	0	297.93102	16.182951	8.191346e-09	1.005887e-09	-1790.667	7.7091023e+08	5.5134308e+08	2.011944	6.6336319	1.878479	3917	257	318	72	80	172	3	0	0	16.997457	0	7.0936598	0	0	0	0	0	0	297.846	-5.22782e-13	297.935	8.1605e-09	1.00325e-09	0	42	25917647	25917647
7.095	16.179809	-44.8587	12.8451	0	0	0	86533099	2	0	0	0	297.90007	16.182951	8.158224e-09	9.999681e-10	-1790.667	7.7091023e+08	5.4812449e+08	2.0118195	6.8058749	1.8748976	3844	241	343	70	83	169	2	0	0	16.997457	0	7.0936598	0	0	0	0	0	0	297.846	-5.22782e-13	297.908	8.13018e-09	9.9875e-10	0	34	25811408	25811408
7.0955	16.178639	-44.8619	12.845	0	0	0	86533102	2	0	0	0	297.8758	16.180451	8.145179e-09	9.994814e-10	-1790.667	7.7091023e+08	5.4788337e+08	2.0122061	6.790875	1.8755597	3957	275	343	59	84	201	1	0	0	16.997457	0	7.0947265	0	0	0	0	0	0	297.846	-5.22782e-13	297.88	8.14919e-09	9.99248e-10	0	29	25768697	25768697
7.096	16.177469	-44.865	12.8449	0	0	0	86533106	2	0	0	0	297.8469	16.180451	8.164886e-09	1.001769e-09	-1790.667	7.7091023e+08	5.4916307e+08	2.0120326	6.5692453	1.8798573	3910	238	332	69	107	159	1	0	0	16.997457	0	7.0947265	0	0	0	0	0	0	297.846	-5.22782e-13	297.856	8.14522e-09	9.9988e-10	0	32	25829602	25829602
7.0965	16.176294	-44.8682	12.8448	0	0	0	86533109	2	0	0	0	297.82052	16.177951	8.15044e-09	9.981989e-10	-1790.667	7.7091023e+08	5.4723161e+08	2.0120925	6.0856527	1.8896435	3945	243	341	66	92	180	4	0	0	16.997457	0	7.0957936	0	0	0	0	0	0	297.846	-5.22782e-13	297.825	8.12873e-09	9.96192e-10	0	26	25782464	25782464
7.097	16.175124	-44.8714	12.8447	0	0	0	86533113	2	0	0	0	297.79005	16.177951	8.126356e-09	9.977157e-10	-1790.667	7.7091023e+08	5.4699234e+08	2.011935	6.289555	1.8853933	3895	240	371	61	93	179	4	0	0	16.997457	0	7.0957936	0	0	0	0	0	0	297.846	-5.22782e-13	297.801	8.12184e-09	9.97438e-10	0	36	25704844	25704844
7.0975	16.173954	-44.8745	12.8446	0	0	0	86533116	2	0	0	0	297.76687	16.175451	8.125145e-09	9.97904e-10	-1790.667	7.7091023e+08	5.4712123e+08	2.0122794	6.5821795	1.8798275	3902	234	320	54	105	172	1	0	0	16.997457	0	7.096861	0	0	0	0	0	0	297.846	-5.22782e-13	297.771	8.14141e-09	9.98654e-10	0	35	25699580	25699580
7.098	16.172784	-44.8777	12.8445	0	0	0	86533119	2	0	0	0	297.73626	16.175451	8.153286e-09	9.988774e-10	-1790.667	7.7091023e+08	5.4768059e+08	2.0117923	6.8243068	1.8745014	3897	288	346	65	94	179	2	0	0	16.997457	0	7.096861	0	0	0	0	0	0	297.846	-5.22782e-13	297.749	8.1275e-09	9.97954e-10	0	44	25787151	25787151
7.0985	16.171614	-44.8808	12.8444	0	0	0	86533123	2	0	0	0	297.71259	16.172951	8.096119e-09	9.92479e-10	-1790.667	7.7091023e+08	5.441979e+08	2.0119664	6.7229274	1.8767034	3846	215	350	71	107	187	4	0	0	16.997457	0	7.0979287	0	0	0	0	0	0	297.846	-5.22782e-13	297.717	8.11919e-09	9.96e-10	0	36	25604915	25604915
7.099	16.170444	-44.884	12.8443	0	0	0	86533126	2	0	0	0	297.69167	16.172951	8.133558e-09	9.944756e-10	-1790.667	7.7091023e+08	5.4531827e+08	2.0118467	6.2141195	1.8868282	3929	259	340	58	102	224	2	0	0	16.997457	0	7.0979287	0	0	0	0	0	0	297.846	-5.22782e-13	297.695	8.13076e-09	9.95701e-10	0	36	25721886	25721886
7.0995	16.169274	-44.8872	12.8443	0	0	0	86533130	2	0	0	0	297.66149	16.170451	8.077173e-09	9.833094e-10	-1790.667	7.7091023e+08	5.3922061e+08	2.0120432	6.6634275	1.8779722	3872	250	369	61	77	170	3	0	0	16.997457	0	7.0989967	0	0	0	0	0	0	297.846	-5.22782e-13	297.671	8.13438e-09	9.89212e-10	0	40	25542147	25542147
7.1	16.168104	-44.8903	12.8442	0	0	0	86533133	2	0	0	0	297.63869	16.170451	8.189946e-09	9.873773e-10	-1790.667	7.7091023e+08	5.4147676e+08	2.0119466	7.0701361	1.8696992	3892	245	369	65	93	167	0	0	0	16.997457	0	7.0989967	0	0	0	0	0	0	297.846	-5.22782e-13	297.642	8.14616e-09	9.85468e-10	0	40	25897321	25897321
7.1005	16.166934	-44.8935	12.8441	0	0	0	86533137	2	0	0	0	297.60683	16.170451	8.147769e-09	9.826557e-10	-1790.667	7.7091023e+08	5.3891275e+08	2.012152	6.7520625	1.8762902	3801	231	309	68	86	172	0	0	0	16.997457	0	7.0989967	0	0	0	0	0	0	297.846	-5.22782e-13	297.618	8.16716e-09	9.83626e-10	0	26	25762518	25762518
7.101	16.165764	-44.8966	12.844	0	0	0	86533140	2	0	0	0	297.58402	16.167951	8.210343e-09	9.844818e-10	-1790.667	7.7091023e+08	5.3993959e+08	2.011984	6.7026855	1.877127	3908	254	336	66	97	187	1	0	0	16.997457	0	7.1000651	0	0	0	0	0	0	297.846	-5.22782e-13	297.587	8.1948e-09	9.83874e-10	0	25	25958924	25958924
7.1015	16.164594	-44.8998	12.8439	0	0	0	86533143	2	0	0	0	297.55373	16.167951	8.260642e-09	9.847305e-10	-1790.667	7.7091023e+08	5.4010136e+08	2.0122061	7.0515879	1.8703136	3885	262	334	66	82	180	1	0	0	16.997457	0	7.1000651	0	0	0	0	0	0	297.846	-5.22782e-13	297.565	8.21382e-09	9.79925e-10	0	29	26116501	26116501
7.102	16.163424	-44.903	12.8438	0	0	0	86533147	2	0	0	0	297.52985	16.165451	8.212265e-09	9.757066e-10	-1790.667	7.7091023e+08	5.3517712e+08	2.0121472	6.6731181	1.8778742	3793	265	330	66	99	188	2	0	0	16.997457	0	7.1011339	0	0	0	0	0	0	297.846	-5.22782e-13	297.538	8.25152e-09	9.8057e-10	0	29	25962107	25962107
7.1025	16.162254	-44.9061	12.8437	0	0	0	86533150	2	0	0	0	297.50807	16.165451	8.243749e-09	9.816929e-10	-1790.667	7.7091023e+08	5.3848593e+08	2.0122378	6.4358677	1.8827328	3706	261	323	58	95	169	2	0	0	16.997457	0	7.1011339	0	0	0	0	0	0	297.846	-5.22782e-13	297.511	8.20724e-09	9.78922e-10	0	30	26060188	26060188
7.103	16.161089	-44.9093	12.8436	0	0	0	86533154	2	0	0	0	297.47667	16.162951	8.304792e-09	9.776571e-10	-1790.667	7.7091023e+08	5.362974e+08	2.0118819	6.5569812	1.8799632	3924	250	356	70	89	178	2	0	0	16.997457	0	7.1022029	0	0	0	0	0	0	297.846	-5.22782e-13	297.489	8.33404e-09	9.79941e-10	0	33	26251694	26251694
7.1035	16.159919	-44.9124	12.8435	0	0	0	86533157	2	0	0	0	297.45196	16.162951	8.348909e-09	9.785772e-10	-1790.667	7.7091023e+08	5.3682738e+08	2.0120966	6.8353615	1.8745626	3804	266	343	61	75	186	1	0	0	16.997457	0	7.1022029	0	0	0	0	0	0	297.846	-5.22782e-13	297.456	8.352e-09	9.78144e-10	0	30	26389679	26389679
7.104	16.158749	-44.9156	12.8435	0	0	0	86533161	2	0	0	0	297.42317	16.160451	8.306671e-09	9.748078e-10	-1790.667	7.7091023e+08	5.3478473e+08	2.0118336	6.606097	1.8789299	3905	249	362	67	97	201	0	0	0	16.997457	0	7.1032723	0	0	0	0	0	0	297.846	-5.22782e-13	297.434	8.32554e-09	9.75125e-10	0	34	26254708	26254708
7.1045	16.157579	-44.9188	12.8434	0	0	0	86533164	2	0	0	0	297.40159	16.160451	8.392263e-09	9.8008e-10	-1790.667	7.7091023e+08	5.3770239e+08	2.0118122	6.3960325	1.883136	3993	247	367	84	106	187	2	0	0	16.997457	0	7.1032723	0	0	0	0	0	0	297.846	-5.22782e-13	297.404	8.3231e-09	9.7638e-10	0	37	26523760	26523760
7.105	16.156414	-44.9219	12.8433	0	0	0	86533167	2	0	0	0	297.36968	16.157951	8.316299e-09	9.723742e-10	-1790.667	7.7091023e+08	5.3349987e+08	2.0119984	6.4014206	1.8832019	3734	227	363	45	102	189	1	0	0	16.997457	0	7.1043421	0	0	0	0	0	0	297.846	-5.22782e-13	297.382	8.31099e-09	9.73252e-10	0	36	26282212	26282212
7.1055	16.155244	-44.9251	12.8432	0	0	0	86533171	2	0	0	0	297.3469	16.157951	8.304273e-09	9.728396e-10	-1790.667	7.7091023e+08	5.3378035e+08	2.0121277	6.2670059	1.8860275	3871	242	351	88	80	206	2	0	0	16.997457	0	7.1043421	0	0	0	0	0	0	297.846	-5.22782e-13	297.354	8.3218e-09	9.72933e-10	0	22	26242744	26242744
7.106	16.154079	-44.9283	12.8431	0	0	0	86533174	2	0	0	0	297.32259	16.155451	8.311726e-09	9.717382e-10	-1790.667	7.7091023e+08	5.3320115e+08	2.0121117	7.0999319	1.8692531	3767	240	308	57	97	190	1	0	0	16.997457	0	7.1054122	0	0	0	0	0	0	297.846	-5.22782e-13	297.327	8.29274e-09	9.70587e-10	0	34	26264834	26264834
7.1065	16.152909	-44.9314	12.843	0	0	0	86533178	2	0	0	0	297.28985	16.155451	8.295732e-09	9.666934e-10	-1790.667	7.7091023e+08	5.3045802e+08	2.0118736	7.2038084	1.8669421	3807	230	327	57	102	195	0	0	0	16.997457	0	7.1054122	0	0	0	0	0	0	297.846	-5.22782e-13	297.304	8.2971e-09	9.68107e-10	0	40	26212834	26212834
7.107	16.151744	-44.9346	12.8429	0	0	0	86533181	2	0	0	0	297.2677	16.152951	8.332087e-09	9.680043e-10	-1790.667	7.7091023e+08	5.3120239e+08	2.0122864	6.3692087	1.8841197	3883	240	313	56	77	193	2	0	0	16.997457	0	7.1064826	0	0	0	0	0	0	297.846	-5.22782e-13	297.272	8.30637e-09	9.68674e-10	0	47	26326243	26326243
7.1075	16.150574	-44.9377	12.8428	0	0	0	86533187	2	0	0	0	297.22105	16.152951	8.380624e-09	9.670202e-10	-1790.667	7.7091023e+08	5.3068738e+08	2.0118912	5.7692822	1.8958195	3781	232	336	73	87	205	3	0	0	16.997457	0	7.1064826	0	0	0	0	0	0	297.846	-5.22782e-13	297.249	8.3785e-09	9.67358e-10	0	31	26478127	26478127
7.108	16.149409	-44.9409	12.8427	0	0	0	86533190	2	0	0	0	297.20018	16.152951	8.494215e-09	9.682601e-10	-1790.667	7.7091023e+08	5.3139288e+08	2.0119654	6.4646995	1.8818979	3968	250	350	76	94	206	0	0	0	16.997457	0	7.1064826	0	0	0	0	0	0	297.846	-5.22782e-13	297.204	8.4611e-09	9.65221e-10	0	41	26835518	26835518
7.1085	16.148239	-44.9441	12.8427	0	0	0	86533194	2	0	0	0	297.16709	16.150451	8.242793e-09	9.633716e-10	-1790.667	7.7091023e+08	5.2873495e+08	2.0122214	6.465197	1.8821274	3815	251	334	74	86	173	1	0	0	16.997457	0	7.1075533	0	0	0	0	0	0	297.846	-5.22782e-13	297.181	8.30281e-09	9.63356e-10	0	35	26039759	26039759
7.109	16.147074	-44.9472	12.8426	0	0	0	86533197	2	0	0	0	297.14599	16.150451	8.260955e-09	9.644943e-10	-1790.667	7.7091023e+08	5.2937611e+08	2.0121344	6.8270589	1.8747648	3827	239	307	65	100	203	2	0	0	16.997457	0	7.1075533	0	0	0	0	0	0	297.846	-5.22782e-13	297.15	8.265e-09	9.63068e-10	0	43	26095682	26095682
7.1095	16.145909	-44.9504	12.8425	0	0	0	86533200	2	0	0	0	297.122	16.147951	8.263463e-09	9.614922e-10	-1790.667	7.7091023e+08	5.2775328e+08	2.0118576	6.3114765	1.8848797	3782	236	323	69	96	219	1	0	0	16.997457	0	7.1086244	0	0	0	0	0	0	297.846	-5.22782e-13	297.126	8.25297e-09	9.58797e-10	0	33	26102152	26102152
7.11	16.144739	-44.9535	12.8424	0	0	0	86533204	2	0	0	0	297.09139	16.147951	8.227403e-09	9.573036e-10	-1790.667	7.7091023e+08	5.2547901e+08	2.0122096	6.9068749	1.8732288	3819	263	301	57	76	199	1	0	0	16.997457	0	7.1086244	0	0	0	0	0	0	297.846	-5.22782e-13	297.095	8.23757e-09	9.58472e-10	0	32	25986802	25986802
7.1105	16.143574	-44.9567	12.8423	0	0	0	86533207	2	0	0	0	297.06865	16.145451	8.242402e-09	9.572965e-10	-1790.667	7.7091023e+08	5.2549993e+08	2.0122179	6.1656622	1.8881514	3792	255	328	69	74	215	3	0	0	16.997457	0	7.1096958	0	0	0	0	0	0	297.846	-5.22782e-13	297.072	8.23717e-09	9.56983e-10	0	30	26032729	26032729
7.111	16.142409	-44.9599	12.8422	0	0	0	86533211	2	0	0	0	297.03869	16.145451	8.189293e-09	9.486492e-10	-1790.667	7.7091023e+08	5.2077767e+08	2.0120538	6.3103046	1.885087	3856	226	347	97	86	197	0	0	0	16.997457	0	7.1096958	0	0	0	0	0	0	297.846	-5.22782e-13	297.05	8.20563e-09	9.52082e-10	0	34	25863552	25863552
7.1115	16.141244	-44.963	12.8421	0	0	0	86533214	2	0	0	0	297.01572	16.142951	8.190415e-09	9.506138e-10	-1790.667	7.7091023e+08	5.2188083e+08	2.0122154	6.2302198	1.8868499	3739	226	358	65	89	230	2	0	0	16.997457	0	7.1107676	0	0	0	0	0	0	297.846	-5.22782e-13	297.019	8.17733e-09	9.50077e-10	0	32	25865656	25865656
7.112	16.140074	-44.9662	12.842	0	0	0	86533218	2	0	0	0	296.98634	16.142951	8.178269e-09	9.461623e-10	-1790.667	7.7091023e+08	5.1946154e+08	2.0119043	6.8546083	1.8739962	3775	236	310	67	92	226	2	0	0	16.997457	0	7.1107676	0	0	0	0	0	0	297.846	-5.22782e-13	296.998	8.15698e-09	9.46074e-10	0	41	25825863	25825863
7.1125	16.138909	-44.9694	12.8419	0	0	0	86533221	2	0	0	0	296.9615	16.140451	8.110945e-09	9.39675e-10	-1790.667	7.7091023e+08	5.1592428e+08	2.0121133	5.986987	1.8916483	3758	257	264	59	83	273	2	0	0	16.997457	0	7.1118397	0	0	0	0	0	0	297.846	-5.22782e-13	296.966	8.13928e-09	9.44222e-10	0	42	25611838	25611838
7.113	16.137744	-44.9725	12.8419	0	0	0	86533224	2	0	0	0	296.93935	16.140451	8.13213e-09	9.406556e-10	-1790.667	7.7091023e+08	5.164871e+08	2.0118112	6.9550701	1.8718883	3964	215	324	72	118	285	1	0	0	16.997457	0	7.1118397	0	0	0	0	0	0	297.846	-5.22782e-13	296.942	8.09886e-09	9.40835e-10	0	27	25677306	25677306
7.1135	16.136579	-44.9757	12.8418	0	0	0	86533228	2	0	0	0	296.90988	16.137951	8.045735e-09	9.351062e-10	-1790.667	7.7091023e+08	5.1346437e+08	2.0122077	6.9164869	1.8730336	3867	223	288	76	81	327	0	0	0	16.997457	0	7.1129121	0	0	0	0	0	0	297.846	-5.22782e-13	296.916	8.06526e-09	9.38932e-10	0	46	25403101	25403101
7.114	16.135414	-44.9788	12.8417	0	0	0	86533231	2	0	0	0	296.88711	16.137951	8.079475e-09	9.392807e-10	-1790.667	7.7091023e+08	5.1578098e+08	2.0120694	6.480667	1.8816739	3933	224	310	76	85	383	0	0	0	16.997457	0	7.1129121	0	0	0	0	0	0	297.846	-5.22782e-13	296.89	8.07154e-09	9.39545e-10	0	37	25508211	25508211
7.1145	16.134249	-44.982	12.8416	0	0	0	86533235	2	0	0	0	296.85831	16.135451	8.019349e-09	9.370709e-10	-1790.667	7.7091023e+08	5.1459189e+08	2.0119168	6.0915919	1.889359	3903	242	319	65	104	375	3	0	0	16.997457	0	7.1139849	0	0	0	0	0	0	297.846	-5.22782e-13	296.869	8.02401e-09	9.35872e-10	0	30	25316976	25316976
7.115	16.133084	-44.9852	12.8415	0	0	0	86533248	2	0	0	0	296.75638	16.135451	8.068294e-09	9.422969e-10	-1790.667	7.7091023e+08	5.1748625e+08	2.0119859	6.2339681	1.8865594	4135	254	340	65	79	395	0	0	0	16.997457	0	7.1139849	0	0	0	0	0	0	297.846	-5.22782e-13	296.837	8.05008e-09	9.37376e-10	0	25	25470080	25470080
7.1155	16.131919	-44.9883	12.8414	0	0	0	86533252	2	0	0	0	296.72714	16.135451	8.014773e-09	9.331025e-10	-1790.667	7.7091023e+08	5.1246118e+08	2.0120147	6.7477677	1.8762486	3994	226	320	58	71	397	2	0	0	16.997457	0	7.1139849	0	0	0	0	0	0	297.846	-5.22782e-13	296.737	8.02946e-09	9.37013e-10	0	37	25299718	25299718
7.116	16.130754	-44.9915	12.8413	0	0	0	86533255	2	0	0	0	296.70275	16.132951	8.039191e-09	9.356462e-10	-1790.667	7.7091023e+08	5.1388253e+08	2.0119462	6.446884	1.8822384	3953	225	329	50	80	410	2	0	0	16.997457	0	7.115058	0	0	0	0	0	0	297.846	-5.22782e-13	296.707	8.03194e-09	9.34541e-10	0	35	25375387	25375387
7.1165	16.129594	-44.9946	12.8412	0	0	0	86533258	2	0	0	0	296.67146	16.132951	8.016574e-09	9.368364e-10	-1790.667	7.7091023e+08	5.145606e+08	2.0120506	6.0865906	1.8895853	3938	211	321	69	103	375	2	0	0	16.997457	0	7.115058	0	0	0	0	0	0	297.846	-5.22782e-13	296.684	8.01965e-09	9.3401e-10	0	34	25302591	25302591
7.117	16.128429	-44.9978	12.8411	0	0	0	86533262	2	0	0	0	296.64976	16.130451	7.985868e-09	9.32399e-10	-1790.667	7.7091023e+08	5.1214762e+08	2.0122768	6.8159371	1.8751213	4065	253	313	61	94	405	2	0	0	16.997457	0	7.1161314	0	0	0	0	0	0	297.846	-5.22782e-13	296.657	7.9996e-09	9.32486e-10	0	34	25204274	25204274
7.1175	16.127264	-45.001	12.8411	0	0	0	86533265	2	0	0	0	296.62662	16.130451	8.000278e-09	9.331913e-10	-1790.667	7.7091023e+08	5.1260712e+08	2.011999	6.7216414	1.8767597	3847	226	300	64	93	390	0	0	0	16.997457	0	7.1161314	0	0	0	0	0	0	297.846	-5.22782e-13	296.631	7.9704e-09	9.29018e-10	0	23	25248351	25248351
7.118	16.126099	-45.0041	12.841	0	0	0	86533269	2	0	0	0	296.59707	16.127951	7.952448e-09	9.283809e-10	-1790.667	7.7091023e+08	5.0998893e+08	2.0117898	6.4297136	1.8824374	3835	223	350	61	80	394	1	0	0	16.997457	0	7.1172052	0	0	0	0	0	0	297.846	-5.22782e-13	296.609	7.98316e-09	9.28385e-10	0	30	25096009	25096009
7.1185	16.124939	-45.0073	12.8409	0	0	0	86533272	2	0	0	0	296.57555	16.127951	7.968456e-09	9.298589e-10	-1790.667	7.7091023e+08	5.1082507e+08	2.011839	6.6368888	1.8783155	4129	277	312	79	76	469	2	0	0	16.997457	0	7.1172052	0	0	0	0	0	0	297.846	-5.22782e-13	296.579	7.97688e-09	9.30233e-10	0	32	25145130	25145130
7.119	16.123774	-45.0104	12.8408	0	0	0	86533275	2	0	0	0	296.54427	16.125451	7.96485e-09	9.306795e-10	-1790.667	7.7091023e+08	5.1130014e+08	2.0120752	6.7995073	1.875264	4099	245	296	66	92	468	1	0	0	16.997457	0	7.1182793	0	0	0	0	0	0	297.846	-5.22782e-13	296.555	7.97058e-09	9.30054e-10	0	36	25132355	25132355
7.1195	16.122609	-45.0136	12.8407	0	0	0	86533279	2	0	0	0	296.52143	16.125451	7.927262e-09	9.247358e-10	-1790.667	7.7091023e+08	5.0805889e+08	2.0121238	6.6400207	1.8785184	4112	231	323	60	86	571	3	0	0	16.997457	0	7.1182793	0	0	0	0	0	0	297.846	-5.22782e-13	296.529	7.94558e-09	9.30453e-10	0	33	25012361	25012361
7.12	16.121449	-45.0168	12.8406	0	0	0	86533282	2	0	0	0	296.49905	16.122951	7.924196e-09	9.312799e-10	-1790.667	7.7091023e+08	5.1167857e+08	2.012039	6.5149273	1.8809562	4254	243	316	63	73	649	3	0	0	16.997457	0	7.1193538	0	0	0	0	0	0	297.846	-5.22782e-13	296.503	7.91705e-09	9.28517e-10	0	30	25001299	25001299
7.1205	16.120284	-45.0199	12.8405	0	0	0	86533285	2	0	0	0	296.46816	16.122951	7.85187e-09	9.249135e-10	-1790.667	7.7091023e+08	5.0820478e+08	2.0122682	6.8629422	1.8741674	4300	216	306	64	93	732	1	0	0	16.997457	0	7.1193538	0	0	0	0	0	0	297.846	-5.22782e-13	296.48	7.84302e-09	9.23816e-10	0	23	24771731	24771731
7.121	16.119119	-45.0231	12.8404	0	0	0	86533289	2	0	0	0	296.44623	16.120451	7.781164e-09	9.241319e-10	-1790.667	7.7091023e+08	5.0779945e+08	2.0122512	6.9648561	1.8721008	4423	228	308	64	97	772	0	0	0	16.997457	0	7.1204286	0	0	0	0	0	0	297.846	-5.22782e-13	296.453	7.79108e-09	9.23709e-10	0	32	24547299	24547299
7.1215	16.117959	-45.0263	12.8404	0	0	0	86533292	2	0	0	0	296.66378	16.120451	7.750273e-09	9.21407e-10	-1790.667	7.7091023e+08	5.0632621e+08	2.0118915	7.6854561	1.8572685	4599	247	349	72	97	930	1	0	0	16.997457	0	7.1204286	0	0	0	0	0	0	297.846	-5.22782e-13	296.668	7.71924e-09	9.1997e-10	0	29	24448490	24448490
7.122	16.116794	-45.0294	12.8403	0	0	0	86533296	2	0	0	0	296.63084	16.117951	7.70245e-09	9.190195e-10	-1790.667	7.7091023e+08	5.0503825e+08	2.012136	7.425677	1.8627213	4770	208	284	65	94	1058	4	0	0	16.997457	0	7.1215037	0	0	0	0	0	0	297.846	-5.22782e-13	296.643	7.67836e-09	9.1897e-10	0	32	24296282	24296282
7.1225	16.115634	-45.0326	12.8402	0	0	0	86533299	2	0	0	0	296.61032	16.117951	7.699928e-09	9.248531e-10	-1790.667	7.7091023e+08	5.0826822e+08	2.0118646	7.3387045	1.8642198	4706	192	299	66	82	1121	3	0	0	16.997457	0	7.1215037	0	0	0	0	0	0	297.846	-5.22782e-13	296.613	7.65376e-09	9.19727e-10	0	28	24286979	24286979
7.123	16.114474	-45.0357	12.8401	0	0	0	86533303	2	0	0	0	296.57885	16.117951	7.583786e-09	9.119994e-10	-1790.667	7.7091023e+08	5.0122809e+08	2.0120557	6.9323251	1.8725734	4974	260	316	66	82	1274	5	0	0	16.997457	0	7.1215037	0	0	0	0	0	0	297.846	-5.22782e-13	296.589	7.58836e-09	9.13683e-10	0	34	23919319	23919319
7.1235	16.113309	-45.0389	12.84	0	0	0	86533307	2	0	0	0	296.53996	16.115451	7.603965e-09	9.174705e-10	-1790.667	7.7091023e+08	5.0425896e+08	2.01196	6.898157	1.8731718	5078	254	298	79	86	1371	1	0	0	16.997457	0	7.1225792	0	0	0	0	0	0	297.846	-5.22782e-13	296.559	7.57978e-09	9.15418e-10	0	41	23981634	23981634
7.124	16.112149	-45.0421	12.8399	0	0	0	86533311	2	0	0	0	296.51808	16.115451	7.657381e-09	9.114771e-10	-1790.667	7.7091023e+08	5.0098872e+08	2.0120509	7.1448849	1.8682922	5197	258	297	61	86	1464	2	0	0	16.997457	0	7.1225792	0	0	0	0	0	0	297.846	-5.22782e-13	296.521	7.68523e-09	9.14049e-10	0	25	24148759	24148759
7.1245	16.110989	-45.0452	12.8398	0	0	0	86533314	2	0	0	0	296.49424	16.112951	7.754998e-09	9.137651e-10	-1790.667	7.7091023e+08	5.0227021e+08	2.0119354	7.3852711	1.8633485	5298	252	266	65	94	1640	2	0	0	16.997457	0	7.123655	0	0	0	0	0	0	297.846	-5.22782e-13	296.498	7.76194e-09	9.14202e-10	0	29	24455253	24455253
7.125	16.109824	-45.0484	12.8397	0	0	0	86533318	2	0	0	0	296.46273	16.112951	7.53122e-09	9.078036e-10	-1790.667	7.7091023e+08	4.9901711e+08	2.012272	7.3294584	1.8647834	5521	228	305	60	80	1711	3	0	0	16.997457	0	7.123655	0	0	0	0	0	0	297.846	-5.22782e-13	296.474	7.53695e-09	9.10057e-10	0	45	23748256	23748256
7.1255	16.108664	-45.0515	12.8396	0	0	0	86533321	2	0	0	0	297.90562	16.110549	7.541889e-09	9.224799e-10	-1790.667	7.7091023e+08	5.0710878e+08	2.011968	7.2279798	1.8665434	5654	233	282	76	86	1909	5	0	0	16.997457	0	7.1246891	0	0	0	0	0	0	297.846	-5.22782e-13	297.177	7.49789e-09	9.13962e-10	0	29	23780580	23780580
7.126	16.107504	-45.0547	12.8396	0	0	0	86533325	2	0	0	0	297.87544	16.110549	7.423637e-09	9.137402e-10	-1790.667	7.7091023e+08	5.023283e+08	2.0118365	7.4228538	1.8625008	5663	212	283	50	82	1895	1	0	0	16.997457	0	7.1246891	0	0	0	0	0	0	297.846	-5.22782e-13	297.887	7.45409e-09	9.1489e-10	0	31	23406418	23406418
7.1265	16.106344	-45.0579	12.8395	0	0	0	86533328	2	0	0	0	297.85252	16.108049	7.423917e-09	9.155947e-10	-1790.667	7.7091023e+08	5.033718e+08	2.0122314	7.5687996	1.8599296	5787	217	269	59	77	2018	3	0	0	16.997457	0	7.1257655	0	0	0	0	0	0	297.846	-5.22782e-13	297.857	7.42064e-09	9.1275e-10	0	38	23406003	23406003
7.127	16.105184	-45.061	12.8394	0	0	0	86533331	2	0	0	0	297.82082	16.108049	7.381605e-09	9.128804e-10	-1790.667	7.7091023e+08	5.0190347e+08	2.0119846	8.0525784	1.849968	5905	211	281	66	89	2154	3	0	0	16.997457	0	7.1257655	0	0	0	0	0	0	297.846	-5.22782e-13	297.832	7.3667e-09	9.10515e-10	0	41	23271312	23271312
7.1275	16.104019	-45.0642	12.8393	0	0	0	86533335	2	0	0	0	297.79845	16.105549	7.346117e-09	9.077681e-10	-1790.667	7.7091023e+08	4.9911651e+08	2.0121603	7.7952119	1.8553082	6078	217	276	67	110	2259	5	0	0	16.997457	0	7.1268423	0	0	0	0	0	0	297.846	-5.22782e-13	297.803	7.35484e-09	9.08735e-10	0	36	23158149	23158149
7.128	16.102859	-45.0674	12.8392	0	0	0	86533338	2	0	0	0	297.7746	16.105549	7.340279e-09	9.067485e-10	-1790.667	7.7091023e+08	4.9857969e+08	2.0122554	7.7064573	1.8571818	6011	207	267	62	80	2205	3	0	0	16.997457	0	7.1268423	0	0	0	0	0	0	297.846	-5.22782e-13	297.778	7.34534e-09	9.08382e-10	0	24	23138463	23138463
7.1285	16.101699	-45.0705	12.8391	0	0	0	86533342	2	0	0	0	297.74495	16.103049	7.319585e-09	9.080381e-10	-1790.667	7.7091023e+08	4.993126e+08	2.0120106	7.8563564	1.8539398	6171	226	299	66	78	2339	5	0	0	16.997457	0	7.1279195	0	0	0	0	0	0	297.846	-5.22782e-13	297.752	7.32534e-09	9.08138e-10	0	31	23071951	23071951
7.129	16.100539	-45.0737	12.839	0	0	0	86533345	2	0	0	0	297.71986	16.103049	7.309158e-09	9.09953e-10	-1790.667	7.7091023e+08	5.0038945e+08	2.0121574	7.8017116	1.8551747	6351	212	268	74	88	2457	6	0	0	16.997457	0	7.1279195	0	0	0	0	0	0	297.846	-5.22782e-13	297.725	7.32147e-09	9.10362e-10	0	45	23037808	23037808
7.1295	16.099379	-45.0768	12.8389	0	0	0	86533349	2	0	0	0	297.68987	16.103049	7.285415e-09	9.064856e-10	-1790.667	7.7091023e+08	4.985065e+08	2.0118851	7.8837742	1.8532726	6496	216	292	74	84	2592	4	0	0	16.997457	0	7.1279195	0	0	0	0	0	0	297.846	-5.22782e-13	297.702	7.304e-09	9.10203e-10	0	33	22961700	22961700
7.13	16.098219	-45.08	12.8389	0	0	0	86533352	2	0	0	0	297.66891	16.100549	7.267438e-09	9.082655e-10	-1790.667	7.7091023e+08	4.9950917e+08	2.0121866	8.1418455	1.8483574	6519	197	282	69	75	2608	6	0	0	16.997457	0	7.128997	0	0	0	0	0	0	297.846	-5.22782e-13	297.672	7.25431e-09	9.05957e-10	0	20	22903772	22903772
7.1305	16.097064	-45.0832	12.8388	0	0	0	86533355	2	0	0	0	297.64599	16.100549	7.303999e-09	9.114736e-10	-1790.667	7.7091023e+08	5.0129744e+08	2.0119728	8.4501977	1.8419571	6516	230	291	73	78	2685	3	0	0	16.997457	0	7.128997	0	0	0	0	0	0	297.846	-5.22782e-13	297.649	7.25308e-09	9.06781e-10	0	29	23017721	23017721
7.131	16.095904	-45.0863	12.8387	0	0	0	86533359	2	0	0	0	297.61407	16.098049	7.215984e-09	9.032846e-10	-1790.667	7.7091023e+08	4.9681734e+08	2.0118445	8.3568607	1.8437174	6710	204	275	65	90	2784	5	0	0	16.997457	0	7.1300748	0	0	0	0	0	0	297.846	-5.22782e-13	297.622	7.20807e-09	9.03809e-10	0	27	22739092	22739092
7.1315	16.094744	-45.0895	12.8386	0	0	0	86533362	2	0	0	0	297.59233	16.098049	7.237627e-09	9.062013e-10	-1790.667	7.7091023e+08	4.9844538e+08	2.012055	8.8484577	1.8340192	6619	213	278	67	81	2735	5	0	0	16.997457	0	7.1300748	0	0	0	0	0	0	297.846	-5.22782e-13	297.595	7.22704e-09	9.05527e-10	0	35	22806031	22806031
7.132	16.093584	-45.0926	12.8385	0	0	0	86533368	2	0	0	0	297.54792	16.095549	7.260624e-09	9.07793e-10	-1790.667	7.7091023e+08	4.9934475e+08	2.0119341	7.8910736	1.8531709	6920	241	305	66	94	2861	6	0	0	16.997457	0	7.131153	0	0	0	0	0	0	297.846	-5.22782e-13	297.574	7.2611e-09	9.08343e-10	0	21	22877229	22877229
7.1325	16.092424	-45.0958	12.8384	0	0	0	86533371	2	0	0	0	297.52573	16.095549	7.274355e-09	9.131007e-10	-1790.667	7.7091023e+08	5.0228834e+08	2.01204	8.7404704	1.8361782	6854	235	281	78	92	2911	10	0	0	16.997457	0	7.131153	0	0	0	0	0	0	297.846	-5.22782e-13	297.528	7.2568e-09	9.0809e-10	0	37	22919224	22919224
7.133	16.091269	-45.099	12.8383	0	0	0	86533375	2	0	0	0	297.49516	16.093049	7.265172e-09	9.063506e-10	-1790.667	7.7091023e+08	4.9859902e+08	2.0119709	7.8405588	1.8542211	6796	265	248	61	114	2780	5	0	0	16.997457	0	7.1322315	0	0	0	0	0	0	297.846	-5.22782e-13	297.505	7.2766e-09	9.0679e-10	0	33	22889024	22889024
7.1335	16.090109	-45.1021	12.8382	0	0	0	86533378	2	0	0	0	297.47236	16.093049	7.287849e-09	9.100027e-10	-1790.667	7.7091023e+08	5.0063206e+08	2.0119392	8.2318511	1.8463194	6865	241	298	85	94	2841	5	0	0	16.997457	0	7.1322315	0	0	0	0	0	0	297.846	-5.22782e-13	297.475	7.25643e-09	9.04647e-10	0	31	22959197	22959197
7.134	16.088949	-45.1053	12.8381	0	0	0	86533381	2	0	0	0	297.43872	16.090549	7.250527e-09	9.018457e-10	-1790.667	7.7091023e+08	4.9616828e+08	2.0119923	8.6536155	1.8378822	6686	243	264	74	82	2684	8	0	0	16.997457	0	7.1333103	0	0	0	0	0	0	297.846	-5.22782e-13	297.452	7.2351e-09	9.0016e-10	0	27	22840356	22840356
7.1345	16.087794	-45.1084	12.8381	0	0	0	86533385	2	0	0	0	297.41621	16.090549	7.217768e-09	8.966197e-10	-1790.667	7.7091023e+08	4.9331671e+08	2.0122125	8.4330021	1.8425226	6575	244	270	76	87	2604	6	0	0	16.997457	0	7.1333103	0	0	0	0	0	0	297.846	-5.22782e-13	297.424	7.22285e-09	8.98594e-10	0	17	22735901	22735901
7.135	16.086634	-45.1116	12.838	0	0	0	86533388	2	0	0	0	297.39337	16.088049	7.18283e-09	9.015295e-10	-1790.667	7.7091023e+08	4.9604181e+08	2.0118806	8.0782208	1.8493565	6451	225	313	66	83	2622	4	0	0	16.997457	0	7.1343895	0	0	0	0	0	0	297.846	-5.22782e-13	297.397	7.19049e-09	8.98721e-10	0	36	22624595	22624595
7.1355	16.085474	-45.1148	12.8379	0	0	0	86533392	2	0	0	0	297.36448	16.088049	7.149179e-09	8.939693e-10	-1790.667	7.7091023e+08	4.9190558e+08	2.012143	8.1809691	1.8475302	6362	241	306	77	87	2454	8	0	0	16.997457	0	7.1343895	0	0	0	0	0	0	297.846	-5.22782e-13	297.375	7.17504e-09	8.95889e-10	0	40	22517354	22517354
7.136	16.084319	-45.1179	12.8378	0	0	0	86533395	2	0	0	0	297.3417	16.088049	7.160683e-09	8.969678e-10	-1790.667	7.7091023e+08	4.9357915e+08	2.0120387	7.8821863	1.8534461	6365	222	290	62	90	2566	6	0	0	16.997457	0	7.1343895	0	0	0	0	0	0	297.846	-5.22782e-13	297.346	7.14771e-09	8.95431e-10	0	37	22552340	22552340
7.1365	16.083159	-45.1211	12.8377	0	0	0	86533398	2	0	0	0	297.31024	16.085549	7.127728e-09	8.931664e-10	-1790.667	7.7091023e+08	4.9151088e+08	2.0122579	8.5083169	1.8410486	6275	220	259	69	90	2433	8	0	0	16.997457	0	7.135469	0	0	0	0	0	0	297.846	-5.22782e-13	297.323	7.12591e-09	8.92014e-10	0	32	22447307	22447307
7.137	16.082004	-45.1243	12.8376	0	0	0	86533402	2	0	0	0	297.289	16.085549	7.115272e-09	8.892336e-10	-1790.667	7.7091023e+08	4.8937012e+08	2.0122186	8.1981234	1.8472544	6357	223	312	81	88	2465	7	0	0	16.997457	0	7.135469	0	0	0	0	0	0	297.846	-5.22782e-13	297.292	7.13336e-09	8.93252e-10	0	22	22406840	22406840
7.1375	16.080849	-45.1274	12.8375	0	0	0	86533405	2	0	0	0	297.26666	16.083049	7.177494e-09	9.000445e-10	-1790.667	7.7091023e+08	4.9534341e+08	2.012103	8.1818951	1.8474749	6195	221	283	63	91	2332	3	0	0	16.997457	0	7.1365489	0	0	0	0	0	0	297.846	-5.22782e-13	297.27	7.15664e-09	8.96033e-10	0	28	22601535	22601535
7.138	16.079689	-45.1306	12.8374	0	0	0	86533409	2	0	0	0	297.23674	16.083049	7.147271e-09	8.951275e-10	-1790.667	7.7091023e+08	4.9266094e+08	2.0120589	8.0102944	1.850887	6224	246	277	57	82	2312	6	0	0	16.997457	0	7.1365489	0	0	0	0	0	0	297.846	-5.22782e-13	297.244	7.15011e-09	8.94583e-10	0	53	22505120	22505120
7.1385	16.078534	-45.1337	12.8374	0	0	0	86533412	2	0	0	0	297.21397	16.080549	7.158985e-09	8.953336e-10	-1790.667	7.7091023e+08	4.9279802e+08	2.0118045	7.7047646	1.8567997	6221	217	254	84	84	2416	3	0	0	16.997457	0	7.1376291	0	0	0	0	0	0	297.846	-5.22782e-13	297.217	7.12842e-09	8.93332e-10	0	47	22540758	22540758
7.139	16.077374	-45.1369	12.8373	0	0	0	86533416	2	0	0	0	297.18211	16.080549	7.127436e-09	8.8626e-10	-1790.667	7.7091023e+08	4.8782726e+08	2.0120742	8.2018922	1.8470461	6146	230	291	68	86	2323	5	0	0	16.997457	0	7.1376291	0	0	0	0	0	0	297.846	-5.22782e-13	297.195	7.15013e-09	8.93094e-10	0	29	22440182	22440182
7.1395	16.076219	-45.1401	12.8372	0	0	0	86533419	2	0	0	0	297.15947	16.078049	7.115815e-09	8.918093e-10	-1790.667	7.7091023e+08	4.9090534e+08	2.011919	7.9572824	1.851825	6225	243	295	78	84	2352	3	0	0	16.997457	0	7.1387097	0	0	0	0	0	0	297.846	-5.22782e-13	297.163	7.1205e-09	8.91552e-10	0	23	22402355	22402355
7.14	16.075064	-45.1432	12.8371	0	0	0	86533423	2	0	0	0	297.12909	16.078049	7.114075e-09	8.934293e-10	-1790.667	7.7091023e+08	4.918207e+08	2.0119267	7.6894411	1.8572208	6064	232	270	56	82	2304	5	0	0	16.997457	0	7.1387097	0	0	0	0	0	0	297.846	-5.22782e-13	297.141	7.12835e-09	8.93149e-10	0	30	22395639	22395639
7.1405	16.073909	-45.1464	12.837	0	0	0	86533428	2	0	0	0	297.09245	16.075549	7.15562e-09	8.972734e-10	-1790.667	7.7091023e+08	4.9396055e+08	2.0120038	7.4542204	1.8620246	6067	214	278	75	74	2282	4	0	0	16.997457	0	7.1397906	0	0	0	0	0	0	297.846	-5.22782e-13	297.111	7.1164e-09	8.94627e-10	0	37	22525181	22525181
7.141	16.072749	-45.1495	12.8369	0	0	0	86533431	2	0	0	0	297.06115	16.075549	7.147733e-09	8.966907e-10	-1790.667	7.7091023e+08	4.9366348e+08	2.0120589	7.6554579	1.8580266	5934	186	247	68	74	2187	6	0	0	16.997457	0	7.1397906	0	0	0	0	0	0	297.846	-5.22782e-13	297.072	7.15562e-09	8.95324e-10	0	31	22499110	22499110
7.1415	16.071594	-45.1527	12.8368	0	0	0	86533435	2	0	0	0	297.03781	16.073049	7.153808e-09	8.943495e-10	-1790.667	7.7091023e+08	4.9239822e+08	2.0120774	7.8228719	1.8546752	6025	223	289	71	95	2265	5	0	0	16.997457	0	7.1408718	0	0	0	0	0	0	297.846	-5.22782e-13	297.042	7.1595e-09	8.94577e-10	0	31	22516988	22516988
7.142	16.070439	-45.1559	12.8367	0	0	0	86533438	2	0	0	0	297.01539	16.073049	7.157102e-09	8.939942e-10	-1790.667	7.7091023e+08	4.9222627e+08	2.0118726	8.1451677	1.8480022	6061	208	279	72	88	2311	5	0	0	16.997457	0	7.1408718	0	0	0	0	0	0	297.846	-5.22782e-13	297.019	7.1514e-09	8.95033e-10	0	26	22526111	22526111
7.1425	16.069284	-45.159	12.8367	0	0	0	86533442	2	0	0	0	296.98446	16.070549	7.139864e-09	8.912266e-10	-1790.667	7.7091023e+08	4.9072604e+08	2.0119398	7.5805527	1.8594237	5995	213	279	63	79	2235	7	0	0	16.997457	0	7.1419534	0	0	0	0	0	0	297.846	-5.22782e-13	296.996	7.15107e-09	8.94273e-10	0	37	22470615	22470615
7.143	16.068129	-45.1622	12.8366	0	0	0	86533445	2	0	0	0	296.96258	16.070549	7.155297e-09	8.943744e-10	-1790.667	7.7091023e+08	4.9248296e+08	2.0118403	8.0830908	1.8492214	6066	227	283	65	96	2246	5	0	0	16.997457	0	7.1419534	0	0	0	0	0	0	297.846	-5.22782e-13	296.967	7.11545e-09	8.90514e-10	0	27	22517942	22517942
7.1435	16.066974	-45.1654	12.8365	0	0	0	86533449	2	0	0	0	296.931	16.070549	7.10482e-09	8.903491e-10	-1790.667	7.7091023e+08	4.9029004e+08	2.0118979	7.6673632	1.8576384	6081	210	297	62	96	2207	6	0	0	16.997457	0	7.1419534	0	0	0	0	0	0	297.846	-5.22782e-13	296.943	7.10159e-09	8.91315e-10	0	34	22357854	22357854
7.144	16.065819	-45.1685	12.8364	0	0	0	86533452	2	0	0	0	296.90715	16.068049	7.095647e-09	8.891412e-10	-1790.667	7.7091023e+08	4.8964845e+08	2.0122774	7.8927645	1.8534531	5939	190	270	56	72	2239	4	0	0	16.997457	0	7.1430353	0	0	0	0	0	0	297.846	-5.22782e-13	296.911	7.07744e-09	8.88489e-10	0	28	22327755	22327755
7.1445	16.064664	-45.1717	12.8363	0	0	0	86533456	2	0	0	0	296.87842	16.068049	7.070007e-09	8.883561e-10	-1790.667	7.7091023e+08	4.8923964e+08	2.0122272	7.8470503	1.8543267	5915	211	298	79	89	2181	8	0	0	16.997457	0	7.1430353	0	0	0	0	0	0	297.846	-5.22782e-13	296.89	7.0502e-09	8.88309e-10	0	49	22245845	22245845
7.145	16.063509	-45.1748	12.8362	0	0	0	86533459	2	0	0	0	296.85613	16.065549	7.050048e-09	8.855032e-10	-1790.667	7.7091023e+08	4.8769196e+08	2.0120154	7.7773402	1.8555341	6116	224	287	76	95	2251	2	0	0	16.997457	0	7.1441175	0	0	0	0	0	0	297.846	-5.22782e-13	296.859	7.03509e-09	8.8734e-10	0	23	22181819	22181819
7.1455	16.062354	-45.178	12.8361	0	0	0	86533462	2	0	0	0	296.82578	16.065549	7.00614e-09	8.813856e-10	-1790.667	7.7091023e+08	4.8544757e+08	2.012064	7.942968	1.8522464	5978	215	247	70	91	2231	3	0	0	16.997457	0	7.1441175	0	0	0	0	0	0	297.846	-5.22782e-13	296.838	7.00505e-09	8.83449e-10	0	28	22042453	22042453
7.146	16.061199	-45.1812	12.836	0	0	0	86533466	2	0	0	0	296.80329	16.063049	6.975323e-09	8.830661e-10	-1790.667	7.7091023e+08	4.8639658e+08	2.012008	7.0929658	1.869297	6050	244	269	56	74	2282	1	0	0	16.997457	0	7.1452001	0	0	0	0	0	0	297.846	-5.22782e-13	296.806	6.99538e-09	8.84116e-10	0	27	21944286	21944286
7.1465	16.060049	-45.1843	12.836	0	0	0	86533469	2	0	0	0	296.78218	16.063049	6.979512e-09	8.839258e-10	-1790.667	7.7091023e+08	4.8689357e+08	2.0120611	7.355864	1.8640566	5959	219	316	61	77	2140	7	0	0	16.997457	0	7.1452001	0	0	0	0	0	0	297.846	-5.22782e-13	296.785	6.97208e-09	8.82318e-10	0	42	21956253	21956253
7.147	16.058894	-45.1875	12.8359	0	0	0	86533473	2	0	0	0	296.75112	16.060549	6.972346e-09	8.793251e-10	-1790.667	7.7091023e+08	4.8438271e+08	2.0122608	8.1273441	1.8487174	6094	237	298	71	92	2239	1	0	0	16.997457	0	7.1462831	0	0	0	0	0	0	297.846	-5.22782e-13	296.763	6.9849e-09	8.83123e-10	0	26	21932499	21932499
7.1475	16.057739	-45.1906	12.8358	0	0	0	86533476	2	0	0	0	296.72517	16.060549	7.033695e-09	8.882388e-10	-1790.667	7.7091023e+08	4.8931648e+08	2.0120182	7.9615819	1.8518298	5834	226	266	70	102	2150	5	0	0	16.997457	0	7.1462831	0	0	0	0	0	0	297.846	-5.22782e-13	296.729	7.01802e-09	8.87042e-10	0	32	22124260	22124260
7.148	16.056584	-45.1938	12.8357	0	0	0	86533480	2	0	0	0	296.69555	16.058049	7.014012e-09	8.84377e-10	-1790.667	7.7091023e+08	4.8721257e+08	2.0122246	8.1741808	1.8477418	5976	222	288	66	79	2252	2	0	0	16.997457	0	7.1473663	0	0	0	0	0	0	297.846	-5.22782e-13	296.708	7.00365e-09	8.85414e-10	0	41	22061130	22061130
7.1485	16.055434	-45.197	12.8356	0	0	0	86533483	2	0	0	0	296.67281	16.058049	6.972908e-09	8.898482e-10	-1790.667	7.7091023e+08	4.9025036e+08	2.0121098	7.477111	1.8616621	6013	262	276	67	88	2197	2	0	0	16.997457	0	7.1473663	0	0	0	0	0	0	297.846	-5.22782e-13	296.677	6.99348e-09	8.86141e-10	0	27	21930636	21930636
7.149	16.054279	-45.2001	12.8355	0	0	0	86533488	2	0	0	0	296.63604	16.056975	7.003838e-09	8.872192e-10	-1790.667	7.7091023e+08	4.8882554e+08	2.0121779	7.8788261	1.8536419	5954	205	275	71	80	2204	10	0	0	16.997457	0	7.1478319	0	0	0	0	0	0	297.846	-5.22782e-13	296.656	6.99483e-09	8.85154e-10	0	31	22026699	22026699
7.1495	16.053124	-45.2033	12.8354	0	0	0	86533492	2	0	0	0	296.60558	16.055549	6.970588e-09	8.814389e-10	-1790.667	7.7091023e+08	4.8566424e+08	2.0119072	7.6792727	1.8574074	5894	236	272	67	75	2043	5	0	0	16.997457	0	7.14845	0	0	0	0	0	0	297.846	-5.22782e-13	296.614	7.00078e-09	8.85041e-10	0	34	21920920	21920920
7.15	16.051974	-45.2064	12.8353	0	0	0	86533495	2	0	0	0	296.58233	16.055549	7.005003e-09	8.884875e-10	-1790.667	7.7091023e+08	4.8957159e+08	2.0119594	7.5441206	1.8601747	5904	221	290	53	94	2088	6	0	0	16.997457	0	7.14845	0	0	0	0	0	0	297.846	-5.22782e-13	296.586	6.98858e-09	8.85301e-10	0	32	22027932	22027932
7.1505	16.050819	-45.2096	12.8353	0	0	0	86533499	2	0	0	0	296.55296	16.053049	7.011437e-09	8.862528e-10	-1790.667	7.7091023e+08	4.8836382e+08	2.012193	7.6048055	1.8591696	5878	224	298	80	84	2108	1	0	0	16.997457	0	7.1495339	0	0	0	0	0	0	297.846	-5.22782e-13	296.563	7.00219e-09	8.85902e-10	0	48	22046949	22046949
7.151	16.049669	-45.2128	12.8352	0	0	0	86533502	2	0	0	0	296.53142	16.053049	7.009273e-09	8.853043e-10	-1790.667	7.7091023e+08	4.8786472e+08	2.0117955	7.5383884	1.8601386	5759	239	292	66	78	2076	9	0	0	16.997457	0	7.1495339	0	0	0	0	0	0	297.846	-5.22782e-13	296.535	7.03779e-09	8.88271e-10	0	21	22038929	22038929
7.1515	16.048514	-45.2159	12.8351	0	0	0	86533506	2	0	0	0	296.49998	16.050549	6.993304e-09	8.817551e-10	-1790.667	7.7091023e+08	4.8593234e+08	2.0122214	8.1413863	1.8483987	5816	239	289	79	76	2015	5	0	0	16.997457	0	7.1506182	0	0	0	0	0	0	297.846	-5.22782e-13	296.511	7.02137e-09	8.85904e-10	0	41	21987506	21987506
7.152	16.047364	-45.2191	12.835	0	0	0	86533509	2	0	0	0	296.47894	16.050549	7.011835e-09	8.86029e-10	-1790.667	7.7091023e+08	4.8831128e+08	2.0122595	7.6773716	1.8577709	5757	224	295	67	83	2020	4	0	0	16.997457	0	7.1506182	0	0	0	0	0	0	297.846	-5.22782e-13	296.483	7.03104e-09	8.86429e-10	0	48	22044553	22044553
7.1525	16.046209	-45.2223	12.8349	0	0	0	86533512	2	0	0	0	296.73227	16.048049	7.044996e-09	8.906973e-10	-1790.667	7.7091023e+08	4.9090782e+08	2.0120826	7.651694	1.8581242	5770	220	287	74	74	2037	3	0	0	16.997457	0	7.1517029	0	0	0	0	0	0	297.846	-5.22782e-13	296.737	7.03544e-09	8.88291e-10	0	43	22147587	22147587
7.153	16.045059	-45.2254	12.8348	0	0	0	86533516	2	0	0	0	296.70201	16.048049	7.025029e-09	8.874679e-10	-1790.667	7.7091023e+08	4.8915159e+08	2.0119229	7.1979538	1.8671056	5798	222	291	60	100	1940	3	0	0	16.997457	0	7.1517029	0	0	0	0	0	0	297.846	-5.22782e-13	296.71	7.03423e-09	8.87173e-10	0	34	22083599	22083599
7.1535	16.043909	-45.2286	12.8347	0	0	0	86533519	2	0	0	0	296.68091	16.045549	7.063822e-09	8.931309e-10	-1790.667	7.7091023e+08	4.9229672e+08	2.0120672	7.7052536	1.8570323	5943	215	305	65	110	2055	6	0	0	16.997457	0	7.1527879	0	0	0	0	0	0	297.846	-5.22782e-13	296.684	7.0494e-09	8.90188e-10	0	22	22204323	22204323
7.154	16.042754	-45.2317	12.8346	0	0	0	86533523	2	0	0	0	296.65046	16.045549	7.026376e-09	8.878445e-10	-1790.667	7.7091023e+08	4.8940652e+08	2.0120973	7.345951	1.8642896	5810	231	298	69	90	2016	6	0	0	16.997457	0	7.1527879	0	0	0	0	0	0	297.846	-5.22782e-13	296.661	7.05921e-09	8.89824e-10	0	47	22085399	22085399
7.1545	16.041604	-45.2349	12.8346	0	0	0	86533526	2	0	0	0	296.62701	16.043049	7.049358e-09	8.881216e-10	-1790.667	7.7091023e+08	4.8958296e+08	2.0119808	7.3257319	1.8645885	5783	216	279	78	85	1990	3	0	0	16.997457	0	7.1538732	0	0	0	0	0	0	297.846	-5.22782e-13	296.631	7.0567e-09	8.90695e-10	0	38	22156415	22156415
7.155	16.040454	-45.2381	12.8345	0	0	0	86533530	2	0	0	0	296.59639	16.043049	7.023772e-09	8.882779e-10	-1790.667	7.7091023e+08	4.8969283e+08	2.0119222	7.6009299	1.8589974	5714	219	271	75	79	1948	2	0	0	16.997457	0	7.1538732	0	0	0	0	0	0	297.846	-5.22782e-13	296.608	7.02555e-09	8.86048e-10	0	29	22074781	22074781
7.1555	16.039304	-45.2412	12.8344	0	0	0	86533533	2	0	0	0	296.57528	16.043049	7.023043e-09	8.890133e-10	-1790.667	7.7091023e+08	4.9012198e+08	2.0119488	7.3840289	1.8633859	5723	250	279	62	89	2012	4	0	0	16.997457	0	7.1538732	0	0	0	0	0	0	297.846	-5.22782e-13	296.579	7.03364e-09	8.8788e-10	0	29	22071273	22071273
7.156	16.038149	-45.2444	12.8343	0	0	0	86533536	2	0	0	0	296.54403	16.040549	7.051259e-09	8.921184e-10	-1790.667	7.7091023e+08	4.9185767e+08	2.0120762	7.2065344	1.8670752	5757	221	260	59	82	1964	6	0	0	16.997457	0	7.1549589	0	0	0	0	0	0	297.846	-5.22782e-13	296.557	7.04413e-09	8.89033e-10	0	27	22158727	22158727
7.1565	16.036999	-45.2475	12.8342	0	0	0	86533540	2	0	0	0	296.52184	16.040549	6.982543e-09	8.831158e-10	-1790.667	7.7091023e+08	4.869178e+08	2.0120822	7.5132038	1.8609104	5735	211	282	68	86	1938	4	0	0	16.997457	0	7.1549589	0	0	0	0	0	0	297.846	-5.22782e-13	296.526	7.01328e-09	8.85365e-10	0	25	21941577	21941577
7.157	16.035849	-45.2507	12.8341	0	0	0	86533543	2	0	0	0	296.49926	16.038049	7.020599e-09	8.888463e-10	-1790.667	7.7091023e+08	4.9010114e+08	2.0121824	7.5299734	1.8606656	5689	218	309	52	74	2005	2	0	0	16.997457	0	7.1560449	0	0	0	0	0	0	297.846	-5.22782e-13	296.503	7.01195e-09	8.86179e-10	0	45	22059947	22059947
7.1575	16.034699	-45.2539	12.834	0	0	0	86533549	2	0	0	0	296.45514	16.038049	7.021757e-09	8.872512e-10	-1790.667	7.7091023e+08	4.8924534e+08	2.012064	7.2821859	1.8655418	5707	231	264	67	84	1913	1	0	0	16.997457	0	7.1560449	0	0	0	0	0	0	297.846	-5.22782e-13	296.477	7.00937e-09	8.86766e-10	0	42	22062371	22062371
7.158	16.033549	-45.257	12.834	0	0	0	86533552	2	0	0	0	297.7536	16.035549	6.974766e-09	8.901289e-10	-1790.667	7.7091023e+08	4.9085595e+08	2.0119965	7.6214527	1.8586531	5671	225	271	59	65	1928	7	0	0	16.997457	0	7.1571313	0	0	0	0	0	0	297.846	-5.22782e-13	297.757	7.00518e-09	8.91315e-10	0	26	21913518	21913518
7.1585	16.032399	-45.2602	12.8339	0	0	0	86533555	2	0	0	0	297.72285	16.035549	7.038611e-09	8.904841e-10	-1790.667	7.7091023e+08	4.9107565e+08	2.011849	8.1915016	1.8470483	5704	215	305	56	72	1918	6	0	0	16.997457	0	7.1571313	0	0	0	0	0	0	297.846	-5.22782e-13	297.735	7.03126e-09	8.91117e-10	0	36	22112891	22112891
7.159	16.031249	-45.2634	12.8338	0	0	0	86533559	2	0	0	0	297.70055	16.033049	7.051433e-09	8.914292e-10	-1790.667	7.7091023e+08	4.9162069e+08	2.0118224	7.6544808	1.8578278	5840	236	304	47	97	1954	3	0	0	16.997457	0	7.158218	0	0	0	0	0	0	297.846	-5.22782e-13	297.707	7.06723e-09	8.93841e-10	0	37	22151953	22151953
7.1595	16.030099	-45.2665	12.8337	0	0	0	86533562	2	0	0	0	297.67793	16.033049	7.111336e-09	8.969288e-10	-1790.667	7.7091023e+08	4.9467772e+08	2.0118691	7.4777508	1.8614266	5625	227	301	66	85	1886	3	0	0	16.997457	0	7.158218	0	0	0	0	0	0	297.846	-5.22782e-13	297.681	7.10982e-09	8.9635e-10	0	30	22338908	22338908
7.16	16.028949	-45.2697	12.8336	0	0	0	86533566	2	0	0	0	297.64687	16.030549	7.08658e-09	8.934364e-10	-1790.667	7.7091023e+08	4.927755e+08	2.0118768	7.6624652	1.8577174	5717	239	283	63	85	1977	5	0	0	16.997457	0	7.159305	0	0	0	0	0	0	297.846	-5.22782e-13	297.655	7.10544e-09	8.94832e-10	0	33	22259916	22259916
7.1605	16.027799	-45.2728	12.8335	0	0	0	86533569	2	0	0	0	297.62395	16.030549	7.118434e-09	8.965344e-10	-1790.667	7.7091023e+08	4.9450821e+08	2.0119955	7.5021718	1.8610522	5851	230	316	70	82	1919	3	0	0	16.997457	0	7.159305	0	0	0	0	0	0	297.846	-5.22782e-13	297.628	7.1315e-09	8.95612e-10	0	19	22358743	22358743
7.161	16.026649	-45.276	12.8334	0	0	0	86533573	2	0	0	0	297.59354	16.028049	7.121841e-09	8.887611e-10	-1790.667	7.7091023e+08	4.9024445e+08	2.0118077	7.6944929	1.8570093	5841	209	310	57	98	1989	4	0	0	16.997457	0	7.1603924	0	0	0	0	0	0	297.846	-5.22782e-13	297.604	7.14548e-09	8.95679e-10	0	26	22368214	22368214
7.1615	16.025504	-45.2792	12.8333	0	0	0	86533576	2	0	0	0	297.57142	16.028049	7.172254e-09	8.982468e-10	-1790.667	7.7091023e+08	4.9550087e+08	2.0117917	7.5781683	1.8593347	5842	221	271	73	86	1941	3	0	0	16.997457	0	7.1603924	0	0	0	0	0	0	297.846	-5.22782e-13	297.575	7.16126e-09	8.97098e-10	0	41	22525311	22525311
7.162	16.024354	-45.2823	12.8333	0	0	0	86533579	2	0	0	0	297.54961	16.028049	7.183189e-09	8.979626e-10	-1790.667	7.7091023e+08	4.9536817e+08	2.0120176	7.5660253	1.8597878	5775	257	267	75	79	1901	3	0	0	16.997457	0	7.1603924	0	0	0	0	0	0	297.846	-5.22782e-13	297.553	7.16995e-09	8.97701e-10	0	35	22558412	22558412
7.1625	16.023204	-45.2855	12.8332	0	0	0	86533583	2	0	0	0	297.51755	16.025549	7.150877e-09	8.932233e-10	-1790.667	7.7091023e+08	4.9277766e+08	2.0122141	7.4568925	1.8621654	5748	202	321	63	83	1967	0	0	0	16.997457	0	7.1614802	0	0	0	0	0	0	297.846	-5.22782e-13	297.526	7.15606e-09	8.97268e-10	0	35	22455703	22455703
7.163	16.022054	-45.2886	12.8331	0	0	0	86533586	2	0	0	0	297.49545	16.025549	7.177057e-09	8.973302e-10	-1790.667	7.7091023e+08	4.9506744e+08	2.0119053	7.4819109	1.8613763	5752	239	295	69	75	1992	3	0	0	16.997457	0	7.1614802	0	0	0	0	0	0	297.846	-5.22782e-13	297.499	7.1731e-09	8.97037e-10	0	30	22536676	22536676
7.1635	16.020909	-45.2918	12.833	0	0	0	86533590	2	0	0	0	297.46485	16.023049	7.206964e-09	8.982326e-10	-1790.667	7.7091023e+08	4.9558941e+08	2.012143	7.7735388	1.8557283	5852	217	275	67	72	1933	7	0	0	16.997457	0	7.1625682	0	0	0	0	0	0	297.846	-5.22782e-13	297.476	7.20422e-09	9.00609e-10	0	29	22629342	22629342
7.164	16.019759	-45.295	12.8329	0	0	0	86533593	2	0	0	0	297.44327	16.023049	7.20814e-09	9.035332e-10	-1790.667	7.7091023e+08	4.9853821e+08	2.0119462	7.8007969	1.8549984	5721	213	290	58	75	1901	5	0	0	16.997457	0	7.1625682	0	0	0	0	0	0	297.846	-5.22782e-13	297.447	7.21197e-09	9.01153e-10	0	29	22631790	22631790
7.1645	16.018609	-45.2981	12.8328	0	0	0	86533597	2	0	0	0	297.41048	16.020549	7.229769e-09	8.994085e-10	-1790.667	7.7091023e+08	4.9628649e+08	2.0119293	7.9467604	1.8520461	5824	201	325	59	84	1963	4	0	0	16.997457	0	7.1636567	0	0	0	0	0	0	297.846	-5.22782e-13	297.423	7.21732e-09	9.01993e-10	0	27	22698452	22698452
7.165	16.017464	-45.3013	12.8327	0	0	0	86533600	2	0	0	0	297.38904	16.020549	7.227992e-09	9.017924e-10	-1790.667	7.7091023e+08	4.9762613e+08	2.0118051	7.6720592	1.8574582	5775	237	281	64	90	1919	7	0	0	16.997457	0	7.1636567	0	0	0	0	0	0	297.846	-5.22782e-13	297.393	7.22857e-09	9.02673e-10	0	23	22691625	22691625
7.1655	16.016314	-45.3044	12.8326	0	0	0	86533603	2	0	0	0	297.35944	16.018049	7.284726e-09	9.058994e-10	-1790.667	7.7091023e+08	4.999168e+08	2.0122525	7.5180069	1.8609712	5801	238	283	67	86	1947	6	0	0	16.997457	0	7.1647454	0	0	0	0	0	0	297.846	-5.22782e-13	297.372	7.27014e-09	9.03484e-10	0	33	22868479	22868479
7.166	16.015169	-45.3076	12.8326	0	0	0	86533607	2	0	0	0	297.33653	16.018049	7.278793e-09	9.019452e-10	-1790.667	7.7091023e+08	4.9775893e+08	2.0122573	8.0313388	1.8506461	5799	235	283	74	78	1908	3	0	0	16.997457	0	7.1647454	0	0	0	0	0	0	297.846	-5.22782e-13	297.343	7.29057e-09	9.03869e-10	0	33	22848598	22848598
7.1665	16.014019	-45.3108	12.8325	0	0	0	86533610	2	0	0	0	297.31201	16.015549	7.234643e-09	9.038637e-10	-1790.667	7.7091023e+08	4.98842e+08	2.0052525	8.0262172	1.8443066	5829	229	306	54	91	1998	2	0	0	16.997457	0	7.1658346	0	0	0	0	0	0	297.846	-5.22782e-13	297.317	7.23891e-09	9.03671e-10	0	29	22708760	22708760
7.167	16.012874	-45.3139	12.8324	0	0	0	86533614	2	0	0	0	297.28295	16.015549	7.193826e-09	9.019239e-10	-1790.667	7.7091023e+08	4.9779568e+08	2.0118138	7.8624375	1.8536362	5817	203	279	57	72	1965	2	0	0	16.997457	0	7.1658346	0	0	0	0	0	0	297.846	-5.22782e-13	297.294	7.22796e-09	9.02804e-10	0	37	22579399	22579399
7.1675	16.011724	-45.3171	12.8323	0	0	0	86533617	2	0	0	0	297.26003	16.013049	7.253877e-09	9.091146e-10	-1790.667	7.7091023e+08	5.0178888e+08	2.0120346	7.597118	1.8591779	5838	214	314	73	88	2032	2	0	0	16.997457	0	7.166924	0	0	0	0	0	0	297.846	-5.22782e-13	297.263	7.22958e-09	9.04415e-10	0	36	22766631	22766631
7.168	16.010579	-45.3203	12.8322	0	0	0	86533621	2	0	0	0	297.22899	16.013049	7.259931e-09	9.069652e-10	-1790.667	7.7091023e+08	5.0062692e+08	2.0122506	8.0178007	1.8509123	5800	235	288	77	82	1957	6	0	0	16.997457	0	7.166924	0	0	0	0	0	0	297.846	-5.22782e-13	297.242	7.24377e-09	9.05112e-10	0	42	22784380	22784380
7.1685	16.009434	-45.3234	12.8321	0	0	0	86533624	2	0	0	0	297.2057	16.013049	7.241269e-09	9.033947e-10	-1790.667	7.7091023e+08	4.9868039e+08	2.0118963	8.2816514	1.8452781	5880	214	283	80	89	1978	4	0	0	16.997457	0	7.166924	0	0	0	0	0	0	297.846	-5.22782e-13	297.21	7.25651e-09	9.05442e-10	0	33	22724563	22724563
7.169	16.008284	-45.3266	12.832	0	0	0	86533627	2	0	0	0	297.18338	16.010549	7.293245e-09	9.091536e-10	-1790.667	7.7091023e+08	5.0188383e+08	2.012175	8.0158434	1.8508822	5901	229	294	58	90	2053	3	0	0	16.997457	0	7.1680138	0	0	0	0	0	0	297.846	-5.22782e-13	297.187	7.28071e-09	9.07103e-10	0	40	22886417	22886417
7.1695	16.007139	-45.3297	12.832	0	0	0	86533631	2	0	0	0	297.15457	16.010549	7.326296e-09	9.110579e-10	-1790.667	7.7091023e+08	5.0295961e+08	2.0120886	7.8069404	1.8550061	5940	243	290	70	91	2138	5	0	0	16.997457	0	7.1680138	0	0	0	0	0	0	297.846	-5.22782e-13	297.165	7.31179e-09	9.0972e-10	0	24	22988869	22988869
7.17	16.005994	-45.3329	12.8319	0	0	0	86533634	2	0	0	0	297.13112	16.008049	7.333767e-09	9.112178e-10	-1790.667	7.7091023e+08	5.0307244e+08	2.0122438	8.1879381	1.8474826	5895	225	305	62	93	1998	4	0	0	16.997457	0	7.169104	0	0	0	0	0	0	297.846	-5.22782e-13	297.135	7.35324e-09	9.1209e-10	0	42	23011048	23011048
7.1705	16.004849	-45.3361	12.8318	0	0	0	86533638	2	0	0	0	297.10103	16.008049	7.348561e-09	9.107168e-10	-1790.667	7.7091023e+08	5.0282039e+08	2.0121597	7.7908409	1.8553955	6015	199	309	60	77	2130	4	0	0	16.997457	0	7.169104	0	0	0	0	0	0	297.846	-5.22782e-13	297.112	7.34768e-09	9.10274e-10	0	35	23056201	23056201
7.171	16.003704	-45.3392	12.8317	0	0	0	86533641	2	0	0	0	297.07854	16.005549	7.4231e-09	9.207994e-10	-1790.667	7.7091023e+08	5.0841198e+08	2.0121254	7.9784449	1.8515891	6221	231	319	69	79	2149	3	0	0	16.997457	0	7.1701945	0	0	0	0	0	0	297.846	-5.22782e-13	297.082	7.40555e-09	9.1608e-10	0	47	23288789	23288789
7.1715	16.002554	-45.3424	12.8316	0	0	0	86533645	2	0	0	0	297.04847	16.005549	7.334833e-09	9.118821e-10	-1790.667	7.7091023e+08	5.0351296e+08	2.0120525	8.2285249	1.8464902	6172	223	300	73	80	2156	3	0	0	16.997457	0	7.1701945	0	0	0	0	0	0	297.846	-5.22782e-13	297.061	7.37056e-09	9.15811e-10	0	41	23010602	23010602
7.172	16.001409	-45.3455	12.8315	0	0	0	86533648	2	0	0	0	297.02402	16.003049	7.342685e-09	9.115269e-10	-1790.667	7.7091023e+08	5.0334142e+08	2.0118694	7.4042976	1.8629046	6170	219	308	66	76	2169	1	0	0	16.997457	0	7.1712853	0	0	0	0	0	0	297.846	-5.22782e-13	297.028	7.36543e-09	9.1491e-10	0	43	23033970	23033970
7.1725	16.000264	-45.3487	12.8314	0	0	0	86533651	2	0	0	0	296.99389	16.003049	7.425399e-09	9.178365e-10	-1790.667	7.7091023e+08	5.0685033e+08	2.0117971	8.3107704	1.8446013	6176	235	283	70	81	2190	4	0	0	16.997457	0	7.1712853	0	0	0	0	0	0	297.846	-5.22782e-13	297.005	7.39527e-09	9.16632e-10	0	33	23292165	23292165
7.173	15.999119	-45.3519	12.8313	0	0	0	86533655	2	0	0	0	296.97274	16.000549	7.339185e-09	9.146248e-10	-1790.667	7.7091023e+08	5.0510145e+08	2.0117872	8.2618519	1.8455763	6186	208	291	66	88	2203	5	0	0	16.997457	0	7.1723765	0	0	0	0	0	0	297.846	-5.22782e-13	296.98	7.37694e-09	9.16532e-10	0	27	23020464	23020464
7.1735	15.997974	-45.355	12.8313	0	0	0	86533658	2	0	0	0	296.94875	16.000549	7.369696e-09	9.187318e-10	-1790.667	7.7091023e+08	5.0739435e+08	2.0117955	7.8801806	1.8532624	6091	231	311	52	88	2184	7	0	0	16.997457	0	7.1723765	0	0	0	0	0	0	297.846	-5.22782e-13	296.954	7.33294e-09	9.12197e-10	0	41	23114897	23114897
7.174	15.996829	-45.3582	12.8312	0	0	0	86533661	2	0	0	0	296.91906	16.000549	7.368758e-09	9.135412e-10	-1790.667	7.7091023e+08	5.0455238e+08	2.0119571	7.7182878	1.8566685	6163	228	308	64	82	2159	4	0	0	16.997457	0	7.1723765	0	0	0	0	0	0	297.846	-5.22782e-13	296.93	7.35052e-09	9.12077e-10	0	31	23110687	23110687
7.1745	15.995684	-45.3614	12.8311	0	0	0	86533665	2	0	0	0	296.89568	15.998049	7.346031e-09	9.127845e-10	-1790.667	7.7091023e+08	5.0415912e+08	2.012281	7.6820287	1.857697	6218	209	319	60	72	2208	6	0	0	16.997457	0	7.173468	0	0	0	0	0	0	297.846	-5.22782e-13	296.9	7.3525e-09	9.13501e-10	0	24	23038144	23038144
7.175	15.994539	-45.3645	12.831	0	0	0	86533670	2	0	0	0	296.85957	15.998049	7.357286e-09	9.14671e-10	-1790.667	7.7091023e+08	5.0522582e+08	2.0120173	7.7855554	1.8553706	6190	223	299	67	85	2272	2	0	0	16.997457	0	7.173468	0	0	0	0	0	0	297.846	-5.22782e-13	296.878	7.35489e-09	9.1324e-10	0	29	23072176	23072176
7.1755	15.993394	-45.3677	12.8309	0	0	0	86533673	2	0	0	0	296.83695	15.995549	7.315652e-09	9.165397e-10	-1790.667	7.7091023e+08	5.0628279e+08	2.0119027	8.3012841	1.844889	6258	216	331	70	79	2270	3	0	0	16.997457	0	7.1745599	0	0	0	0	0	0	297.846	-5.22782e-13	296.841	7.31262e-09	9.10022e-10	0	30	22940355	22940355
7.176	15.992254	-45.3708	12.8308	0	0	0	86533677	2	0	0	0	296.80798	15.995549	7.307658e-09	9.094734e-10	-1790.667	7.7091023e+08	5.0240408e+08	2.0120326	8.1246396	1.8485622	6092	208	261	60	85	2272	8	0	0	16.997457	0	7.1745599	0	0	0	0	0	0	297.846	-5.22782e-13	296.819	7.32743e-09	9.11657e-10	0	32	22914030	22914030
7.1765	15.991109	-45.374	12.8307	0	0	0	86533680	2	0	0	0	296.78353	15.993049	7.332879e-09	9.128698e-10	-1790.667	7.7091023e+08	5.0430499e+08	2.0118922	8.2588602	1.8457328	6042	225	278	70	84	2247	3	0	0	16.997457	0	7.1756521	0	0	0	0	0	0	297.846	-5.22782e-13	296.787	7.29874e-09	9.09886e-10	0	32	22991853	22991853
7.177	15.989964	-45.3772	12.8307	0	0	0	86533683	2	0	0	0	296.76247	15.993049	7.327344e-09	9.100276e-10	-1790.667	7.7091023e+08	5.0275948e+08	2.0120406	8.008045	1.8509155	6150	217	315	66	88	2265	3	0	0	16.997457	0	7.1756521	0	0	0	0	0	0	297.846	-5.22782e-13	296.766	7.29379e-09	9.08521e-10	0	32	22973238	22973238
7.1775	15.988819	-45.3803	12.8306	0	0	0	86533687	2	0	0	0	296.73148	15.990549	7.244761e-09	9.039418e-10	-1790.667	7.7091023e+08	4.9942175e+08	2.0120755	7.9029718	1.8530618	6150	225	294	64	89	2252	4	0	0	16.997457	0	7.1767447	0	0	0	0	0	0	297.846	-5.22782e-13	296.739	7.26522e-09	9.08355e-10	0	34	22713072	22713072
7.178	15.987674	-45.3835	12.8305	0	0	0	86533690	2	0	0	0	296.70715	15.990549	7.279382e-09	9.080878e-10	-1790.667	7.7091023e+08	5.0173699e+08	2.0122586	8.0544083	1.850183	6203	226	307	58	86	2288	5	0	0	16.997457	0	7.1767447	0	0	0	0	0	0	297.846	-5.22782e-13	296.711	7.24123e-09	9.05555e-10	0	37	22820361	22820361
7.1785	15.986534	-45.3866	12.8304	0	0	0	86533694	2	0	0	0	296.67732	15.988049	7.2469e-09	9.009717e-10	-1790.667	7.7091023e+08	4.9782961e+08	2.0120858	7.9176903	1.852775	6190	235	287	77	81	2240	4	0	0	16.997457	0	7.1778376	0	0	0	0	0	0	297.846	-5.22782e-13	296.688	7.26101e-09	9.02526e-10	0	32	22717287	22717287
7.179	15.985389	-45.3898	12.8303	0	0	0	86533697	2	0	0	0	296.6542	15.988049	7.246676e-09	9.073489e-10	-1790.667	7.7091023e+08	5.013779e+08	2.0122906	7.8007502	1.8553168	6185	227	286	56	77	2251	7	0	0	16.997457	0	7.1778376	0	0	0	0	0	0	297.846	-5.22782e-13	296.659	7.25074e-09	9.03824e-10	0	26	22715340	22715340
7.1795	15.984249	-45.393	12.8302	0	0	0	86533700	2	0	0	0	296.62593	15.988049	7.231172e-09	9.010677e-10	-1790.667	7.7091023e+08	4.979315e+08	2.0122154	7.989284	1.8514538	6135	185	285	60	88	2223	4	0	0	16.997457	0	7.1778376	0	0	0	0	0	0	297.846	-5.22782e-13	296.637	7.23475e-09	9.03128e-10	0	28	22665499	22665499
7.18	15.983104	-45.3961	12.8301	0	0	0	86533704	2	0	0	0	296.60328	15.985549	7.195403e-09	9.005454e-10	-1790.667	7.7091023e+08	4.976673e+08	2.011864	8.1396516	1.8481053	6115	216	301	70	79	2211	5	0	0	16.997457	0	7.1789309	0	0	0	0	0	0	297.846	-5.22782e-13	296.61	7.21485e-09	9.02559e-10	0	44	22552148	22552148
7.1805	15.981959	-45.3993	12.8301	0	0	0	86533707	2	0	0	0	296.58064	15.985549	7.179374e-09	8.991101e-10	-1790.667	7.7091023e+08	4.968985e+08	2.0118451	7.9414304	1.8520758	6088	212	321	69	82	2289	3	0	0	16.997457	0	7.1789309	0	0	0	0	0	0	297.846	-5.22782e-13	296.584	7.19901e-09	9.01257e-10	0	31	22500676	22500676
7.181	15.980819	-45.4024	12.83	0	0	0	86533711	2	0	0	0	296.55042	15.983049	7.084292e-09	8.937242e-10	-1790.667	7.7091023e+08	4.939462e+08	2.0118214	7.9869036	1.8511392	6194	207	288	68	88	2249	6	0	0	16.997457	0	7.1800245	0	0	0	0	0	0	297.846	-5.22782e-13	296.562	7.11733e-09	8.97776e-10	0	36	22201466	22201466
7.1815	15.979674	-45.4056	12.8299	0	0	0	86533714	2	0	0	0	296.52867	15.983049	7.112952e-09	8.923848e-10	-1790.667	7.7091023e+08	4.9323016e+08	2.0122134	8.2233821	1.8467414	5986	210	306	74	82	2212	7	0	0	16.997457	0	7.1800245	0	0	0	0	0	0	297.846	-5.22782e-13	296.532	7.10805e-09	8.94946e-10	0	42	22290062	22290062
7.182	15.978534	-45.4088	12.8298	0	0	0	86533718	2	0	0	0	296.49808	15.980549	7.065246e-09	8.911947e-10	-1790.667	7.7091023e+08	4.9259658e+08	2.0119546	8.2538325	1.8458912	6094	235	285	81	88	2231	5	0	0	16.997457	0	7.1811185	0	0	0	0	0	0	297.846	-5.22782e-13	296.509	7.06579e-09	8.91983e-10	0	29	22139352	22139352
7.1825	15.977394	-45.4119	12.8297	0	0	0	86533721	2	0	0	0	296.47496	15.980549	7.088342e-09	8.943175e-10	-1790.667	7.7091023e+08	4.9434696e+08	2.0120736	7.8212964	1.8547034	6179	232	293	74	79	2300	5	0	0	16.997457	0	7.1811185	0	0	0	0	0	0	297.846	-5.22782e-13	296.479	7.06573e-09	8.90952e-10	0	25	22210508	22210508
7.183	15.976249	-45.4151	12.8296	0	0	0	86533725	2	0	0	0	296.44586	15.978049	7.044807e-09	8.882459e-10	-1790.667	7.7091023e+08	4.9101493e+08	2.0122397	8.3770538	1.8436733	6274	270	282	73	87	2315	6	0	0	16.997457	0	7.1822128	0	0	0	0	0	0	297.846	-5.22782e-13	296.456	7.04546e-09	8.88355e-10	0	30	22072887	22072887
7.1835	15.975109	-45.4183	12.8295	0	0	0	86533730	2	0	0	0	296.40643	15.978049	7.028756e-09	8.840608e-10	-1790.667	7.7091023e+08	4.8872546e+08	2.0122746	7.6802084	1.8577277	6163	219	316	71	87	2261	4	0	0	16.997457	0	7.1822128	0	0	0	0	0	0	297.846	-5.22782e-13	296.425	7.01323e-09	8.87655e-10	0	41	22021390	22021390
7.184	15.973969	-45.4214	12.8294	0	0	0	86533733	2	0	0	0	296.57659	15.975549	7.048278e-09	8.945875e-10	-1790.667	7.7091023e+08	4.9456914e+08	2.0119818	8.5028842	1.8409053	6147	234	313	54	85	2266	5	0	0	16.997457	0	7.1833074	0	0	0	0	0	0	297.846	-5.22782e-13	296.581	7.01979e-09	8.88882e-10	0	33	22081344	22081344
7.1845	15.972824	-45.4246	12.8294	0	0	0	86533737	2	0	0	0	296.54911	15.975549	6.982425e-09	8.862848e-10	-1790.667	7.7091023e+08	4.9000313e+08	2.0122736	7.6655023	1.8580227	6071	209	292	67	93	2229	3	0	0	16.997457	0	7.1833074	0	0	0	0	0	0	297.846	-5.22782e-13	296.559	6.99594e-09	8.86948e-10	0	28	21873838	21873838
7.185	15.971684	-45.4277	12.8293	0	0	0	86533740	2	0	0	0	296.52634	15.973049	7.010566e-09	8.8815e-10	-1790.667	7.7091023e+08	4.9105851e+08	2.0120221	7.7170366	1.8567536	6094	225	275	65	80	2234	3	0	0	16.997457	0	7.1844024	0	0	0	0	0	0	297.846	-5.22782e-13	296.529	7.00807e-09	8.88387e-10	0	46	21960793	21960793
7.1855	15.970544	-45.4309	12.8292	0	0	0	86533744	2	0	0	0	296.49626	15.973049	6.984838e-09	8.87951e-10	-1790.667	7.7091023e+08	4.9097265e+08	2.0119651	8.1558153	1.847873	6101	215	297	58	70	2229	5	0	0	16.997457	0	7.1844024	0	0	0	0	0	0	297.846	-5.22782e-13	296.505	6.9964e-09	8.85803e-10	0	39	21879002	21879002
7.186	15.969404	-45.4341	12.8291	0	0	0	86533747	2	0	0	0	296.4727	15.973049	6.955855e-09	8.839933e-10	-1790.667	7.7091023e+08	4.8880839e+08	2.0122182	8.4973368	1.8412333	6100	207	284	61	90	2228	3	0	0	16.997457	0	7.1844024	0	0	0	0	0	0	297.846	-5.22782e-13	296.476	6.96588e-09	8.85291e-10	0	27	21787024	21787024
7.1865	15.968259	-45.4372	12.829	0	0	0	86533750	2	0	0	0	296.44929	15.970549	6.989403e-09	8.889245e-10	-1790.667	7.7091023e+08	4.9155933e+08	2.0120922	7.6281834	1.8586061	6143	201	305	65	83	2171	3	0	0	16.997457	0	7.1854978	0	0	0	0	0	0	297.846	-5.22782e-13	296.453	6.96806e-09	8.85897e-10	0	32	21890905	21890905
7.187	15.967119	-45.4404	12.8289	0	0	0	86533754	2	0	0	0	296.61835	15.970549	6.932645e-09	8.827001e-10	-1790.667	7.7091023e+08	4.8814139e+08	2.0121405	7.984031	1.8514906	6187	223	290	58	79	2260	9	0	0	16.997457	0	7.1854978	0	0	0	0	0	0	297.846	-5.22782e-13	296.626	6.94525e-09	8.84975e-10	0	41	21711950	21711950
7.1875	15.965979	-45.4435	12.8288	0	0	0	86533757	2	0	0	0	296.59678	15.968049	6.98375e-09	8.869812e-10	-1790.667	7.7091023e+08	4.9053305e+08	2.012176	7.6706928	1.8578282	6023	207	291	67	76	2171	6	0	0	16.997457	0	7.1865935	0	0	0	0	0	0	297.846	-5.22782e-13	296.6	6.94087e-09	8.84995e-10	0	33	21870806	21870806
7.188	15.964839	-45.4467	12.8288	0	0	0	86533760	2	0	0	0	296.56468	15.968049	6.908596e-09	8.847749e-10	-1790.667	7.7091023e+08	4.89337e+08	2.011817	7.9310754	1.8522582	6251	216	281	64	98	2274	2	0	0	16.997457	0	7.1865935	0	0	0	0	0	0	297.846	-5.22782e-13	296.579	6.91116e-09	8.83142e-10	0	31	21634265	21634265
7.1885	15.963699	-45.4499	12.8287	0	0	0	86533764	2	0	0	0	296.54187	15.965549	6.862638e-09	8.768097e-10	-1790.667	7.7091023e+08	4.8495564e+08	2.0120771	7.5616028	1.8599318	5949	204	278	61	77	2244	3	0	0	16.997457	0	7.1876895	0	0	0	0	0	0	297.846	-5.22782e-13	296.546	6.87105e-09	8.79075e-10	0	40	21489172	21489172
7.189	15.962559	-45.453	12.8286	0	0	0	86533767	2	0	0	0	296.51859	15.965549	6.852897e-09	8.784333e-10	-1790.667	7.7091023e+08	4.858776e+08	2.0119139	7.8702214	1.8535718	5973	197	260	67	80	2215	2	0	0	16.997457	0	7.1876895	0	0	0	0	0	0	297.846	-5.22782e-13	296.523	6.8388e-09	8.76696e-10	0	24	21457496	21457496
7.1895	15.961419	-45.4562	12.8285	0	0	0	86533771	2	0	0	0	296.49007	15.963049	6.761478e-09	8.684395e-10	-1790.667	7.7091023e+08	4.8037353e+08	2.0120384	7.0961827	1.8692605	6040	230	258	58	69	2252	3	0	0	16.997457	0	7.1887859	0	0	0	0	0	0	297.846	-5.22782e-13	296.501	6.78696e-09	8.73857e-10	0	31	21170091	21170091
7.19	15.960279	-45.4594	12.8284	0	0	0	86533774	2	0	0	0	296.46655	15.963049	6.766374e-09	8.715979e-10	-1790.667	7.7091023e+08	4.8214437e+08	2.0121226	7.5933824	1.8593344	6048	215	286	58	87	2294	4	0	0	16.997457	0	7.1887859	0	0	0	0	0	0	297.846	-5.22782e-13	296.471	6.75033e-09	8.70997e-10	0	32	21184262	21184262
7.1905	15.959139	-45.4625	12.8283	0	0	0	86533778	2	0	0	0	296.43683	15.960549	6.743338e-09	8.703687e-10	-1790.667	7.7091023e+08	4.8148817e+08	2.0121411	7.8345996	1.8544979	6017	230	285	49	75	2170	4	0	0	16.997457	0	7.1898826	0	0	0	0	0	0	297.846	-5.22782e-13	296.449	6.75459e-09	8.70798e-10	0	30	21110986	21110986
7.191	15.958004	-45.4657	12.8282	0	0	0	86533781	2	0	0	0	296.77994	15.960549	6.734119e-09	8.726815e-10	-1790.667	7.7091023e+08	4.8279145e+08	2.0119114	7.6810859	1.8573747	5903	238	256	66	99	2145	6	0	0	16.997457	0	7.1898826	0	0	0	0	0	0	297.846	-5.22782e-13	296.601	6.71488e-09	8.70476e-10	0	31	21080972	21080972
7.1915	15.956864	-45.4688	12.8282	0	0	0	86533784	2	0	0	0	296.75038	15.960549	6.741089e-09	8.730687e-10	-1790.667	7.7091023e+08	4.8302951e+08	2.0121581	7.6525041	1.8581776	5922	197	269	72	77	2162	3	0	0	16.997457	0	7.1898826	0	0	0	0	0	0	297.846	-5.22782e-13	296.761	6.71861e-09	8.70028e-10	0	40	21101638	21101638
7.192	15.955724	-45.472	12.8281	0	0	0	86533788	2	0	0	0	296.72674	15.958049	6.727866e-09	8.635581e-10	-1790.667	7.7091023e+08	4.7779132e+08	2.0122778	7.7072779	1.8571859	5898	204	290	53	77	2142	4	0	0	16.997457	0	7.1909797	0	0	0	0	0	0	297.846	-5.22782e-13	296.734	6.72107e-09	8.66493e-10	0	32	21059095	21059095
