# Scan number: 19
# Command: ascan monoE 7.092 7.192 200 2
# Date: Fri Jul 26 06:22:10 2024
# date: Fri Jul 26 06:22:10 2024
# C Fri Jul 26 06: 34:04 2024.  do ./2023-07_EXAFS.mac.
monoE	monobr	cr2latr	cr2vetr	H	K	L	Epoch	sec	no1	no2	izero	RCur	enc_det	K1_1	K1_2	"Counter 8"	"Counter 9"	ionch1	mcaRt	mcaDt	mcaLt	mca	roi1	roi2	roi3	roi4	roi5	roi6	ctm	ctran	LST1	LST2	E_det	mcaLt1	mcaLt2	mcaLt3	mcaLt4	mcaLt5	mcaLt6	mcaLt7	mcaLt8	AS_RC	AS_DM	AS_IC	AS_IC1	cyber	diode1	diode1
7.092	16.186844	-44.8397	12.8456	0	0	0	86537614	2	0	0	0	296.64389	16.187951	8.396164e-09	1.068795e-09	-1790.667	7.7091023e+08	5.85687e+08	2.0120218	6.9503662	1.8721789	4136	275	344	72	96	196	4	0	0	16.997457	0	7.0915273	0	0	0	0	0	0	297.846	-5.22782e-13	296.655	8.37228e-09	1.06416e-09	0	33	26573114	26573114
7.0925	16.185669	-44.8429	12.8455	0	0	0	86537618	2	0	0	0	296.62021	16.187951	8.375522e-09	1.060711e-09	-1790.667	7.7091023e+08	5.8128423e+08	2.0119434	6.1403717	1.8884026	4175	264	340	68	90	165	0	0	0	16.997457	0	7.0915273	0	0	0	0	0	0	297.846	-5.22782e-13	296.625	8.37149e-09	1.06011e-09	0	31	26506304	26506304
7.093	16.184499	-44.8461	12.8454	0	0	0	86537621	2	0	0	0	296.58717	16.187951	8.48998e-09	1.065294e-09	-1790.667	7.7091023e+08	5.8382308e+08	2.0119338	6.5077292	1.8810026	4065	244	330	67	101	182	1	0	0	16.997457	0	7.0915273	0	0	0	0	0	0	297.846	-5.22782e-13	296.601	8.39298e-09	1.05746e-09	0	37	26867033	26867033
7.0935	16.183324	-44.8492	12.8453	0	0	0	86537625	2	0	0	0	296.5634	16.185451	8.337832e-09	1.057927e-09	-1790.667	7.7091023e+08	5.7981279e+08	2.0121811	6.6123988	1.8791277	4115	285	353	79	89	184	0	0	0	16.997457	0	7.0925934	0	0	0	0	0	0	297.846	-5.22782e-13	296.568	8.41916e-09	1.06044e-09	0	39	26384078	26384078
7.094	16.182154	-44.8524	12.8452	0	0	0	86537628	2	0	0	0	296.54366	16.185451	8.414009e-09	1.060608e-09	-1790.667	7.7091023e+08	5.8130935e+08	2.012041	7.0398567	1.8703962	4124	263	340	61	84	207	2	0	0	16.997457	0	7.0925934	0	0	0	0	0	0	297.846	-5.22782e-13	296.547	8.39852e-09	1.05963e-09	0	34	26623645	26623645
7.0945	16.180979	-44.8555	12.8451	0	0	0	86537632	2	0	0	0	296.50979	16.182951	8.394238e-09	1.059037e-09	-1790.667	7.7091023e+08	5.8047546e+08	2.0119149	6.2339019	1.8864941	4039	284	380	75	87	183	3	0	0	16.997457	0	7.0936598	0	0	0	0	0	0	297.846	-5.22782e-13	296.521	8.40733e-09	1.05884e-09	0	31	26559603	26559603
7.095	16.179809	-44.8587	12.8451	0	0	0	86537635	2	0	0	0	296.4884	16.182951	8.356896e-09	1.058241e-09	-1790.667	7.7091023e+08	5.8006631e+08	2.011911	6.9719186	1.8716422	4231	282	346	79	111	180	5	0	0	16.997457	0	7.0936598	0	0	0	0	0	0	297.846	-5.22782e-13	296.492	8.38199e-09	1.0542e-09	0	31	26439976	26439976
7.0955	16.178639	-44.8619	12.845	0	0	0	86537639	2	0	0	0	296.45791	16.180451	8.468866e-09	1.059751e-09	-1790.667	7.7091023e+08	5.8092121e+08	2.0121565	6.6456859	1.8784349	4071	288	346	87	97	175	1	0	0	16.997457	0	7.0947265	0	0	0	0	0	0	297.846	-5.22782e-13	296.469	8.39897e-09	1.05561e-09	0	48	26792737	26792737
7.096	16.177469	-44.865	12.8449	0	0	0	86537642	2	0	0	0	298.02252	16.180451	8.435897e-09	1.057863e-09	-1790.667	7.7091023e+08	5.7991343e+08	2.0122122	6.4091373	1.8832467	4207	271	396	66	107	194	1	0	0	16.997457	0	7.0947265	0	0	0	0	0	0	297.846	-5.22782e-13	298.027	8.37015e-09	1.05909e-09	0	29	26686945	26686945
7.0965	16.176294	-44.8682	12.8448	0	0	0	86537645	2	0	0	0	297.99181	16.177951	8.478484e-09	1.062901e-09	-1790.667	7.7091023e+08	5.8270253e+08	2.0121235	6.6144329	1.879033	4114	263	389	67	75	172	4	0	0	16.997457	0	7.0957936	0	0	0	0	0	0	297.846	-5.22782e-13	298.003	8.45539e-09	1.05899e-09	0	27	26820172	26820172
7.097	16.175124	-44.8714	12.8447	0	0	0	86537649	2	0	0	0	297.96734	16.177951	8.428181e-09	1.055875e-09	-1790.667	7.7091023e+08	5.7887787e+08	2.0120093	6.5350156	1.8805242	4176	227	395	77	105	168	2	0	0	16.997457	0	7.0957936	0	0	0	0	0	0	297.846	-5.22782e-13	297.972	8.45142e-09	1.05881e-09	0	31	26659560	26659560
7.0975	16.173954	-44.8745	12.8446	0	0	0	86537653	2	0	0	0	297.93775	16.175451	8.493458e-09	1.063764e-09	-1790.667	7.7091023e+08	5.8323031e+08	2.0122349	7.0472886	1.8704269	4084	248	390	68	97	189	2	0	0	16.997457	0	7.096861	0	0	0	0	0	0	297.846	-5.22782e-13	297.949	8.43978e-09	1.06032e-09	0	30	26864542	26864542
7.098	16.172784	-44.8777	12.8445	0	0	0	86537657	2	0	0	0	297.90652	16.175451	8.402601e-09	1.058865e-09	-1790.667	7.7091023e+08	5.8057156e+08	2.0121923	6.7562051	1.8762445	4255	287	368	72	102	198	2	0	0	16.997457	0	7.096861	0	0	0	0	0	0	297.846	-5.22782e-13	297.914	8.4403e-09	1.05919e-09	0	50	26575682	26575682
7.0985	16.171614	-44.8808	12.8444	0	0	0	86537660	2	0	0	0	297.88196	16.172951	8.442413e-09	1.060705e-09	-1790.667	7.7091023e+08	5.8160771e+08	2.0122134	6.7646104	1.876095	4131	249	387	66	95	184	1	0	0	16.997457	0	7.0979287	0	0	0	0	0	0	297.846	-5.22782e-13	297.886	8.42979e-09	1.05943e-09	0	32	26700110	26700110
7.099	16.170444	-44.884	12.8443	0	0	0	86537664	2	0	0	0	297.8517	16.172951	8.401955e-09	1.052731e-09	-1790.667	7.7091023e+08	5.7726247e+08	2.0121533	6.6366316	1.8786141	4163	253	391	62	102	177	4	0	0	16.997457	0	7.0979287	0	0	0	0	0	0	297.846	-5.22782e-13	297.861	8.43865e-09	1.05677e-09	0	28	26570675	26570675
7.0995	16.169274	-44.8872	12.8443	0	0	0	86537667	2	0	0	0	297.82574	16.170451	8.389776e-09	1.050569e-09	-1790.667	7.7091023e+08	5.7610398e+08	2.0119165	6.9044138	1.8730054	4140	248	346	73	102	200	0	0	0	16.997457	0	7.0989967	0	0	0	0	0	0	297.846	-5.22782e-13	297.83	8.4262e-09	1.05312e-09	0	25	26530680	26530680
7.1	16.168104	-44.8903	12.8442	0	0	0	86537670	2	0	0	0	297.80232	16.170451	8.488396e-09	1.057217e-09	-1790.667	7.7091023e+08	5.7977678e+08	2.0119366	6.5174219	1.8808102	4099	255	375	50	98	195	1	0	0	16.997457	0	7.0989967	0	0	0	0	0	0	297.846	-5.22782e-13	297.806	8.46121e-09	1.05354e-09	0	33	26841046	26841046
7.1005	16.166934	-44.8935	12.8441	0	0	0	86537674	2	0	0	0	297.76954	16.170451	8.494677e-09	1.051834e-09	-1790.667	7.7091023e+08	5.7685184e+08	2.0121002	6.6867129	1.8775568	4203	256	339	73	101	194	2	0	0	16.997457	0	7.0989967	0	0	0	0	0	0	297.846	-5.22782e-13	297.783	8.48794e-09	1.05225e-09	0	31	26859410	26859410
7.101	16.165764	-44.8966	12.844	0	0	0	86537677	2	0	0	0	297.7455	16.167951	8.531732e-09	1.054577e-09	-1790.667	7.7091023e+08	5.7838334e+08	2.0122723	6.4416729	1.8826483	4135	270	359	73	82	186	0	0	0	16.997457	0	7.1000651	0	0	0	0	0	0	297.846	-5.22782e-13	297.75	8.53508e-09	1.05145e-09	0	33	26975071	26975071
7.1015	16.164594	-44.8998	12.8439	0	0	0	86537681	2	0	0	0	297.71515	16.167951	8.55518e-09	1.044857e-09	-1790.667	7.7091023e+08	5.7307932e+08	2.0118195	7.4768377	1.861399	4104	276	329	87	96	183	0	0	0	16.997457	0	7.1000651	0	0	0	0	0	0	297.846	-5.22782e-13	297.726	8.54803e-09	1.05226e-09	0	32	27047700	27047700
7.102	16.163424	-44.903	12.8438	0	0	0	86537684	2	0	0	0	297.69098	16.165451	8.60863e-09	1.053049e-09	-1790.667	7.7091023e+08	5.7759959e+08	2.0122243	7.0678402	1.8700035	4208	282	357	68	97	196	3	0	0	16.997457	0	7.1011339	0	0	0	0	0	0	297.846	-5.22782e-13	297.694	8.60882e-09	1.0541e-09	0	26	27215168	27215168
7.1025	16.162254	-44.9061	12.8437	0	0	0	86537687	2	0	0	0	297.66029	16.165451	8.604594e-09	1.054138e-09	-1790.667	7.7091023e+08	5.7822409e+08	2.011977	6.8566193	1.8740234	4074	253	362	70	84	221	1	0	0	16.997457	0	7.1011339	0	0	0	0	0	0	297.846	-5.22782e-13	297.672	8.56441e-09	1.05289e-09	0	38	27200893	27200893
7.103	16.161089	-44.9093	12.8436	0	0	0	86537691	2	0	0	0	297.63744	16.162951	8.649064e-09	1.045994e-09	-1790.667	7.7091023e+08	5.7378386e+08	2.0121597	7.1612607	1.8680637	4161	264	334	79	96	206	0	0	0	16.997457	0	7.1022029	0	0	0	0	0	0	297.846	-5.22782e-13	297.645	8.68998e-09	1.04983e-09	0	26	27339948	27339948
7.1035	16.159919	-44.9124	12.8435	0	0	0	86537694	2	0	0	0	297.61219	16.162951	8.726349e-09	1.047939e-09	-1790.667	7.7091023e+08	5.7487784e+08	2.012	6.7316421	1.8765594	4099	227	348	70	91	201	3	0	0	16.997457	0	7.1022029	0	0	0	0	0	0	297.846	-5.22782e-13	297.616	8.71083e-09	1.04919e-09	0	34	27582712	27582712
7.104	16.158749	-44.9156	12.8435	0	0	0	86537698	2	0	0	0	297.57995	16.160451	8.667627e-09	1.047875e-09	-1790.667	7.7091023e+08	5.7486978e+08	2.0118381	6.8673201	1.8736787	4138	271	370	72	107	210	1	0	0	16.997457	0	7.1032723	0	0	0	0	0	0	297.846	-5.22782e-13	297.593	8.69024e-09	1.04876e-09	0	26	27395574	27395574
7.1045	16.157579	-44.9188	12.8434	0	0	0	86537701	2	0	0	0	297.55576	16.160451	8.705694e-09	1.052657e-09	-1790.667	7.7091023e+08	5.7752039e+08	2.0119808	6.300752	1.8852109	4064	271	357	61	92	211	3	0	0	16.997457	0	7.1032723	0	0	0	0	0	0	297.846	-5.22782e-13	297.56	8.66768e-09	1.04857e-09	0	28	27514359	27514359
7.105	16.156414	-44.9219	12.8433	0	0	0	86537705	2	0	0	0	297.52563	16.157951	8.70423e-09	1.047432e-09	-1790.667	7.7091023e+08	5.7468085e+08	2.0119056	6.7567067	1.875967	4236	286	351	78	102	222	1	0	0	16.997457	0	7.1043421	0	0	0	0	0	0	297.846	-5.22782e-13	297.538	8.67785e-09	1.04611e-09	0	31	27508200	27508200
7.1055	16.155244	-44.9251	12.8432	0	0	0	86537708	2	0	0	0	297.50385	16.157951	8.664145e-09	1.044693e-09	-1790.667	7.7091023e+08	5.7320507e+08	2.0118848	7.2309826	1.8664058	4034	268	326	61	97	199	0	0	0	16.997457	0	7.1043421	0	0	0	0	0	0	297.846	-5.22782e-13	297.507	8.67352e-09	1.04477e-09	0	39	27379993	27379993
7.106	16.154079	-44.9283	12.8431	0	0	0	86537711	2	0	0	0	297.47346	16.155451	8.70952e-09	1.04108e-09	-1790.667	7.7091023e+08	5.7124959e+08	2.0118515	6.255062	1.886009	3986	258	348	78	92	186	1	0	0	16.997457	0	7.1054122	0	0	0	0	0	0	297.846	-5.22782e-13	297.483	8.68951e-09	1.04296e-09	0	37	27521853	27521853
7.1065	16.152909	-44.9314	12.843	0	0	0	86537715	2	0	0	0	297.44808	16.155451	8.666898e-09	1.035939e-09	-1790.667	7.7091023e+08	5.6845547e+08	2.0054291	6.6854519	1.8713571	4241	286	359	76	94	199	1	0	0	16.997457	0	7.1054122	0	0	0	0	0	0	297.846	-5.22782e-13	297.453	8.70546e-09	1.04219e-09	0	37	27385643	27385643
7.107	16.151744	-44.9346	12.8429	0	0	0	86537718	2	0	0	0	297.4242	16.152951	8.729323e-09	1.043526e-09	-1790.667	7.7091023e+08	5.7264571e+08	2.0118358	7.2120874	1.8667405	4122	234	336	75	102	219	1	0	0	16.997457	0	7.1064826	0	0	0	0	0	0	297.846	-5.22782e-13	297.428	8.68464e-09	1.04122e-09	0	38	27581358	27581358
7.1075	16.150574	-44.9377	12.8428	0	0	0	86537722	2	0	0	0	297.3926	16.152951	8.772297e-09	1.04037e-09	-1790.667	7.7091023e+08	5.7094074e+08	2.012113	6.2460271	1.8864358	4107	267	361	78	100	187	4	0	0	16.997457	0	7.1064826	0	0	0	0	0	0	297.846	-5.22782e-13	297.404	8.76935e-09	1.04019e-09	0	27	27715597	27715597
7.108	16.149409	-44.9409	12.8427	0	0	0	86537725	2	0	0	0	297.37039	16.152951	8.890556e-09	1.04086e-09	-1790.667	7.7091023e+08	5.7123658e+08	2.0121456	6.2937791	1.8855056	4129	239	375	56	103	194	2	0	0	16.997457	0	7.1064826	0	0	0	0	0	0	297.846	-5.22782e-13	297.374	8.85978e-09	1.03796e-09	0	34	28087666	28087666
7.1085	16.148239	-44.9441	12.8427	0	0	0	86537729	2	0	0	0	297.33903	16.150451	8.702614e-09	1.036167e-09	-1790.667	7.7091023e+08	5.6868783e+08	2.0121318	6.4356817	1.8826374	4135	266	405	79	93	188	0	0	0	16.997457	0	7.1075533	0	0	0	0	0	0	297.846	-5.22782e-13	297.35	8.66975e-09	1.03419e-09	0	35	27492377	27492377
7.109	16.147074	-44.9472	12.8426	0	0	0	86537732	2	0	0	0	297.31372	16.150451	8.632288e-09	1.030568e-09	-1790.667	7.7091023e+08	5.6564158e+08	2.0121168	6.6729009	1.8778502	4115	261	379	83	83	204	2	0	0	16.997457	0	7.1075533	0	0	0	0	0	0	297.846	-5.22782e-13	297.319	8.6541e-09	1.03269e-09	0	31	27268693	27268693
7.1095	16.145909	-44.9504	12.8425	0	0	0	86537735	2	0	0	0	297.28559	16.147951	8.657885e-09	1.028759e-09	-1790.667	7.7091023e+08	5.6467534e+08	2.0118768	6.3593397	1.8839347	4060	261	330	77	98	203	3	0	0	16.997457	0	7.1086244	0	0	0	0	0	0	297.846	-5.22782e-13	297.297	8.64919e-09	1.032e-09	0	40	27348030	27348030
7.11	16.144739	-44.9535	12.8424	0	0	0	86537739	2	0	0	0	297.26071	16.147951	8.588e-09	1.024279e-09	-1790.667	7.7091023e+08	5.6224286e+08	2.0121987	7.2377424	1.866561	4063	241	342	69	105	225	2	0	0	16.997457	0	7.1086244	0	0	0	0	0	0	297.846	-5.22782e-13	297.268	8.65796e-09	1.03046e-09	0	28	27125772	27125772
7.1105	16.143574	-44.9567	12.8423	0	0	0	86537742	2	0	0	0	297.23548	16.145451	8.648357e-09	1.035531e-09	-1790.667	7.7091023e+08	5.684461e+08	2.0122038	6.7342521	1.876697	4106	260	318	63	99	189	0	0	0	16.997457	0	7.1096958	0	0	0	0	0	0	297.846	-5.22782e-13	297.24	8.6686e-09	1.03176e-09	0	32	27314894	27314894
7.111	16.142409	-44.9599	12.8422	0	0	0	86537746	2	0	0	0	297.20454	16.145451	8.646811e-09	1.02424e-09	-1790.667	7.7091023e+08	5.6227456e+08	2.0121808	7.6187349	1.8588781	4088	248	357	67	100	260	0	0	0	16.997457	0	7.1096958	0	0	0	0	0	0	297.846	-5.22782e-13	297.217	8.61416e-09	1.02741e-09	0	30	27308492	27308492
7.1115	16.141244	-44.963	12.8421	0	0	0	86537749	2	0	0	0	297.18251	16.142951	8.656901e-09	1.03141e-09	-1790.667	7.7091023e+08	5.6623742e+08	2.0121392	6.6947098	1.8774323	4031	259	338	73	81	240	1	0	0	16.997457	0	7.1107676	0	0	0	0	0	0	297.846	-5.22782e-13	297.186	8.61862e-09	1.02808e-09	0	26	27338838	27338838
7.112	16.140074	-44.9662	12.842	0	0	0	86537753	2	0	0	0	297.14974	16.142951	8.600534e-09	1.02164e-09	-1790.667	7.7091023e+08	5.6090026e+08	2.0119171	6.6922836	1.8772739	4123	267	353	78	108	262	1	0	0	16.997457	0	7.1107676	0	0	0	0	0	0	297.846	-5.22782e-13	297.162	8.58958e-09	1.02488e-09	0	39	27159318	27159318
7.1125	16.138909	-44.9694	12.8419	0	0	0	86537756	2	0	0	0	297.12572	16.140451	8.556878e-09	1.019817e-09	-1790.667	7.7091023e+08	5.5992588e+08	2.0121091	6.9989365	1.8712829	4082	254	341	63	101	274	2	0	0	16.997457	0	7.1118397	0	0	0	0	0	0	297.846	-5.22782e-13	297.13	8.5594e-09	1.02025e-09	0	31	27019956	27019956
7.113	16.137744	-44.9725	12.8419	0	0	0	86537759	2	0	0	0	297.10295	16.140451	8.561916e-09	1.023103e-09	-1790.667	7.7091023e+08	5.6175661e+08	2.0118874	6.5177565	1.8807574	4239	256	347	69	102	304	0	0	0	16.997457	0	7.1118397	0	0	0	0	0	0	297.846	-5.22782e-13	297.106	8.51331e-09	1.0162e-09	0	25	27034361	27034361
7.1135	16.136579	-44.9757	12.8418	0	0	0	86537763	2	0	0	0	297.0711	16.137951	8.455793e-09	1.010509e-09	-1790.667	7.7091023e+08	5.5486785e+08	2.0120138	6.5759232	1.8797053	4191	259	332	83	103	378	5	0	0	16.997457	0	7.1129121	0	0	0	0	0	0	297.846	-5.22782e-13	297.079	8.47935e-09	1.0159e-09	0	30	26697792	26697792
7.114	16.135414	-44.9788	12.8417	0	0	0	86537766	2	0	0	0	297.04974	16.137951	8.465758e-09	1.012499e-09	-1790.667	7.7091023e+08	5.5598686e+08	2.0117853	6.6449398	1.8781034	4206	248	331	74	86	412	3	0	0	16.997457	0	7.1129121	0	0	0	0	0	0	297.846	-5.22782e-13	297.053	8.45806e-09	1.01488e-09	0	42	26727769	26727769
7.1145	16.134249	-44.982	12.8416	0	0	0	86537770	2	0	0	0	297.01771	16.135451	8.387484e-09	1.010733e-09	-1790.667	7.7091023e+08	5.5504338e+08	2.0119587	7.1415382	1.8682739	4253	265	361	63	86	451	0	0	0	16.997457	0	7.1139849	0	0	0	0	0	0	297.846	-5.22782e-13	297.029	8.44925e-09	1.0147e-09	0	38	26479174	26479174
7.115	16.133084	-44.9852	12.8415	0	0	0	86537774	2	0	0	0	296.98439	16.135451	8.430789e-09	1.013085e-09	-1790.667	7.7091023e+08	5.5636133e+08	2.012033	7.3622969	1.8639011	4343	220	355	68	92	488	2	0	0	16.997457	0	7.1139849	0	0	0	0	0	0	297.846	-5.22782e-13	296.997	8.43706e-09	1.0122e-09	0	39	26614408	26614408
7.1155	16.131919	-44.9883	12.8414	0	0	0	86537777	2	0	0	0	296.96244	16.135451	8.45445e-09	1.015458e-09	-1790.667	7.7091023e+08	5.5769093e+08	2.0122589	6.6641763	1.8781584	4369	257	363	66	89	447	1	0	0	16.997457	0	7.1139849	0	0	0	0	0	0	297.846	-5.22782e-13	296.967	8.41597e-09	1.0099e-09	0	31	26687618	26687618
7.116	16.130754	-44.9915	12.8413	0	0	0	86537781	2	0	0	0	296.93011	16.132951	8.401461e-09	1.006278e-09	-1790.667	7.7091023e+08	5.5267545e+08	2.0122406	7.0852917	1.8696675	4255	218	342	66	89	465	0	0	0	16.997457	0	7.115058	0	0	0	0	0	0	297.846	-5.22782e-13	296.942	8.4219e-09	1.00927e-09	0	47	26518877	26518877
7.1165	16.129594	-44.9946	12.8412	0	0	0	86537784	2	0	0	0	296.90773	16.132951	8.346127e-09	1.008459e-09	-1790.667	7.7091023e+08	5.5389956e+08	2.0120048	6.517885	1.8808646	4317	263	339	60	85	433	2	0	0	16.997457	0	7.115058	0	0	0	0	0	0	297.846	-5.22782e-13	296.912	8.37973e-09	1.00538e-09	0	31	26342754	26342754
7.117	16.128429	-44.9978	12.8411	0	0	0	86537788	2	0	0	0	296.87738	16.130451	8.372808e-09	1.001059e-09	-1790.667	7.7091023e+08	5.4986115e+08	2.0121142	7.175354	1.8677379	4403	248	350	80	116	460	4	0	0	16.997457	0	7.1161314	0	0	0	0	0	0	297.846	-5.22782e-13	296.888	8.36287e-09	1.00174e-09	0	23	26425499	26425499
7.1175	16.127264	-45.001	12.8411	0	0	0	86537791	2	0	0	0	296.85122	16.130451	8.322822e-09	9.976695e-10	-1790.667	7.7091023e+08	5.4802535e+08	2.011928	7.315729	1.8647408	4410	241	353	71	92	505	3	0	0	16.997457	0	7.1161314	0	0	0	0	0	0	297.846	-5.22782e-13	296.856	8.32891e-09	9.99696e-10	0	21	26266279	26266279
7.118	16.126099	-45.0041	12.841	0	0	0	86537794	2	0	0	0	296.81979	16.127951	8.332858e-09	1.000203e-09	-1790.667	7.7091023e+08	5.4944307e+08	2.0121872	6.962056	1.8720976	4275	279	333	58	84	479	0	0	0	16.997457	0	7.1172052	0	0	0	0	0	0	297.846	-5.22782e-13	296.831	8.30782e-09	9.97296e-10	0	36	26296491	26296491
7.1185	16.124939	-45.0073	12.8409	0	0	0	86537798	2	0	0	0	296.79695	16.127951	8.266529e-09	9.925287e-10	-1790.667	7.7091023e+08	5.4525321e+08	2.011976	6.6187509	1.8788083	4348	270	346	59	100	520	0	0	0	16.997457	0	7.1172052	0	0	0	0	0	0	297.846	-5.22782e-13	296.8	8.29319e-09	9.97097e-10	0	32	26085724	26085724
7.119	16.123774	-45.0104	12.8408	0	0	0	86537801	2	0	0	0	296.77529	16.125451	8.301729e-09	9.997798e-10	-1790.667	7.7091023e+08	5.4926272e+08	2.0121299	6.8288076	1.8747254	4434	218	312	72	95	622	1	0	0	16.997457	0	7.1182793	0	0	0	0	0	0	297.846	-5.22782e-13	296.778	8.27819e-09	9.9591e-10	0	35	26195346	26195346
7.1195	16.122609	-45.0136	12.8407	0	0	0	86537805	2	0	0	0	296.74272	16.125451	8.24339e-09	9.912249e-10	-1790.667	7.7091023e+08	5.4458865e+08	2.0121018	7.0289725	1.8706717	4497	256	335	76	97	670	2	0	0	16.997457	0	7.1182793	0	0	0	0	0	0	297.846	-5.22782e-13	296.756	8.24659e-09	9.95243e-10	0	43	26009818	26009818
7.12	16.121449	-45.0168	12.8406	0	0	0	86537808	2	0	0	0	296.71942	16.122951	8.233627e-09	1.001311e-09	-1790.667	7.7091023e+08	5.5015617e+08	2.011921	7.2829104	1.8653946	4497	240	359	54	98	702	1	0	0	16.997457	0	7.1193538	0	0	0	0	0	0	297.846	-5.22782e-13	296.723	8.22091e-09	9.95896e-10	0	38	25977571	25977571
7.1205	16.120284	-45.0199	12.8405	0	0	0	86537812	2	0	0	0	296.68901	16.122951	8.196004e-09	9.919106e-10	-1790.667	7.7091023e+08	5.4501714e+08	2.0118496	7.0676774	1.8696586	4657	244	309	53	94	815	2	0	0	16.997457	0	7.1193538	0	0	0	0	0	0	297.846	-5.22782e-13	296.701	8.18653e-09	9.92621e-10	0	31	25857433	25857433
7.121	16.119119	-45.0231	12.8404	0	0	0	86537815	2	0	0	0	296.66495	16.120451	8.096624e-09	9.941985e-10	-1790.667	7.7091023e+08	5.4630021e+08	2.012023	6.5947555	1.879335	4849	248	340	63	100	943	2	0	0	16.997457	0	7.1204286	0	0	0	0	0	0	297.846	-5.22782e-13	296.668	8.14115e-09	9.9513e-10	0	26	25542483	25542483
7.1215	16.117959	-45.0263	12.8404	0	0	0	86537818	2	0	0	0	296.6425	16.120451	8.089248e-09	9.934915e-10	-1790.667	7.7091023e+08	5.4593766e+08	2.011991	7.1472286	1.8681894	4902	253	368	83	82	1034	1	0	0	16.997457	0	7.1204286	0	0	0	0	0	0	297.846	-5.22782e-13	296.646	8.0806e-09	9.89646e-10	0	28	25517798	25517798
7.122	16.116794	-45.0294	12.8403	0	0	0	86537822	2	0	0	0	296.61355	16.117951	8.064514e-09	9.909122e-10	-1790.667	7.7091023e+08	5.4454619e+08	2.0122656	6.9205974	1.8730048	5070	228	334	65	90	1148	0	0	0	16.997457	0	7.1215037	0	0	0	0	0	0	297.846	-5.22782e-13	296.623	8.05062e-09	9.92364e-10	0	36	25438362	25438362
7.1225	16.115634	-45.0326	12.8402	0	0	0	86537825	2	0	0	0	296.58822	16.117951	8.060894e-09	9.96188e-10	-1790.667	7.7091023e+08	5.4747148e+08	2.0119322	7.4624226	1.8617933	5268	267	334	58	99	1268	3	0	0	16.997457	0	7.1215037	0	0	0	0	0	0	297.846	-5.22782e-13	296.593	8.00404e-09	9.90146e-10	0	30	25425532	25425532
7.123	16.114474	-45.0357	12.8401	0	0	0	86537829	2	0	0	0	296.55719	16.117951	8.051849e-09	9.92987e-10	-1790.667	7.7091023e+08	5.4573828e+08	2.012071	7.4002954	1.8631718	5312	259	324	66	88	1412	3	0	0	16.997457	0	7.1215037	0	0	0	0	0	0	297.846	-5.22782e-13	296.568	7.98953e-09	9.91624e-10	0	27	25395594	25395594
7.1235	16.113309	-45.0389	12.84	0	0	0	86537832	2	0	0	0	296.53373	16.115451	7.954608e-09	9.912249e-10	-1790.667	7.7091023e+08	5.4479576e+08	2.0119475	7.5552826	1.8599392	5477	217	314	70	96	1525	5	0	0	16.997457	0	7.1225792	0	0	0	0	0	0	297.846	-5.22782e-13	296.538	7.96854e-09	9.90965e-10	0	37	25087503	25087503
7.124	16.112149	-45.0421	12.8399	0	0	0	86537836	2	0	0	0	296.50124	16.115451	8.098016e-09	9.93797e-10	-1790.667	7.7091023e+08	5.4623543e+08	2.0051392	7.5828511	1.8530925	5629	257	307	72	93	1588	4	0	0	16.997457	0	7.1225792	0	0	0	0	0	0	297.846	-5.22782e-13	296.514	8.07128e-09	9.91708e-10	0	40	25538371	25538371
7.1245	16.110989	-45.0452	12.8398	0	0	0	86537839	2	0	0	0	296.4782	16.112951	8.152465e-09	9.879528e-10	-1790.667	7.7091023e+08	5.4304904e+08	2.0118762	7.9634166	1.8516621	5754	238	331	81	76	1678	4	0	0	16.997457	0	7.123655	0	0	0	0	0	0	297.846	-5.22782e-13	296.482	8.17173e-09	9.89581e-10	0	20	25708659	25708659
7.125	16.109824	-45.0484	12.8397	0	0	0	86537842	2	0	0	0	296.6641	16.112951	7.99988e-09	9.893739e-10	-1790.667	7.7091023e+08	5.4385608e+08	2.0121341	8.2935706	1.8452563	5930	250	279	74	96	1873	2	0	0	16.997457	0	7.123655	0	0	0	0	0	0	297.846	-5.22782e-13	296.669	7.97325e-09	9.89117e-10	0	32	25226085	25226085
7.1255	16.108664	-45.0515	12.8396	0	0	0	86537846	2	0	0	0	296.63442	16.110549	7.860088e-09	9.819843e-10	-1790.667	7.7091023e+08	5.3981974e+08	2.0121619	7.5172161	1.8609034	6243	225	322	82	113	2106	4	0	0	16.997457	0	7.1246891	0	0	0	0	0	0	297.846	-5.22782e-13	296.642	7.87722e-09	9.85342e-10	0	47	24783904	24783904
7.126	16.107504	-45.0547	12.8396	0	0	0	86537849	2	0	0	0	296.61095	16.110549	7.807799e-09	9.843291e-10	-1790.667	7.7091023e+08	5.4113452e+08	2.0120717	8.5673767	1.8396899	6226	225	301	80	102	2131	7	0	0	16.997457	0	7.1246891	0	0	0	0	0	0	297.846	-5.22782e-13	296.615	7.80613e-09	9.81844e-10	0	26	24617665	24617665
7.1265	16.106344	-45.0579	12.8395	0	0	0	86537853	2	0	0	0	296.57934	16.108049	7.794288e-09	9.809824e-10	-1790.667	7.7091023e+08	5.3932037e+08	2.011857	7.6049621	1.858856	6406	245	288	80	82	2254	11	0	0	16.997457	0	7.1257655	0	0	0	0	0	0	297.846	-5.22782e-13	296.591	7.77156e-09	9.81732e-10	0	30	24573703	24573703
7.127	16.105184	-45.061	12.8394	0	0	0	86537856	2	0	0	0	296.55652	16.108049	7.729771e-09	9.771739e-10	-1790.667	7.7091023e+08	5.3725216e+08	2.0120509	8.3974497	1.8430899	6391	251	315	85	83	2259	7	0	0	16.997457	0	7.1257655	0	0	0	0	0	0	297.846	-5.22782e-13	296.561	7.72658e-09	9.77217e-10	0	44	24368944	24368944
7.1275	16.104019	-45.0642	12.8393	0	0	0	86537859	2	0	0	0	296.53278	16.105549	7.686001e-09	9.74218e-10	-1790.667	7.7091023e+08	5.3565254e+08	2.0120909	8.5379364	1.8402998	6460	224	300	71	98	2359	6	0	0	16.997457	0	7.1268423	0	0	0	0	0	0	297.846	-5.22782e-13	296.537	7.69997e-09	9.74212e-10	0	30	24229611	24229611
7.128	16.102859	-45.0674	12.8392	0	0	0	86537863	2	0	0	0	296.50176	16.105549	7.65516e-09	9.664483e-10	-1790.667	7.7091023e+08	5.3140589e+08	2.0119165	7.895962	1.8530563	6440	231	304	80	102	2391	4	0	0	16.997457	0	7.1268423	0	0	0	0	0	0	297.846	-5.22782e-13	296.51	7.64737e-09	9.71213e-10	0	23	24131049	24131049
7.1285	16.101699	-45.0705	12.8391	0	0	0	86537866	2	0	0	0	296.47743	16.103049	7.64458e-09	9.708003e-10	-1790.667	7.7091023e+08	5.3382432e+08	2.0122323	8.4697497	1.8418013	6490	234	275	76	82	2468	6	0	0	16.997457	0	7.1279195	0	0	0	0	0	0	297.846	-5.22782e-13	296.481	7.62373e-09	9.68746e-10	0	33	24096363	24096363
7.129	16.100539	-45.0737	12.839	0	0	0	86537870	2	0	0	0	296.4465	16.103049	7.616794e-09	9.749499e-10	-1790.667	7.7091023e+08	5.3613169e+08	2.0122432	8.4747768	1.8417101	6783	252	286	68	78	2604	4	0	0	16.997457	0	7.1279195	0	0	0	0	0	0	297.846	-5.22782e-13	296.459	7.60036e-09	9.69195e-10	0	25	24007449	24007449
7.1295	16.099379	-45.0768	12.8389	0	0	0	86537873	2	0	0	0	296.65765	16.103049	7.615842e-09	9.71486e-10	-1790.667	7.7091023e+08	5.3425237e+08	2.0118592	8.2917135	1.8450416	6889	251	325	78	98	2683	5	0	0	16.997457	0	7.1279195	0	0	0	0	0	0	297.846	-5.22782e-13	296.661	7.63681e-09	9.74715e-10	0	22	24003118	24003118
7.13	16.098219	-45.08	12.8389	0	0	0	86537876	2	0	0	0	296.63311	16.100549	7.612432e-09	9.759376e-10	-1790.667	7.7091023e+08	5.3672608e+08	2.0118154	8.3564885	1.8436982	7061	238	301	76	90	2829	5	0	0	16.997457	0	7.128997	0	0	0	0	0	0	297.846	-5.22782e-13	296.637	7.627e-09	9.74838e-10	0	31	23991042	23991042
7.1305	16.097064	-45.0832	12.8388	0	0	0	86537880	2	0	0	0	296.60083	16.100549	7.595645e-09	9.708963e-10	-1790.667	7.7091023e+08	5.3397908e+08	2.0121136	8.5895429	1.8392822	7142	236	308	85	92	2950	5	0	0	16.997457	0	7.128997	0	0	0	0	0	0	297.846	-5.22782e-13	296.615	7.5928e-09	9.72923e-10	0	25	23936810	23936810
7.131	16.095904	-45.0863	12.8387	0	0	0	86537883	2	0	0	0	296.57741	16.098049	7.662287e-09	9.78762e-10	-1790.667	7.7091023e+08	5.3833082e+08	2.0121523	9.0626141	1.8297987	7128	237	289	94	97	3029	9	0	0	16.997457	0	7.1300748	0	0	0	0	0	0	297.846	-5.22782e-13	296.582	7.59339e-09	9.73966e-10	0	29	24145488	24145488
7.1315	16.094744	-45.0895	12.8386	0	0	0	86537887	2	0	0	0	296.54879	16.098049	7.550867e-09	9.65219e-10	-1790.667	7.7091023e+08	5.3090738e+08	2.0119626	8.4135005	1.8426861	7276	250	288	78	105	3017	9	0	0	16.997457	0	7.1300748	0	0	0	0	0	0	297.846	-5.22782e-13	296.56	7.56816e-09	9.72375e-10	0	25	23793062	23793062
7.132	16.093584	-45.0926	12.8385	0	0	0	86537890	2	0	0	0	296.52397	16.095549	7.521745e-09	9.68825e-10	-1790.667	7.7091023e+08	5.3291629e+08	2.0121936	8.7484862	1.8361571	7186	236	298	89	85	2988	5	0	0	16.997457	0	7.131153	0	0	0	0	0	0	297.846	-5.22782e-13	296.527	7.54579e-09	9.70289e-10	0	25	23699985	23699985
7.1325	16.092424	-45.0958	12.8384	0	0	0	86537895	2	0	0	0	296.48468	16.095549	7.539214e-09	9.665513e-10	-1790.667	7.7091023e+08	5.3169103e+08	2.0121274	8.7921433	1.8352182	7174	236	287	85	99	2936	6	0	0	16.997457	0	7.131153	0	0	0	0	0	0	297.846	-5.22782e-13	296.504	7.55215e-09	9.69417e-10	0	40	23753712	23753712
7.133	16.091269	-45.099	12.8383	0	0	0	86537898	2	0	0	0	296.46169	16.093049	7.542564e-09	9.69969e-10	-1790.667	7.7091023e+08	5.335966e+08	2.0117965	8.6608204	1.8375584	7172	232	297	86	87	2932	10	0	0	16.997457	0	7.1322315	0	0	0	0	0	0	297.846	-5.22782e-13	296.466	7.53324e-09	9.63504e-10	0	23	23762951	23762951
7.1335	16.090109	-45.1021	12.8382	0	0	0	86537901	2	0	0	0	298.02946	16.093049	7.577846e-09	9.66935e-10	-1790.667	7.7091023e+08	5.3195299e+08	2.0120986	8.4687382	1.8416992	7062	240	304	70	87	2859	5	0	0	16.997457	0	7.1322315	0	0	0	0	0	0	297.846	-5.22782e-13	297.241	7.51014e-09	9.65559e-10	0	27	23872786	23872786
7.134	16.088949	-45.1053	12.8381	0	0	0	86537905	2	0	0	0	298.00554	16.090549	7.544994e-09	9.660148e-10	-1790.667	7.7091023e+08	5.3147218e+08	2.0120371	8.6820187	1.8373517	7073	238	293	92	96	2803	5	0	0	16.997457	0	7.1333103	0	0	0	0	0	0	297.846	-5.22782e-13	298.014	7.56073e-09	9.66542e-10	0	35	23767976	23767976
7.1345	16.087794	-45.1084	12.8381	0	0	0	86537908	2	0	0	0	297.98373	16.090549	7.543992e-09	9.664696e-10	-1790.667	7.7091023e+08	5.3174785e+08	2.0117878	8.3913739	1.8429712	6948	245	283	84	92	2737	6	0	0	16.997457	0	7.1333103	0	0	0	0	0	0	297.846	-5.22782e-13	297.987	7.53085e-09	9.62221e-10	0	45	23763504	23763504
7.135	16.086634	-45.1116	12.838	0	0	0	86537912	2	0	0	0	297.95094	16.088049	7.515791e-09	9.607284e-10	-1790.667	7.7091023e+08	5.2861438e+08	2.0119299	8.1702727	1.8475498	6950	250	341	78	84	2744	8	0	0	16.997457	0	7.1343895	0	0	0	0	0	0	297.846	-5.22782e-13	297.964	7.52714e-09	9.65094e-10	0	34	23673361	23673361
7.1355	16.085474	-45.1148	12.8379	0	0	0	86537915	2	0	0	0	297.92783	16.088049	7.498461e-09	9.672334e-10	-1790.667	7.7091023e+08	5.3221907e+08	2.0117834	7.9880887	1.8510803	6789	231	304	76	89	2703	7	0	0	16.997457	0	7.1343895	0	0	0	0	0	0	297.846	-5.22782e-13	297.933	7.51619e-09	9.65812e-10	0	20	23617468	23617468
7.136	16.084319	-45.1179	12.8378	0	0	0	86537919	2	0	0	0	297.89691	16.088049	7.489508e-09	9.609913e-10	-1790.667	7.7091023e+08	5.2880969e+08	2.0120694	8.6474312	1.8380771	6729	219	295	79	90	2598	7	0	0	16.997457	0	7.1343895	0	0	0	0	0	0	297.846	-5.22782e-13	297.908	7.5224e-09	9.66648e-10	0	36	23587964	23587964
7.1365	16.083159	-45.1211	12.8377	0	0	0	86537922	2	0	0	0	297.87187	16.085549	7.458098e-09	9.63567e-10	-1790.667	7.7091023e+08	5.3025245e+08	2.0119216	8.0729348	1.8495005	6608	220	289	66	94	2582	7	0	0	16.997457	0	7.135469	0	0	0	0	0	0	297.846	-5.22782e-13	297.876	7.46983e-09	9.61926e-10	0	32	23487740	23487740
7.137	16.082004	-45.1243	12.8376	0	0	0	86537926	2	0	0	0	297.84212	16.085549	7.508778e-09	9.668604e-10	-1790.667	7.7091023e+08	5.3209032e+08	2.0118528	8.7092813	1.8366349	6708	214	273	81	82	2619	8	0	0	16.997457	0	7.135469	0	0	0	0	0	0	297.846	-5.22782e-13	297.852	7.48825e-09	9.62835e-10	0	28	23646038	23646038
7.1375	16.080849	-45.1274	12.8375	0	0	0	86537929	2	0	0	0	297.8194	16.083049	7.481916e-09	9.602346e-10	-1790.667	7.7091023e+08	5.2846929e+08	2.0122493	8.2793877	1.8456474	6791	219	331	88	85	2566	6	0	0	16.997457	0	7.1365489	0	0	0	0	0	0	297.846	-5.22782e-13	297.823	7.47283e-09	9.63456e-10	0	29	23560143	23560143
7.138	16.079689	-45.1306	12.8374	0	0	0	86537932	2	0	0	0	297.78861	16.083049	7.485983e-09	9.621388e-10	-1790.667	7.7091023e+08	5.2954267e+08	2.0122253	8.469334	1.8418032	6657	235	286	81	84	2504	1	0	0	16.997457	0	7.1365489	0	0	0	0	0	0	297.846	-5.22782e-13	297.799	7.48031e-09	9.62749e-10	0	31	23571646	23571646
7.1385	16.078534	-45.1337	12.8374	0	0	0	86537936	2	0	0	0	297.7637	16.080549	7.438242e-09	9.583729e-10	-1790.667	7.7091023e+08	5.274953e+08	2.0120157	8.3240067	1.8445354	6734	221	288	74	101	2530	3	0	0	16.997457	0	7.1376291	0	0	0	0	0	0	297.846	-5.22782e-13	297.772	7.46144e-09	9.60787e-10	0	29	23420025	23420025
7.139	16.077374	-45.1369	12.8373	0	0	0	86537939	2	0	0	0	297.7417	16.080549	7.484847e-09	9.627321e-10	-1790.667	7.7091023e+08	5.2992007e+08	2.012129	8.2182565	1.846767	6561	201	290	74	70	2480	8	0	0	16.997457	0	7.1376291	0	0	0	0	0	0	297.846	-5.22782e-13	297.746	7.46294e-09	9.6006e-10	0	34	23565463	23565463
7.1395	16.076219	-45.1401	12.8372	0	0	0	86537943	2	0	0	0	297.70987	16.078049	7.472323e-09	9.568275e-10	-1790.667	7.7091023e+08	5.2669526e+08	2.0118698	8.0355102	1.8502058	6677	216	293	67	77	2536	5	0	0	16.997457	0	7.1387097	0	0	0	0	0	0	297.846	-5.22782e-13	297.717	7.47391e-09	9.63206e-10	0	21	23524731	23524731
7.14	16.075064	-45.1432	12.8371	0	0	0	86537946	2	0	0	0	297.68472	16.078049	7.473428e-09	9.63702e-10	-1790.667	7.7091023e+08	5.3050487e+08	2.012207	8.7300917	1.8365395	6489	233	301	67	76	2456	4	0	0	16.997457	0	7.1387097	0	0	0	0	0	0	297.846	-5.22782e-13	297.689	7.44194e-09	9.60742e-10	0	29	23526909	23526909
7.1405	16.073909	-45.1464	12.837	0	0	0	86537950	2	0	0	0	297.65212	16.075549	7.50207e-09	9.604051e-10	-1790.667	7.7091023e+08	5.2871536e+08	2.0118586	8.253622	1.8458074	6540	264	299	79	80	2451	1	0	0	16.997457	0	7.1397906	0	0	0	0	0	0	297.846	-5.22782e-13	297.665	7.4808e-09	9.64841e-10	0	31	23615771	23615771
7.141	16.072749	-45.1495	12.8369	0	0	0	86537955	2	0	0	0	297.6145	16.075549	7.461459e-09	9.649099e-10	-1790.667	7.7091023e+08	5.3122083e+08	2.0117885	7.5701318	1.8594934	6655	233	292	78	76	2463	8	0	0	16.997457	0	7.1397906	0	0	0	0	0	0	297.846	-5.22782e-13	297.634	7.47906e-09	9.63039e-10	0	30	23486634	23486634
7.1415	16.071594	-45.1527	12.8368	0	0	0	86537958	2	0	0	0	297.58347	16.073049	7.508024e-09	9.667893e-10	-1790.667	7.7091023e+08	5.322811e+08	2.0121664	8.2039656	1.847089	6489	217	306	66	89	2422	4	0	0	16.997457	0	7.1408718	0	0	0	0	0	0	297.846	-5.22782e-13	297.597	7.49838e-09	9.64189e-10	0	28	23631902	23631902
7.142	16.070439	-45.1559	12.8367	0	0	0	86537962	2	0	0	0	297.55862	16.073049	7.508469e-09	9.642669e-10	-1790.667	7.7091023e+08	5.3091787e+08	2.0119632	7.916614	1.8526838	6560	240	287	71	73	2405	6	0	0	16.997457	0	7.1408718	0	0	0	0	0	0	297.846	-5.22782e-13	297.564	7.51257e-09	9.65529e-10	0	19	23631996	23631996
7.1425	16.069284	-45.159	12.8367	0	0	0	86537965	2	0	0	0	297.5353	16.070549	7.52426e-09	9.663523e-10	-1790.667	7.7091023e+08	5.3209166e+08	2.0120762	8.0062019	1.8509853	6402	232	294	66	86	2422	6	0	0	16.997457	0	7.1419534	0	0	0	0	0	0	297.846	-5.22782e-13	297.54	7.49295e-09	9.64186e-10	0	28	23680388	23680388
7.143	16.068129	-45.1622	12.8366	0	0	0	86537969	2	0	0	0	297.50494	16.070549	7.485049e-09	9.567671e-10	-1790.667	7.7091023e+08	5.2683921e+08	2.0119635	8.1405214	1.8481792	6552	238	307	82	76	2399	4	0	0	16.997457	0	7.1419534	0	0	0	0	0	0	297.846	-5.22782e-13	297.517	7.46244e-09	9.61365e-10	0	31	23555682	23555682
7.1435	16.066974	-45.1654	12.8365	0	0	0	86537972	2	0	0	0	297.48117	16.070549	7.427186e-09	9.59016e-10	-1790.667	7.7091023e+08	5.2810296e+08	2.0121574	8.2515054	1.8461242	6442	217	299	65	99	2402	4	0	0	16.997457	0	7.1419534	0	0	0	0	0	0	297.846	-5.22782e-13	297.486	7.42822e-09	9.58938e-10	0	29	23372294	23372294
7.144	16.065819	-45.1685	12.8364	0	0	0	86537975	2	0	0	0	297.45048	16.068049	7.452208e-09	9.598082e-10	-1790.667	7.7091023e+08	5.2856463e+08	2.0120339	8.1004599	1.8490499	6502	237	307	76	72	2405	3	0	0	16.997457	0	7.1430353	0	0	0	0	0	0	297.846	-5.22782e-13	297.462	7.42272e-09	9.57892e-10	0	31	23449740	23449740
7.1445	16.064664	-45.1717	12.8363	0	0	0	86537979	2	0	0	0	297.42597	16.068049	7.396896e-09	9.53289e-10	-1790.667	7.7091023e+08	5.2499979e+08	2.0119901	8.7027387	1.8368918	6465	253	294	67	84	2415	8	0	0	16.997457	0	7.1430353	0	0	0	0	0	0	297.846	-5.22782e-13	297.43	7.39416e-09	9.54659e-10	0	40	23274405	23274405
7.145	16.063509	-45.1748	12.8362	0	0	0	86537982	2	0	0	0	297.40274	16.065549	7.427683e-09	9.621637e-10	-1790.667	7.7091023e+08	5.2991282e+08	2.0120067	8.2184696	1.8466506	6504	250	298	68	80	2392	5	0	0	16.997457	0	7.1441175	0	0	0	0	0	0	297.846	-5.22782e-13	297.407	7.41203e-09	9.57472e-10	0	32	23369986	23369986
7.1455	16.062354	-45.178	12.8361	0	0	0	86537986	2	0	0	0	297.37068	16.065549	7.351037e-09	9.50898e-10	-1790.667	7.7091023e+08	5.2373345e+08	2.0119229	8.0561497	1.8498394	6462	239	303	80	78	2405	4	0	0	16.997457	0	7.1441175	0	0	0	0	0	0	297.846	-5.22782e-13	297.378	7.36963e-09	9.55601e-10	0	32	23127555	23127555
7.146	16.061199	-45.1812	12.836	0	0	0	86537989	2	0	0	0	297.3482	16.063049	7.375515e-09	9.531753e-10	-1790.667	7.7091023e+08	5.2501303e+08	2.0122192	8.217888	1.8468573	6427	231	312	65	91	2364	4	0	0	16.997457	0	7.1452001	0	0	0	0	0	0	297.846	-5.22782e-13	297.351	7.35738e-09	9.54022e-10	0	40	23203285	23203285
7.1465	16.060049	-45.1843	12.836	0	0	0	86537993	2	0	0	0	297.31585	16.063049	7.346539e-09	9.519177e-10	-1790.667	7.7091023e+08	5.243456e+08	2.0118426	8.6805838	1.8372029	6305	251	267	77	76	2235	8	0	0	16.997457	0	7.1452001	0	0	0	0	0	0	297.846	-5.22782e-13	297.327	7.32766e-09	9.50394e-10	0	32	23110852	23110852
7.147	16.058894	-45.1875	12.8359	0	0	0	86537996	2	0	0	0	297.29031	16.060549	7.307957e-09	9.471712e-10	-1790.667	7.7091023e+08	5.2175623e+08	2.012136	7.9027819	1.8531213	6433	203	291	81	86	2418	2	0	0	16.997457	0	7.1462831	0	0	0	0	0	0	297.846	-5.22782e-13	297.296	7.30383e-09	9.47927e-10	0	28	22988211	22988211
7.1475	16.057739	-45.1906	12.8358	0	0	0	86537999	2	0	0	0	297.26851	16.060549	7.318878e-09	9.526175e-10	-1790.667	7.7091023e+08	5.2478167e+08	2.0119165	8.2342026	1.8462512	6267	243	300	65	67	2222	11	0	0	16.997457	0	7.1462831	0	0	0	0	0	0	297.846	-5.22782e-13	297.272	7.29522e-09	9.49134e-10	0	53	23021294	23021294
7.148	16.056584	-45.1938	12.8357	0	0	0	86538003	2	0	0	0	297.23828	16.058049	7.269879e-09	9.450574e-10	-1790.667	7.7091023e+08	5.2064204e+08	2.0122598	7.6300921	1.8587226	6367	235	303	68	91	2307	8	0	0	16.997457	0	7.1473663	0	0	0	0	0	0	297.846	-5.22782e-13	297.246	7.29761e-09	9.49749e-10	0	34	22865907	22865907
7.1485	16.055434	-45.197	12.8356	0	0	0	86538006	2	0	0	0	297.21605	16.058049	7.314199e-09	9.554206e-10	-1790.667	7.7091023e+08	5.2637663e+08	2.0122115	8.0452934	1.8503232	6360	260	313	76	88	2268	7	0	0	16.997457	0	7.1473663	0	0	0	0	0	0	297.846	-5.22782e-13	297.219	7.29265e-09	9.47185e-10	0	31	23004037	23004037
7.149	16.054279	-45.2001	12.8355	0	0	0	86538010	2	0	0	0	297.18534	16.057932	7.259985e-09	9.430856e-10	-1790.667	7.7091023e+08	5.1960589e+08	2.0118573	8.0459147	1.849985	6218	208	287	66	97	2291	4	0	0	16.997457	0	7.1474171	0	0	0	0	0	0	297.846	-5.22782e-13	297.192	7.27421e-09	9.48221e-10	0	24	22832268	22832268
7.1495	16.053124	-45.2033	12.8354	0	0	0	86538013	2	0	0	0	297.15972	16.055549	7.320089e-09	9.53662e-10	-1790.667	7.7091023e+08	5.2545847e+08	2.0119725	8.5746223	1.8394534	6297	249	308	65	83	2262	8	0	0	16.997457	0	7.14845	0	0	0	0	0	0	297.846	-5.22782e-13	297.164	7.30886e-09	9.501e-10	0	26	23020022	23020022
7.15	16.051974	-45.2064	12.8353	0	0	0	86538016	2	0	0	0	297.12859	16.055549	7.319898e-09	9.548025e-10	-1790.667	7.7091023e+08	5.2611227e+08	2.0053574	7.976186	1.8454064	6200	222	326	69	84	2178	3	0	0	16.997457	0	7.14845	0	0	0	0	0	0	297.846	-5.22782e-13	297.141	7.29757e-09	9.50951e-10	0	28	23018151	23018151
7.1505	16.050819	-45.2096	12.8353	0	0	0	86538020	2	0	0	0	297.10567	16.053049	7.243528e-09	9.458283e-10	-1790.667	7.7091023e+08	5.2119251e+08	2.011872	8.1118958	1.848671	6162	209	315	65	89	2190	0	0	0	16.997457	0	7.1495339	0	0	0	0	0	0	297.846	-5.22782e-13	297.114	7.27981e-09	9.48142e-10	0	30	22776742	22776742
7.151	16.049669	-45.2128	12.8352	0	0	0	86538023	2	0	0	0	297.0818	16.053049	7.260848e-09	9.491785e-10	-1790.667	7.7091023e+08	5.2306388e+08	2.011969	7.834761	1.854336	6197	246	313	81	81	2158	3	0	0	16.997457	0	7.1495339	0	0	0	0	0	0	297.846	-5.22782e-13	297.086	7.28638e-09	9.4724e-10	0	43	22829944	22829944
7.1515	16.048514	-45.2159	12.8351	0	0	0	86538027	2	0	0	0	297.05052	16.050549	7.249628e-09	9.388721e-10	-1790.667	7.7091023e+08	5.1740933e+08	2.0122262	7.9736084	1.8517792	6175	237	283	79	62	2194	4	0	0	16.997457	0	7.1506182	0	0	0	0	0	0	297.846	-5.22782e-13	297.062	7.28939e-09	9.49401e-10	0	34	22793409	22793409
7.152	16.047364	-45.2191	12.835	0	0	0	86538030	2	0	0	0	297.02664	16.050549	7.287461e-09	9.532783e-10	-1790.667	7.7091023e+08	5.2537394e+08	2.0118614	7.6696336	1.857559	6133	229	341	65	92	2172	5	0	0	16.997457	0	7.1506182	0	0	0	0	0	0	297.846	-5.22782e-13	297.03	7.30196e-09	9.49646e-10	0	43	22911096	22911096
7.1525	16.046209	-45.2223	12.8349	0	0	0	86538033	2	0	0	0	296.99513	16.048049	7.313066e-09	9.528947e-10	-1790.667	7.7091023e+08	5.2518792e+08	2.0118157	7.6628889	1.8576525	6122	253	292	72	65	2163	5	0	0	16.997457	0	7.1517029	0	0	0	0	0	0	297.846	-5.22782e-13	297.008	7.3082e-09	9.51322e-10	0	18	22990328	22990328
7.153	16.045059	-45.2254	12.8348	0	0	0	86538037	2	0	0	0	296.96961	16.048049	7.298596e-09	9.491785e-10	-1790.667	7.7091023e+08	5.2316503e+08	2.0118698	8.7396512	1.8360394	6237	219	328	81	111	2179	2	0	0	16.997457	0	7.1517029	0	0	0	0	0	0	297.846	-5.22782e-13	296.974	7.30562e-09	9.50867e-10	0	30	22943573	22943573
7.1535	16.043909	-45.2286	12.8347	0	0	0	86538040	2	0	0	0	296.94179	16.045549	7.319095e-09	9.53591e-10	-1790.667	7.7091023e+08	5.2562253e+08	2.0119843	7.4942771	1.8612006	6229	238	298	64	94	2187	7	0	0	16.997457	0	7.1527879	0	0	0	0	0	0	297.846	-5.22782e-13	296.954	7.29116e-09	9.51429e-10	0	28	23006745	23006745
7.154	16.042754	-45.2317	12.8346	0	0	0	86538044	2	0	0	0	296.91778	16.045549	7.305768e-09	9.473027e-10	-1790.667	7.7091023e+08	5.2218166e+08	2.0118714	8.0470354	1.8499754	6118	226	302	66	72	2162	4	0	0	16.997457	0	7.1527879	0	0	0	0	0	0	297.846	-5.22782e-13	296.924	7.29817e-09	9.51406e-10	0	30	22963587	22963587
7.1545	16.041604	-45.2349	12.8346	0	0	0	86538047	2	0	0	0	296.89486	16.043049	7.28263e-09	9.523333e-10	-1790.667	7.7091023e+08	5.2498009e+08	2.0120102	7.4378468	1.86236	6125	215	299	53	75	2138	4	0	0	16.997457	0	7.1538732	0	0	0	0	0	0	297.846	-5.22782e-13	296.898	7.30172e-09	9.49321e-10	0	31	22889598	22889598
7.155	16.040454	-45.2381	12.8345	0	0	0	86538051	2	0	0	0	296.86483	16.043049	7.304163e-09	9.462369e-10	-1790.667	7.7091023e+08	5.2164466e+08	2.0121728	7.7837768	1.8555498	6096	238	286	54	94	2150	8	0	0	16.997457	0	7.1538732	0	0	0	0	0	0	297.846	-5.22782e-13	296.875	7.27188e-09	9.46947e-10	0	31	22956012	22956012
7.1555	16.039304	-45.2412	12.8344	0	0	0	86538054	2	0	0	0	296.84025	16.043049	7.271709e-09	9.458709e-10	-1790.667	7.7091023e+08	5.2146814e+08	2.0119446	8.0392669	1.850199	6108	244	318	87	63	2048	6	0	0	16.997457	0	7.1538732	0	0	0	0	0	0	297.846	-5.22782e-13	296.845	7.29711e-09	9.49925e-10	0	25	22852755	22852755
7.156	16.038149	-45.2444	12.8343	0	0	0	86538058	2	0	0	0	296.8079	16.040549	7.339963e-09	9.520136e-10	-1790.667	7.7091023e+08	5.248801e+08	2.0122301	8.178039	1.8476691	6142	243	315	67	92	2143	1	0	0	16.997457	0	7.1549589	0	0	0	0	0	0	297.846	-5.22782e-13	296.82	7.31999e-09	9.51266e-10	0	32	23065985	23065985
7.1565	16.036999	-45.2475	12.8342	0	0	0	86538061	2	0	0	0	296.7862	16.040549	7.253298e-09	9.445493e-10	-1790.667	7.7091023e+08	5.2078999e+08	2.0121578	8.4532537	1.842065	6043	249	301	66	83	2018	5	0	0	16.997457	0	7.1549589	0	0	0	0	0	0	297.846	-5.22782e-13	296.79	7.30879e-09	9.4802e-10	0	36	22792383	22792383
7.157	16.035849	-45.2507	12.8341	0	0	0	86538064	2	0	0	0	296.76405	16.038049	7.309314e-09	9.537224e-10	-1790.667	7.7091023e+08	5.2587319e+08	2.0117888	7.5621139	1.859655	6196	261	333	83	86	2099	8	0	0	16.997457	0	7.1560449	0	0	0	0	0	0	297.846	-5.22782e-13	296.767	7.28791e-09	9.47674e-10	0	31	22967140	22967140
7.1575	16.034699	-45.2539	12.834	0	0	0	86538068	2	0	0	0	296.731	16.038049	7.259388e-09	9.462546e-10	-1790.667	7.7091023e+08	5.2178081e+08	2.0118134	8.0735756	1.8493882	6044	212	306	74	92	2053	5	0	0	16.997457	0	7.1560449	0	0	0	0	0	0	297.846	-5.22782e-13	296.739	7.28287e-09	9.47677e-10	0	34	22809008	22809008
7.158	16.033549	-45.257	12.834	0	0	0	86538071	2	0	0	0	296.70913	16.035549	7.284932e-09	9.508803e-10	-1790.667	7.7091023e+08	5.2435693e+08	2.0122502	7.660916	1.8580934	5994	239	306	63	79	1995	5	0	0	16.997457	0	7.1571313	0	0	0	0	0	0	297.846	-5.22782e-13	296.714	7.29165e-09	9.48581e-10	0	16	22888006	22888006
7.1585	16.032399	-45.2602	12.8339	0	0	0	86538076	2	0	0	0	296.66977	16.035549	7.313275e-09	9.451142e-10	-1790.667	7.7091023e+08	5.2120253e+08	2.0118054	7.6537501	1.8578269	6082	228	293	82	84	2014	2	0	0	16.997457	0	7.1571313	0	0	0	0	0	0	297.846	-5.22782e-13	296.69	7.29649e-09	9.48623e-10	0	40	22975790	22975790
7.159	16.031249	-45.2634	12.8338	0	0	0	86538079	2	0	0	0	296.64729	16.033049	7.28458e-09	9.491572e-10	-1790.667	7.7091023e+08	5.2345752e+08	2.0117818	8.1362463	1.8480982	6042	231	317	59	95	2047	1	0	0	16.997457	0	7.158218	0	0	0	0	0	0	297.846	-5.22782e-13	296.651	7.28461e-09	9.50113e-10	0	28	22884380	22884380
7.1595	16.030099	-45.2665	12.8337	0	0	0	86538083	2	0	0	0	296.61416	16.033049	7.341672e-09	9.496368e-10	-1790.667	7.7091023e+08	5.2374744e+08	2.0122768	7.755275	1.8562192	5990	230	276	78	81	2044	4	0	0	16.997457	0	7.158218	0	0	0	0	0	0	297.846	-5.22782e-13	296.627	7.31693e-09	9.49831e-10	0	31	23062464	23062464
7.16	16.028949	-45.2697	12.8336	0	0	0	86538086	2	0	0	0	296.59214	16.030549	7.280995e-09	9.485461e-10	-1790.667	7.7091023e+08	5.2317129e+08	2.0118566	7.7995537	1.8549408	6107	256	337	65	86	2036	3	0	0	16.997457	0	7.159305	0	0	0	0	0	0	297.846	-5.22782e-13	296.597	7.30094e-09	9.49045e-10	0	35	22870600	22870600
7.1605	16.027799	-45.2728	12.8335	0	0	0	86538089	2	0	0	0	296.55941	16.030549	7.285688e-09	9.487344e-10	-1790.667	7.7091023e+08	5.2330056e+08	2.0121718	7.8156188	1.8549082	5985	235	316	69	91	1991	2	0	0	16.997457	0	7.159305	0	0	0	0	0	0	297.846	-5.22782e-13	296.571	7.29486e-09	9.49306e-10	0	31	22884082	22884082
7.161	16.026649	-45.276	12.8334	0	0	0	86538093	2	0	0	0	296.53632	16.028049	7.289668e-09	9.475727e-10	-1790.667	7.7091023e+08	5.2268518e+08	2.0121635	7.9563792	1.8520682	5985	245	284	68	83	2024	5	0	0	16.997457	0	7.1603924	0	0	0	0	0	0	297.846	-5.22782e-13	296.541	7.32415e-09	9.50712e-10	0	35	22895323	22895323
7.1615	16.025504	-45.2792	12.8333	0	0	0	86538096	2	0	0	0	296.51361	16.028049	7.330247e-09	9.537438e-10	-1790.667	7.7091023e+08	5.2611474e+08	2.0122176	8.0297797	1.850641	6046	216	296	69	89	2059	2	0	0	16.997457	0	7.1603924	0	0	0	0	0	0	297.846	-5.22782e-13	296.517	7.31654e-09	9.4946e-10	0	25	23021507	23021507
7.162	16.024354	-45.2823	12.8333	0	0	0	86538100	2	0	0	0	296.48333	16.028049	7.089191e-09	9.442189e-10	-1790.667	7.7091023e+08	5.2088583e+08	2.012257	7.8427996	1.8544397	6111	263	282	67	73	2105	3	0	0	16.997457	0	7.1603924	0	0	0	0	0	0	297.846	-5.22782e-13	296.495	7.31731e-09	9.52186e-10	0	44	22263217	22263217
7.1625	16.023204	-45.2855	12.8332	0	0	0	86538103	2	0	0	0	296.67498	16.025549	7.29526e-09	9.547243e-10	-1790.667	7.7091023e+08	5.2670682e+08	2.012073	7.7998921	1.8551334	6170	223	329	77	72	2135	9	0	0	16.997457	0	7.1614802	0	0	0	0	0	0	297.846	-5.22782e-13	296.68	7.32383e-09	9.5047e-10	0	39	22909105	22909105
7.163	16.022054	-45.2886	12.8331	0	0	0	86538107	2	0	0	0	296.6432	16.025549	7.355453e-09	9.504788e-10	-1790.667	7.7091023e+08	5.2439014e+08	2.0120205	7.9125079	1.8528192	6221	255	312	68	99	2023	2	0	0	16.997457	0	7.1614802	0	0	0	0	0	0	297.846	-5.22782e-13	296.655	7.35641e-09	9.54565e-10	0	35	23096857	23096857
7.1635	16.020909	-45.2918	12.833	0	0	0	86538110	2	0	0	0	296.62052	16.023049	7.358931e-09	9.589449e-10	-1790.667	7.7091023e+08	5.2908672e+08	2.0121325	7.8627984	1.8539226	6075	225	290	77	82	2028	3	0	0	16.997457	0	7.1625682	0	0	0	0	0	0	297.846	-5.22782e-13	296.625	7.36485e-09	9.56275e-10	0	26	23106507	23106507
7.164	16.019759	-45.295	12.8329	0	0	0	86538114	2	0	0	0	296.58884	16.023049	7.395336e-09	9.628742e-10	-1790.667	7.7091023e+08	5.3128051e+08	2.0121395	7.9506057	1.8521622	6131	221	329	68	98	2144	4	0	0	16.997457	0	7.1625682	0	0	0	0	0	0	297.846	-5.22782e-13	296.602	7.39908e-09	9.58651e-10	0	33	23219539	23219539
7.1645	16.018609	-45.2981	12.8328	0	0	0	86538117	2	0	0	0	296.56636	16.020549	7.398796e-09	9.569092e-10	-1790.667	7.7091023e+08	5.2801493e+08	2.0119155	8.0329735	1.8502989	6236	270	315	80	110	2092	1	0	0	16.997457	0	7.1636567	0	0	0	0	0	0	297.846	-5.22782e-13	296.57	7.40058e-09	9.60461e-10	0	35	23229126	23229126
7.165	16.017464	-45.3013	12.8327	0	0	0	86538120	2	0	0	0	296.54378	16.020549	7.432796e-09	9.610339e-10	-1790.667	7.7091023e+08	5.3031672e+08	2.0119149	7.8018887	1.8549475	6098	250	302	63	73	2127	3	0	0	16.997457	0	7.1636567	0	0	0	0	0	0	297.846	-5.22782e-13	296.548	7.40335e-09	9.58505e-10	0	27	23334588	23334588
7.1655	16.016314	-45.3044	12.8326	0	0	0	86538124	2	0	0	0	296.5128	16.018049	7.39611e-09	9.5487e-10	-1790.667	7.7091023e+08	5.2694102e+08	2.0121667	7.8976835	1.8532522	6100	257	302	80	92	2044	4	0	0	16.997457	0	7.1647454	0	0	0	0	0	0	297.846	-5.22782e-13	296.52	7.39201e-09	9.55985e-10	0	35	23218140	23218140
7.166	16.015169	-45.3076	12.8326	0	0	0	86538127	2	0	0	0	296.48731	16.018049	7.40792e-09	9.592114e-10	-1790.667	7.7091023e+08	5.2936258e+08	2.0118182	7.7366512	1.8561709	6073	230	311	61	85	2057	7	0	0	16.997457	0	7.1647454	0	0	0	0	0	0	297.846	-5.22782e-13	296.491	7.38819e-09	9.54991e-10	0	29	23253936	23253936
7.1665	16.014019	-45.3108	12.8325	0	0	0	86538131	2	0	0	0	296.71898	16.015549	7.369739e-09	9.557546e-10	-1790.667	7.7091023e+08	5.2748057e+08	2.0119082	7.7256489	1.8564752	6201	244	273	68	94	2124	5	0	0	16.997457	0	7.1658346	0	0	0	0	0	0	297.846	-5.22782e-13	296.469	7.31027e-09	9.57294e-10	0	33	23132812	23132812
7.167	16.012874	-45.3139	12.8324	0	0	0	86538136	2	0	0	0	296.67748	16.015549	7.348689e-09	9.566286e-10	-1790.667	7.7091023e+08	5.2798865e+08	2.0119056	7.4396652	1.8622266	6106	251	307	71	67	2124	6	0	0	16.997457	0	7.1658346	0	0	0	0	0	0	297.846	-5.22782e-13	296.699	7.38814e-09	9.59853e-10	0	25	23065470	23065470
7.1675	16.011724	-45.3171	12.8323	0	0	0	86538140	2	0	0	0	296.64773	16.013049	7.399493e-09	9.594423e-10	-1790.667	7.7091023e+08	5.2956742e+08	2.0120285	7.6723208	1.8576592	6160	238	289	75	95	2122	6	0	0	16.997457	0	7.166924	0	0	0	0	0	0	297.846	-5.22782e-13	296.659	7.37883e-09	9.59002e-10	0	34	23223653	23223653
7.168	16.010579	-45.3203	12.8322	0	0	0	86538143	2	0	0	0	296.62489	16.013049	7.422535e-09	9.582166e-10	-1790.667	7.7091023e+08	5.2891668e+08	2.0121526	8.1957838	1.847241	6290	238	322	76	86	2167	2	0	0	16.997457	0	7.166924	0	0	0	0	0	0	297.846	-5.22782e-13	296.628	7.40656e-09	9.63026e-10	0	34	23294692	23294692
7.1685	16.009434	-45.3234	12.8321	0	0	0	86538146	2	0	0	0	296.59273	16.013049	7.441848e-09	9.668142e-10	-1790.667	7.7091023e+08	5.3368841e+08	2.0120899	7.9117736	1.8528979	6321	245	321	65	72	2133	7	0	0	16.997457	0	7.166924	0	0	0	0	0	0	297.846	-5.22782e-13	296.605	7.42976e-09	9.6793e-10	0	25	23354020	23354020
7.169	16.008284	-45.3266	12.832	0	0	0	86538150	2	0	0	0	296.56877	16.010549	7.440132e-09	9.688641e-10	-1790.667	7.7091023e+08	5.3484607e+08	2.0121014	7.95311	1.8520768	6437	212	303	75	89	2216	7	0	0	16.997457	0	7.1680138	0	0	0	0	0	0	297.846	-5.22782e-13	296.578	7.44919e-09	9.70032e-10	0	23	23347352	23347352
7.1695	16.007139	-45.3297	12.832	0	0	0	86538153	2	0	0	0	296.54685	16.010549	7.465196e-09	9.721646e-10	-1790.667	7.7091023e+08	5.3669424e+08	2.0118704	8.2670454	1.8455482	6260	241	320	58	104	2078	6	0	0	16.997457	0	7.1680138	0	0	0	0	0	0	297.846	-5.22782e-13	296.55	7.463e-09	9.7283e-10	0	35	23424717	23424717
7.17	16.005994	-45.3329	12.8319	0	0	0	86538157	2	0	0	0	296.51491	16.008049	7.436043e-09	9.707684e-10	-1790.667	7.7091023e+08	5.3594961e+08	2.0122096	7.8176031	1.854903	6319	240	287	63	75	2234	6	0	0	16.997457	0	7.169104	0	0	0	0	0	0	297.846	-5.22782e-13	296.527	7.46706e-09	9.7292e-10	0	36	23331958	23331958
7.1705	16.004849	-45.3361	12.8318	0	0	0	86538160	2	0	0	0	296.49139	16.008049	7.500461e-09	9.790178e-10	-1790.667	7.7091023e+08	5.405304e+08	2.011896	8.2068338	1.846783	6376	258	318	57	76	2252	3	0	0	16.997457	0	7.169104	0	0	0	0	0	0	297.846	-5.22782e-13	296.495	7.48897e-09	9.75284e-10	0	36	23532789	23532789
7.171	16.003704	-45.3392	12.8317	0	0	0	86538164	2	0	0	0	296.46096	16.005549	7.517915e-09	9.747154e-10	-1790.667	7.7091023e+08	5.3818126e+08	2.0118397	7.9516793	1.8518646	6356	229	323	66	89	2233	4	0	0	16.997457	0	7.1701945	0	0	0	0	0	0	297.846	-5.22782e-13	296.472	7.48812e-09	9.77217e-10	0	32	23586256	23586256
7.1715	16.002554	-45.3424	12.8316	0	0	0	86538167	2	0	0	0	296.43819	16.005549	7.463107e-09	9.798775e-10	-1790.667	7.7091023e+08	5.410579e+08	2.0122646	8.4633639	1.8419594	6406	238	334	84	89	2308	3	0	0	16.997457	0	7.1701945	0	0	0	0	0	0	297.846	-5.22782e-13	296.442	7.49267e-09	9.73878e-10	0	27	23413019	23413019
7.172	16.001409	-45.3455	12.8315	0	0	0	86538170	2	0	0	0	296.60714	16.003049	7.50391e-09	9.799379e-10	-1790.667	7.7091023e+08	5.4111769e+08	2.0118362	7.9852864	1.8511853	6441	245	294	62	77	2280	8	0	0	16.997457	0	7.1712853	0	0	0	0	0	0	297.846	-5.22782e-13	296.419	7.4523e-09	9.75324e-10	0	20	23539733	23539733
7.1725	16.000264	-45.3487	12.8314	0	0	0	86538174	2	0	0	0	296.58428	16.003049	7.486783e-09	9.757528e-10	-1790.667	7.7091023e+08	5.3883303e+08	2.0122131	8.0358725	1.8505142	6360	243	328	84	83	2262	7	0	0	16.997457	0	7.1712853	0	0	0	0	0	0	297.846	-5.22782e-13	296.589	7.47137e-09	9.74317e-10	0	30	23484716	23484716
7.173	15.999119	-45.3519	12.8313	0	0	0	86538177	2	0	0	0	296.56303	16.000549	7.501516e-09	9.812666e-10	-1790.667	7.7091023e+08	5.4190437e+08	2.0121408	8.1783859	1.8475802	6294	229	279	63	74	2269	3	0	0	16.997457	0	7.1723765	0	0	0	0	0	0	297.846	-5.22782e-13	296.566	7.46548e-09	9.77766e-10	0	26	23529639	23529639
7.1735	15.997974	-45.355	12.8313	0	0	0	86538181	2	0	0	0	296.52964	16.000549	7.413789e-09	9.701964e-10	-1790.667	7.7091023e+08	5.3581706e+08	2.0122006	8.3584349	1.8440122	6490	249	330	65	81	2311	4	0	0	16.997457	0	7.1723765	0	0	0	0	0	0	297.846	-5.22782e-13	296.537	7.45287e-09	9.79018e-10	0	32	23253194	23253194
7.174	15.996829	-45.3582	12.8312	0	0	0	86538184	2	0	0	0	296.5062	16.000549	7.493632e-09	9.845671e-10	-1790.667	7.7091023e+08	5.4378026e+08	2.0122144	8.6006581	1.8391507	6530	236	304	63	95	2402	2	0	0	16.997457	0	7.1723765	0	0	0	0	0	0	297.846	-5.22782e-13	296.511	7.46158e-09	9.76307e-10	0	32	23502330	23502330
7.1745	15.995684	-45.3614	12.8311	0	0	0	86538188	2	0	0	0	296.47565	15.998049	7.463637e-09	9.784848e-10	-1790.667	7.7091023e+08	5.4044743e+08	2.0118838	8.255252	1.8457978	6531	234	313	69	84	2328	9	0	0	16.997457	0	7.173468	0	0	0	0	0	0	297.846	-5.22782e-13	296.487	7.47417e-09	9.76024e-10	0	39	23406973	23406973
7.175	15.994539	-45.3645	12.831	0	0	0	86538191	2	0	0	0	297.73262	15.998049	7.424759e-09	9.754331e-10	-1790.667	7.7091023e+08	5.3878825e+08	2.0121808	8.4474	1.8422038	6451	235	278	71	67	2328	5	0	0	16.997457	0	7.173468	0	0	0	0	0	0	297.846	-5.22782e-13	297.096	7.40273e-09	9.76202e-10	0	35	23283768	23283768
7.1755	15.993394	-45.3677	12.8309	0	0	0	86538196	2	0	0	0	297.68504	15.995549	7.512462e-09	9.824852e-10	-1790.667	7.7091023e+08	5.427101e+08	2.0121466	8.2922946	1.8452934	6542	258	323	72	89	2270	7	0	0	16.997457	0	7.1745599	0	0	0	0	0	0	297.846	-5.22782e-13	297.713	7.46021e-09	9.7881e-10	0	31	23557510	23557510
7.176	15.992254	-45.3708	12.8308	0	0	0	86538200	2	0	0	0	297.66016	15.995549	7.441074e-09	9.742465e-10	-1790.667	7.7091023e+08	5.3818552e+08	2.0121165	8.0338729	1.8504656	6566	224	314	87	82	2379	5	0	0	16.997457	0	7.1745599	0	0	0	0	0	0	297.846	-5.22782e-13	297.67	7.46807e-09	9.80267e-10	0	31	23332372	23332372
7.1765	15.991109	-45.374	12.8307	0	0	0	86538203	2	0	0	0	297.63775	15.993049	7.467595e-09	9.797461e-10	-1790.667	7.7091023e+08	5.4125007e+08	2.0118202	8.2568175	1.8457078	6527	229	271	57	85	2394	0	0	0	16.997457	0	7.1756521	0	0	0	0	0	0	297.846	-5.22782e-13	297.642	7.43892e-09	9.78099e-10	0	25	23414247	23414247
7.177	15.989964	-45.3772	12.8307	0	0	0	86538207	2	0	0	0	297.60728	15.993049	7.381537e-09	9.731487e-10	-1790.667	7.7091023e+08	5.3763175e+08	2.0117965	8.5133224	1.8405258	6608	224	309	67	91	2324	6	0	0	16.997457	0	7.1756521	0	0	0	0	0	0	297.846	-5.22782e-13	297.615	7.38851e-09	9.73393e-10	0	33	23143148	23143148
7.1775	15.988819	-45.3803	12.8306	0	0	0	86538210	2	0	0	0	297.58489	15.990549	7.394373e-09	9.775718e-10	-1790.667	7.7091023e+08	5.4010183e+08	2.0118429	8.2905083	1.8450509	6544	243	312	76	91	2316	6	0	0	16.997457	0	7.1767447	0	0	0	0	0	0	297.846	-5.22782e-13	297.589	7.40429e-09	9.7346e-10	0	26	23182121	23182121
7.178	15.987674	-45.3835	12.8305	0	0	0	86538214	2	0	0	0	297.55378	15.990549	7.361017e-09	9.691661e-10	-1790.667	7.7091023e+08	5.3548399e+08	2.0120474	8.2396788	1.8462611	6619	254	341	72	80	2359	6	0	0	16.997457	0	7.1767447	0	0	0	0	0	0	297.846	-5.22782e-13	297.564	7.3869e-09	9.71021e-10	0	36	23076282	23076282
7.1785	15.986534	-45.3866	12.8304	0	0	0	86538217	2	0	0	0	297.52959	15.988049	7.396107e-09	9.722925e-10	-1790.667	7.7091023e+08	5.3723773e+08	2.0118621	8.3509979	1.8438515	6545	242	301	88	100	2333	4	0	0	16.997457	0	7.1778376	0	0	0	0	0	0	297.846	-5.22782e-13	297.533	7.39783e-09	9.70386e-10	0	12	23185015	23185015
7.179	15.985389	-45.3898	12.8303	0	0	0	86538221	2	0	0	0	297.49885	15.988049	7.454396e-09	9.789431e-10	-1790.667	7.7091023e+08	5.4093903e+08	2.012184	8.4241044	1.8426755	6664	242	316	76	77	2458	8	0	0	16.997457	0	7.1778376	0	0	0	0	0	0	297.846	-5.22782e-13	297.511	7.43886e-09	9.74311e-10	0	32	23366456	23366456
7.1795	15.984249	-45.393	12.8302	0	0	0	86538224	2	0	0	0	297.47303	15.985549	7.386053e-09	9.725376e-10	-1790.667	7.7091023e+08	5.3742588e+08	2.011935	8.4161445	1.8426077	6761	236	323	66	77	2494	8	0	0	16.997457	0	7.1789309	0	0	0	0	0	0	297.846	-5.22782e-13	297.478	7.39864e-09	9.75692e-10	0	41	23150960	23150960
7.18	15.983104	-45.3961	12.8301	0	0	0	86538227	2	0	0	0	297.44305	15.985549	7.397762e-09	9.71248e-10	-1790.667	7.7091023e+08	5.3673959e+08	2.0122659	8.3295552	1.8446531	6636	249	293	69	83	2434	7	0	0	16.997457	0	7.1789309	0	0	0	0	0	0	297.846	-5.22782e-13	297.456	7.41079e-09	9.75956e-10	0	38	23186391	23186391
7.1805	15.981959	-45.3993	12.8301	0	0	0	86538231	2	0	0	0	297.42115	15.985549	7.368371e-09	9.679972e-10	-1790.667	7.7091023e+08	5.3496936e+08	2.0120326	8.3287396	1.8444557	6582	251	299	56	79	2482	1	0	0	16.997457	0	7.1789309	0	0	0	0	0	0	297.846	-5.22782e-13	297.428	7.37788e-09	9.7174e-10	0	27	23093007	23093007
7.181	15.980819	-45.4024	12.83	0	0	0	86538234	2	0	0	0	297.39748	15.983049	7.298294e-09	9.706262e-10	-1790.667	7.7091023e+08	5.3644863e+08	2.0122419	7.9420908	1.8524278	6723	242	317	83	96	2480	3	0	0	16.997457	0	7.1800245	0	0	0	0	0	0	297.846	-5.22782e-13	297.402	7.28464e-09	9.69121e-10	0	45	22872127	22872127
7.1815	15.979674	-45.4056	12.8299	0	0	0	86538238	2	0	0	0	297.36541	15.983049	7.295863e-09	9.654215e-10	-1790.667	7.7091023e+08	5.3359829e+08	2.0119165	8.171043	1.8475219	6659	236	311	68	84	2442	5	0	0	16.997457	0	7.1800245	0	0	0	0	0	0	297.846	-5.22782e-13	297.378	7.31215e-09	9.67047e-10	0	29	22863256	22863256
7.182	15.978534	-45.4088	12.8298	0	0	0	86538241	2	0	0	0	297.34459	15.980549	7.29904e-09	9.715038e-10	-1790.667	7.7091023e+08	5.3698642e+08	2.0121965	8.3186469	1.844809	6624	248	302	82	81	2470	3	0	0	16.997457	0	7.1811185	0	0	0	0	0	0	297.846	-5.22782e-13	297.348	7.28789e-09	9.66261e-10	0	27	22871959	22871959
7.1825	15.977394	-45.4119	12.8297	0	0	0	86538245	2	0	0	0	297.31086	15.980549	7.297086e-09	9.683454e-10	-1790.667	7.7091023e+08	5.3526695e+08	2.0118112	8.2036485	1.8467693	6674	252	338	78	96	2488	11	0	0	16.997457	0	7.1811185	0	0	0	0	0	0	297.846	-5.22782e-13	297.322	7.27583e-09	9.63972e-10	0	29	22864583	22864583
7.183	15.976249	-45.4151	12.8296	0	0	0	86538248	2	0	0	0	297.28609	15.978049	7.249543e-09	9.598189e-10	-1790.667	7.7091023e+08	5.3057988e+08	2.0120154	7.7817935	1.8554445	6574	222	299	74	80	2473	7	0	0	16.997457	0	7.1822128	0	0	0	0	0	0	297.846	-5.22782e-13	297.291	7.26877e-09	9.64052e-10	0	34	22714369	22714369
7.1835	15.975109	-45.4183	12.8295	0	0	0	86538251	2	0	0	0	297.256	15.978049	7.271218e-09	9.650307e-10	-1790.667	7.7091023e+08	5.3348715e+08	2.0120291	8.1455521	1.8481382	6565	237	308	61	82	2416	6	0	0	16.997457	0	7.1822128	0	0	0	0	0	0	297.846	-5.22782e-13	297.268	7.25544e-09	9.64071e-10	0	40	22781034	22781034
7.184	15.973969	-45.4214	12.8294	0	0	0	86538257	2	0	0	0	297.21867	15.975549	7.222486e-09	9.599042e-10	-1790.667	7.7091023e+08	5.3067922e+08	2.0118883	8.0584354	1.8497616	6623	238	308	57	98	2438	9	0	0	16.997457	0	7.1833074	0	0	0	0	0	0	297.846	-5.22782e-13	297.236	7.25297e-09	9.63579e-10	0	17	22627115	22627115
7.1845	15.972824	-45.4246	12.8294	0	0	0	86538260	2	0	0	0	297.19481	15.975549	7.239123e-09	9.664873e-10	-1790.667	7.7091023e+08	5.3434495e+08	2.0120608	8.4204851	1.8426355	6584	220	315	58	87	2419	4	0	0	16.997457	0	7.1833074	0	0	0	0	0	0	297.846	-5.22782e-13	297.198	7.25235e-09	9.61148e-10	0	35	22677995	22677995
7.185	15.971684	-45.4277	12.8293	0	0	0	86538264	2	0	0	0	297.16129	15.973049	7.278846e-09	9.672441e-10	-1790.667	7.7091023e+08	5.3478967e+08	2.0122582	8.1832042	1.847591	6604	210	285	61	82	2422	4	0	0	16.997457	0	7.1844024	0	0	0	0	0	0	297.846	-5.22782e-13	297.174	7.26796e-09	9.64584e-10	0	36	22801187	22801187
7.1855	15.970544	-45.4309	12.8292	0	0	0	86538267	2	0	0	0	297.13775	15.973049	7.222393e-09	9.617231e-10	-1790.667	7.7091023e+08	5.3176328e+08	2.0121411	8.3755557	1.8436131	6604	239	304	68	77	2396	6	0	0	16.997457	0	7.1844024	0	0	0	0	0	0	297.846	-5.22782e-13	297.143	7.26846e-09	9.65839e-10	0	36	22623108	22623108
7.186	15.969404	-45.4341	12.8291	0	0	0	86538270	2	0	0	0	297.10714	15.973049	7.256794e-09	9.634995e-10	-1790.667	7.7091023e+08	5.3277173e+08	2.0121555	8.1560614	1.8480429	6705	259	327	72	83	2486	5	0	0	16.997457	0	7.1844024	0	0	0	0	0	0	297.846	-5.22782e-13	297.119	7.22691e-09	9.62449e-10	0	31	22729621	22729621
7.1865	15.968259	-45.4372	12.829	0	0	0	86538274	2	0	0	0	297.08374	15.970549	7.233201e-09	9.626753e-10	-1790.667	7.7091023e+08	5.323422e+08	2.0122365	8.2549979	1.8461264	6523	207	258	68	70	2434	2	0	0	16.997457	0	7.1854978	0	0	0	0	0	0	297.846	-5.22782e-13	297.087	7.23838e-09	9.64751e-10	0	34	22654483	22654483
7.187	15.967119	-45.4404	12.8289	0	0	0	86538277	2	0	0	0	297.06078	15.970549	7.221594e-09	9.61581e-10	-1790.667	7.7091023e+08	5.3176326e+08	2.0119677	8.6827478	1.8372736	6752	244	317	79	91	2495	1	0	0	16.997457	0	7.1854978	0	0	0	0	0	0	297.846	-5.22782e-13	297.065	7.2058e-09	9.60368e-10	0	35	22616892	22616892
7.1875	15.965979	-45.4435	12.8288	0	0	0	86538281	2	0	0	0	297.02929	15.968049	7.127245e-09	9.530439e-10	-1790.667	7.7091023e+08	5.2706814e+08	2.0119107	8.560364	1.8396838	6501	246	363	72	91	2259	6	0	0	16.997457	0	7.1865935	0	0	0	0	0	0	297.846	-5.22782e-13	297.036	7.16321e-09	9.54979e-10	0	24	22320185	22320185
7.188	15.964839	-45.4467	12.8288	0	0	0	86538284	2	0	0	0	297.00337	15.968049	7.093043e-09	9.541665e-10	-1790.667	7.7091023e+08	5.2771498e+08	2.0119066	8.0698937	1.8495478	6529	259	295	67	90	2360	5	0	0	16.997457	0	7.1865935	0	0	0	0	0	0	297.846	-5.22782e-13	297.009	7.12076e-09	9.51878e-10	0	38	22211860	22211860
7.1885	15.963699	-45.4499	12.8287	0	0	0	86538288	2	0	0	0	296.97466	15.965549	7.12734e-09	9.536762e-10	-1790.667	7.7091023e+08	5.2746982e+08	2.0118602	8.7822088	1.8351744	6458	241	287	63	83	2369	3	0	0	16.997457	0	7.1876895	0	0	0	0	0	0	297.846	-5.22782e-13	296.987	7.10592e-09	9.52713e-10	0	36	22318041	22318041
7.189	15.962559	-45.453	12.8286	0	0	0	86538291	2	0	0	0	296.95081	15.965549	7.05958e-09	9.480345e-10	-1790.667	7.7091023e+08	5.243753e+08	2.0118726	8.3447827	1.8439862	6520	230	311	76	88	2381	6	0	0	16.997457	0	7.1876895	0	0	0	0	0	0	297.846	-5.22782e-13	296.956	7.09149e-09	9.53013e-10	0	22	22104653	22104653
7.1895	15.961419	-45.4562	12.8285	0	0	0	86538294	2	0	0	0	296.92914	15.963049	7.066102e-09	9.500596e-10	-1790.667	7.7091023e+08	5.2552134e+08	2.0122234	7.9678153	1.8518931	6452	233	307	56	79	2358	5	0	0	16.997457	0	7.1887859	0	0	0	0	0	0	297.846	-5.22782e-13	296.933	7.05228e-09	9.49789e-10	0	22	22123864	22123864
7.19	15.960279	-45.4594	12.8284	0	0	0	86538298	2	0	0	0	296.89801	15.963049	7.018311e-09	9.473311e-10	-1790.667	7.7091023e+08	5.2403793e+08	2.0121075	8.6453909	1.838153	6445	244	283	71	66	2340	4	0	0	16.997457	0	7.1887859	0	0	0	0	0	0	297.846	-5.22782e-13	296.906	7.03942e-09	9.49578e-10	0	30	21973030	21973030
7.1905	15.959139	-45.4625	12.8283	0	0	0	86538301	2	0	0	0	296.87485	15.960549	7.088552e-09	9.541274e-10	-1790.667	7.7091023e+08	5.2782351e+08	2.011865	8.0984839	1.8489344	6322	277	297	44	79	2314	5	0	0	16.997457	0	7.1898826	0	0	0	0	0	0	297.846	-5.22782e-13	296.879	7.06358e-09	9.49876e-10	0	27	22191728	22191728
7.191	15.958004	-45.4657	12.8282	0	0	0	86538305	2	0	0	0	296.84342	15.960549	7.044765e-09	9.464962e-10	-1790.667	7.7091023e+08	5.2362777e+08	2.0119366	8.5083554	1.8407539	6495	244	323	60	63	2377	5	0	0	16.997457	0	7.1898826	0	0	0	0	0	0	297.846	-5.22782e-13	296.854	7.05047e-09	9.49536e-10	0	42	22053441	22053441
7.1915	15.956864	-45.4688	12.8282	0	0	0	86538308	2	0	0	0	296.81912	15.960422	7.057015e-09	9.508199e-10	-1790.667	7.7091023e+08	5.2604573e+08	2.012135	8.3703805	1.8437117	6578	273	286	78	79	2397	2	0	0	16.997457	0	7.1899383	0	0	0	0	0	0	297.846	-5.22782e-13	296.823	7.0387e-09	9.47483e-10	0	27	22090581	22090581
7.192	15.955724	-45.472	12.8281	0	0	0	86538312	2	0	0	0	296.78816	15.958049	7.082331e-09	9.419274e-10	-1790.667	7.7091023e+08	5.2115165e+08	2.0118077	8.0678249	1.8494986	6447	228	308	61	64	2352	5	0	0	16.997457	0	7.1909797	0	0	0	0	0	0	297.846	-5.22782e-13	296.8	7.06976e-09	9.46277e-10	0	31	22168616	22168616
