# Scan number: 10
# Command: ascan monoE 7.092 7.192 200 2
# Date: Fri Jul 26 11:11:57 2024
# date: Fri Jul 26 11:11:57 2024
monoE	monobr	cr2latr	cr2vetr	H	K	L	Epoch	sec	no1	no2	izero	RCur	enc_det	K1_1	K1_2	"Counter 8"	"Counter 9"	ionch1	mcaRt	mcaDt	mcaLt	mca	roi1	roi2	roi3	roi4	roi5	roi6	ctm	ctran	LST1	LST2	E_det	mcaLt1	mcaLt2	mcaLt3	mcaLt4	mcaLt5	mcaLt6	mcaLt7	mcaLt8	AS_RC	AS_DM	AS_IC	AS_IC1	cyber	diode1	diode1
7.092	16.186844	-44.8397	12.8456	0	0	0	86555001	2	0	0	0	297.03196	16.190451	8.054176e-09	1.171847e-09	-1790.667	7.7091023e+08	6.4215827e+08	2.0122445	6.6354084	1.8787238	4608	297	416	70	95	193	2	0	0	16.997457	0	7.0904616	0	0	0	0	0	0	297.846	-5.22782e-13	297.043	8.08963e-09	1.17152e-09	0	39	25490752	25490752
7.0925	16.185669	-44.8429	12.8455	0	0	0	86555005	2	0	0	0	297.00742	16.187951	8.148948e-09	1.170495e-09	-1790.667	7.7091023e+08	6.4144738e+08	2.012047	7.2473375	1.8662272	4432	300	414	70	86	196	1	0	0	16.997457	0	7.0915273	0	0	0	0	0	0	297.846	-5.22782e-13	297.015	8.10303e-09	1.17238e-09	0	18	25789257	25789257
7.093	16.184499	-44.8461	12.8454	0	0	0	86555008	2	0	0	0	296.98306	16.187951	8.136791e-09	1.173294e-09	-1790.667	7.7091023e+08	6.4301133e+08	2.0120422	7.4146992	1.8628554	4613	310	415	88	81	209	0	0	0	16.997457	0	7.0915273	0	0	0	0	0	0	297.846	-5.22782e-13	296.988	8.13595e-09	1.17085e-09	0	31	25749346	25749346
7.0935	16.183324	-44.8492	12.8453	0	0	0	86555012	2	0	0	0	296.95342	16.185451	8.104507e-09	1.176787e-09	-1790.667	7.7091023e+08	6.449558e+08	2.0121965	7.0953707	1.8694237	4610	318	389	70	84	204	1	0	0	16.997457	0	7.0925934	0	0	0	0	0	0	297.846	-5.22782e-13	296.965	8.10767e-09	1.17252e-09	0	33	25645749	25645749
7.094	16.182154	-44.8524	12.8452	0	0	0	86555015	2	0	0	0	296.93044	16.185451	8.069861e-09	1.168205e-09	-1790.667	7.7091023e+08	6.4028226e+08	2.0121725	7.6997932	1.8572394	4536	298	405	72	78	212	5	0	0	16.997457	0	7.0925934	0	0	0	0	0	0	297.846	-5.22782e-13	296.934	8.11216e-09	1.17106e-09	0	30	25534691	25534691
7.0945	16.180979	-44.8555	12.8451	0	0	0	86555019	2	0	0	0	296.89702	16.182951	8.088342e-09	1.171426e-09	-1790.667	7.7091023e+08	6.4207771e+08	2.0121296	7.003032	1.8712195	4437	287	403	80	85	167	0	0	0	16.997457	0	7.0936598	0	0	0	0	0	0	297.846	-5.22782e-13	296.909	8.11689e-09	1.17146e-09	0	25	25591740	25591740
7.095	16.179809	-44.8587	12.8451	0	0	0	86555022	2	0	0	0	296.87463	16.182951	8.05812e-09	1.166105e-09	-1790.667	7.7091023e+08	6.391911e+08	2.0118893	6.931626	1.8724326	4484	282	433	63	86	203	1	0	0	16.997457	0	7.0936598	0	0	0	0	0	0	297.846	-5.22782e-13	296.878	8.0866e-09	1.16899e-09	0	34	25494693	25494693
7.0955	16.178639	-44.8619	12.845	0	0	0	86555025	2	0	0	0	296.84391	16.180451	8.037091e-09	1.165841e-09	-1790.667	7.7091023e+08	6.3907632e+08	2.0121437	7.0279832	1.8707306	4467	277	388	72	87	213	3	0	0	16.997457	0	7.0947265	0	0	0	0	0	0	297.846	-5.22782e-13	296.857	8.09357e-09	1.16451e-09	0	27	25426742	25426742
7.096	16.177469	-44.865	12.8449	0	0	0	86555029	2	0	0	0	296.82136	16.180451	8.096954e-09	1.167061e-09	-1790.667	7.7091023e+08	6.3977505e+08	2.011905	7.1683545	1.8676845	4701	314	437	71	91	216	2	0	0	16.997457	0	7.0947265	0	0	0	0	0	0	297.846	-5.22782e-13	296.825	8.07818e-09	1.16269e-09	0	28	25614699	25614699
7.0965	16.176294	-44.8682	12.8448	0	0	0	86555032	2	0	0	0	296.79963	16.177951	8.136844e-09	1.163681e-09	-1790.667	7.7091023e+08	6.3795204e+08	2.0118301	7.2149234	1.8666781	4553	301	407	71	81	219	2	0	0	16.997457	0	7.0957936	0	0	0	0	0	0	297.846	-5.22782e-13	296.803	8.07949e-09	1.16331e-09	0	22	25739455	25739455
7.097	16.175124	-44.8714	12.8447	0	0	0	86555036	2	0	0	0	296.76567	16.177951	8.179612e-09	1.168189e-09	-1790.667	7.7091023e+08	6.4045343e+08	2.0057827	7.1605922	1.8621568	4429	285	371	71	99	162	4	0	0	16.997457	0	7.0957936	0	0	0	0	0	0	297.846	-5.22782e-13	296.774	8.1472e-09	1.16501e-09	0	22	25873301	25873301
7.0975	16.173954	-44.8745	12.8446	0	0	0	86555039	2	0	0	0	296.74331	16.175451	8.155201e-09	1.163205e-09	-1790.667	7.7091023e+08	6.3775087e+08	2.0120726	7.5641802	1.8598758	4571	269	431	68	92	215	0	0	0	16.997457	0	7.096861	0	0	0	0	0	0	297.846	-5.22782e-13	296.747	8.13426e-09	1.16456e-09	0	36	25794646	25794646
7.098	16.172784	-44.8777	12.8445	0	0	0	86555043	2	0	0	0	296.71102	16.175451	8.161102e-09	1.166464e-09	-1790.667	7.7091023e+08	6.3956767e+08	2.0120243	7.2477533	1.8661978	4551	318	432	69	102	204	4	0	0	16.997457	0	7.096861	0	0	0	0	0	0	297.846	-5.22782e-13	296.724	8.14751e-09	1.16491e-09	0	30	25811871	25811871
7.0985	16.171614	-44.8808	12.8444	0	0	0	86555046	2	0	0	0	296.68979	16.175451	8.162502e-09	1.163196e-09	-1790.667	7.7091023e+08	6.3780576e+08	2.011921	7.5199137	1.8606262	4709	290	422	60	86	221	3	0	0	16.997457	0	7.096861	0	0	0	0	0	0	297.846	-5.22782e-13	296.694	8.13636e-09	1.1658e-09	0	21	25814859	25814859
7.099	16.170444	-44.884	12.8443	0	0	0	86555049	2	0	0	0	296.66687	16.172951	8.166129e-09	1.157181e-09	-1790.667	7.7091023e+08	6.3453737e+08	2.0118925	7.5933601	1.8591222	4504	326	405	66	82	227	2	0	0	16.997457	0	7.0979287	0	0	0	0	0	0	297.846	-5.22782e-13	296.671	8.13486e-09	1.16049e-09	0	41	25824890	25824890
7.0995	16.169274	-44.8872	12.8443	0	0	0	86555053	2	0	0	0	296.6361	16.172951	8.185605e-09	1.162265e-09	-1790.667	7.7091023e+08	6.3735508e+08	2.0119318	6.9631623	1.8718378	4569	294	408	64	71	223	3	0	0	16.997457	0	7.0979287	0	0	0	0	0	0	297.846	-5.22782e-13	296.647	8.18225e-09	1.16041e-09	0	36	25885038	25885038
7.1	16.168104	-44.8903	12.8442	0	0	0	86555056	2	0	0	0	296.61298	16.170451	8.182717e-09	1.160796e-09	-1790.667	7.7091023e+08	6.3657941e+08	2.0120266	7.1403908	1.86836	4591	288	425	78	96	191	2	0	0	16.997457	0	7.0989967	0	0	0	0	0	0	297.846	-5.22782e-13	296.616	8.19505e-09	1.15842e-09	0	23	25874463	25874463
7.1005	16.166934	-44.8935	12.8441	0	0	0	86555060	2	0	0	0	296.58126	16.170451	8.207383e-09	1.160164e-09	-1790.667	7.7091023e+08	6.362627e+08	2.0120061	6.9612672	1.871945	4697	327	380	60	103	211	0	0	0	16.997457	0	7.0989967	0	0	0	0	0	0	297.846	-5.22782e-13	296.594	8.21736e-09	1.15932e-09	0	26	25951012	25951012
7.101	16.165764	-44.8966	12.844	0	0	0	86555063	2	0	0	0	296.55789	16.167951	8.282839e-09	1.154996e-09	-1790.667	7.7091023e+08	6.3345819e+08	2.0122387	7.4011577	1.8633098	4468	275	428	70	75	244	1	0	0	16.997457	0	7.1000651	0	0	0	0	0	0	297.846	-5.22782e-13	296.562	8.27819e-09	1.15819e-09	0	28	26188137	26188137
7.1015	16.164594	-44.8998	12.8439	0	0	0	86555067	2	0	0	0	296.52747	16.167951	8.369561e-09	1.159316e-09	-1790.667	7.7091023e+08	6.3585738e+08	2.0117965	7.2254625	1.8664349	4575	280	414	65	100	208	3	0	0	16.997457	0	7.1000651	0	0	0	0	0	0	297.846	-5.22782e-13	296.54	8.3359e-09	1.15681e-09	0	39	26460854	26460854
7.102	16.163424	-44.903	12.8438	0	0	0	86555070	2	0	0	0	296.50494	16.165451	8.32679e-09	1.153472e-09	-1790.667	7.7091023e+08	6.3268182e+08	2.0119891	7.2781785	1.865553	4598	313	404	67	85	212	3	0	0	16.997457	0	7.1011339	0	0	0	0	0	0	297.846	-5.22782e-13	296.509	8.35569e-09	1.15686e-09	0	36	26324164	26324164
7.1025	16.162254	-44.9061	12.8437	0	0	0	86555073	2	0	0	0	296.47354	16.165451	8.34876e-09	1.159432e-09	-1790.667	7.7091023e+08	6.3598079e+08	2.0118371	7.335226	1.8642643	4385	313	379	66	97	212	4	0	0	16.997457	0	7.1011339	0	0	0	0	0	0	297.846	-5.22782e-13	296.485	8.36942e-09	1.15824e-09	0	29	26392149	26392149
7.103	16.161089	-44.9093	12.8436	0	0	0	86555077	2	0	0	0	296.4507	16.162951	8.428113e-09	1.150443e-09	-1790.667	7.7091023e+08	6.3107975e+08	2.0121334	7.1386279	1.8684947	4576	315	410	77	86	195	4	0	0	16.997457	0	7.1022029	0	0	0	0	0	0	297.846	-5.22782e-13	296.454	8.40627e-09	1.1546e-09	0	30	26641516	26641516
7.1035	16.159919	-44.9124	12.8435	0	0	0	86555080	2	0	0	0	296.42705	16.162951	8.538134e-09	1.154609e-09	-1790.667	7.7091023e+08	6.3339482e+08	2.0118659	7.005954	1.8709155	4601	328	409	82	91	222	4	0	0	16.997457	0	7.1022029	0	0	0	0	0	0	297.846	-5.22782e-13	296.431	8.41246e-09	1.15392e-09	0	33	26987792	26987792
7.104	16.158749	-44.9156	12.8435	0	0	0	86555084	2	0	0	0	296.61658	16.160451	8.488833e-09	1.161924e-09	-1790.667	7.7091023e+08	6.3743767e+08	2.0121885	7.3173742	1.8649491	4498	316	443	80	96	218	0	0	0	16.997457	0	7.1032723	0	0	0	0	0	0	297.846	-5.22782e-13	296.628	8.48662e-09	1.15705e-09	0	29	26830464	26830464
7.1045	16.157579	-44.9188	12.8434	0	0	0	86555087	2	0	0	0	296.59394	16.160451	8.526804e-09	1.153774e-09	-1790.667	7.7091023e+08	6.3299633e+08	2.0122502	7.2714773	1.8659299	4547	287	407	70	84	208	5	0	0	16.997457	0	7.1032723	0	0	0	0	0	0	297.846	-5.22782e-13	296.598	8.48837e-09	1.1564e-09	0	36	26948977	26948977
7.105	16.156414	-44.9219	12.8433	0	0	0	86555091	2	0	0	0	296.5626	16.157951	8.481432e-09	1.156534e-09	-1790.667	7.7091023e+08	6.3454042e+08	2.0120851	7.2735054	1.865736	4514	296	431	70	100	229	0	0	0	16.997457	0	7.1043421	0	0	0	0	0	0	297.846	-5.22782e-13	296.575	8.4728e-09	1.156e-09	0	46	26804086	26804086
7.1055	16.155244	-44.9251	12.8432	0	0	0	86555096	2	0	0	0	296.5247	16.157951	8.493519e-09	1.152456e-09	-1790.667	7.7091023e+08	6.3233278e+08	2.0122746	6.9631214	1.8721574	4560	298	391	70	102	233	1	0	0	16.997457	0	7.1043421	0	0	0	0	0	0	297.846	-5.22782e-13	296.543	8.47783e-09	1.15171e-09	0	36	26840790	26840790
7.106	16.154079	-44.9283	12.8431	0	0	0	86555099	2	0	0	0	296.49929	16.157951	8.455313e-09	1.150186e-09	-1790.667	7.7091023e+08	6.31117e+08	2.0121139	7.0754642	1.8697475	4518	326	426	63	89	255	4	0	0	16.997457	0	7.1043421	0	0	0	0	0	0	297.846	-5.22782e-13	296.504	8.47274e-09	1.15234e-09	0	32	26718565	26718565
7.1065	16.152909	-44.9314	12.843	0	0	0	86555102	2	0	0	0	296.47719	16.155451	8.483628e-09	1.153051e-09	-1790.667	7.7091023e+08	6.3271886e+08	2.0121987	7.4289919	1.8627126	4501	288	418	70	82	229	5	0	0	16.997457	0	7.1054122	0	0	0	0	0	0	297.846	-5.22782e-13	296.481	8.48639e-09	1.15302e-09	0	33	26806547	26806547
7.107	16.151744	-44.9346	12.8429	0	0	0	86555106	2	0	0	0	296.44693	16.155451	8.464923e-09	1.152456e-09	-1790.667	7.7091023e+08	6.3242217e+08	2.0120483	7.1835889	1.867511	4600	281	427	82	91	233	1	0	0	16.997457	0	7.1054122	0	0	0	0	0	0	297.846	-5.22782e-13	296.454	8.49409e-09	1.15152e-09	0	36	26745954	26745954
7.1075	16.150574	-44.9377	12.8428	0	0	0	86555109	2	0	0	0	296.42244	16.152951	8.527731e-09	1.143034e-09	-1790.667	7.7091023e+08	6.2728133e+08	2.0120237	7.5277205	1.8605642	4645	328	431	79	84	256	5	0	0	16.997457	0	7.1064826	0	0	0	0	0	0	297.846	-5.22782e-13	296.427	8.48414e-09	1.14754e-09	0	22	26942904	26942904
7.108	16.149409	-44.9409	12.8427	0	0	0	86555113	2	0	0	0	296.70943	16.152951	8.776844e-09	1.153124e-09	-1790.667	7.7091023e+08	6.3284842e+08	2.0121043	7.0902725	1.8694406	4502	282	399	61	87	227	3	0	0	16.997457	0	7.1064826	0	0	0	0	0	0	297.846	-5.22782e-13	296.72	8.76999e-09	1.14908e-09	0	29	27728419	27728419
7.1085	16.148239	-44.9441	12.8427	0	0	0	86555116	2	0	0	0	296.68509	16.150451	8.569916e-09	1.144834e-09	-1790.667	7.7091023e+08	6.2832841e+08	2.0120915	7.1314609	1.8686	4645	309	401	83	80	256	3	0	0	16.997457	0	7.1075533	0	0	0	0	0	0	297.846	-5.22782e-13	296.689	8.58328e-09	1.1465e-09	0	37	27073171	27073171
7.109	16.147074	-44.9472	12.8426	0	0	0	86555120	2	0	0	0	296.65472	16.150451	8.572592e-09	1.149541e-09	-1790.667	7.7091023e+08	6.3094157e+08	2.0122064	7.5049478	1.8611914	4691	321	444	70	97	243	1	0	0	16.997457	0	7.1075533	0	0	0	0	0	0	297.846	-5.22782e-13	296.667	8.55157e-09	1.14742e-09	0	30	27080118	27080118
7.1095	16.145909	-44.9504	12.8425	0	0	0	86555123	2	0	0	0	296.63118	16.147951	8.527817e-09	1.14283e-09	-1790.667	7.7091023e+08	6.2728775e+08	2.0120774	7.1506592	1.8682006	4517	290	410	62	88	255	2	0	0	16.997457	0	7.1086244	0	0	0	0	0	0	297.846	-5.22782e-13	296.634	8.55959e-09	1.14466e-09	0	37	26937179	26937179
7.11	16.144739	-44.9535	12.8424	0	0	0	86555126	2	0	0	0	296.59838	16.147951	8.60944e-09	1.147026e-09	-1790.667	7.7091023e+08	6.2962062e+08	2.0121046	7.2840426	1.8655421	4577	283	377	72	109	291	1	0	0	16.997457	0	7.1086244	0	0	0	0	0	0	297.846	-5.22782e-13	296.611	8.57009e-09	1.14613e-09	0	34	27193492	27193492
7.1105	16.143574	-44.9567	12.8423	0	0	0	86555130	2	0	0	0	296.57728	16.145451	8.613537e-09	1.145436e-09	-1790.667	7.7091023e+08	6.2877754e+08	2.0117978	6.9593954	1.8717888	4575	318	409	76	94	260	0	0	0	16.997457	0	7.1096958	0	0	0	0	0	0	297.846	-5.22782e-13	296.581	8.56614e-09	1.14333e-09	0	32	27204919	27204919
7.111	16.142409	-44.9599	12.8422	0	0	0	86555133	2	0	0	0	296.55144	16.145451	8.556107e-09	1.137723e-09	-1790.667	7.7091023e+08	6.2457305e+08	2.0120666	7.1294182	1.8686179	4642	293	386	79	94	306	4	0	0	16.997457	0	7.1096958	0	0	0	0	0	0	297.846	-5.22782e-13	296.556	8.56936e-09	1.14117e-09	0	14	27022029	27022029
7.1115	16.141244	-44.963	12.8421	0	0	0	86555137	2	0	0	0	296.52128	16.142951	8.602367e-09	1.14429e-09	-1790.667	7.7091023e+08	6.2820781e+08	2.0120995	7.4936095	1.8613206	4567	288	429	70	97	299	5	0	0	16.997457	0	7.1107676	0	0	0	0	0	0	297.846	-5.22782e-13	296.528	8.56798e-09	1.14105e-09	0	39	27166617	27166617
7.112	16.140074	-44.9662	12.842	0	0	0	86555140	2	0	0	0	296.49786	16.142951	8.611437e-09	1.135295e-09	-1790.667	7.7091023e+08	6.2329907e+08	2.012055	7.0308852	1.8705898	4640	282	425	90	105	273	4	0	0	16.997457	0	7.1107676	0	0	0	0	0	0	297.846	-5.22782e-13	296.502	8.56903e-09	1.13886e-09	0	34	27193748	27193748
7.1125	16.138909	-44.9694	12.8419	0	0	0	86555144	2	0	0	0	296.46813	16.140451	8.534936e-09	1.137389e-09	-1790.667	7.7091023e+08	6.2447825e+08	2.0122339	7.0274772	1.8708246	4818	320	393	94	102	390	2	0	0	16.997457	0	7.1118397	0	0	0	0	0	0	297.846	-5.22782e-13	296.479	8.55476e-09	1.1359e-09	0	36	26950670	26950670
7.113	16.137744	-44.9725	12.8419	0	0	0	86555147	2	0	0	0	296.44408	16.140451	8.519557e-09	1.130973e-09	-1790.667	7.7091023e+08	6.2098494e+08	2.0119638	7.4747109	1.8615754	4809	314	406	83	117	399	0	0	0	16.997457	0	7.1118397	0	0	0	0	0	0	297.846	-5.22782e-13	296.448	8.52541e-09	1.13477e-09	0	24	26900612	26900612
7.1135	16.136579	-44.9757	12.8418	0	0	0	86555151	2	0	0	0	298.1914	16.140451	8.556629e-09	1.136856e-09	-1790.667	7.7091023e+08	6.2424466e+08	2.0121632	6.9425621	1.8724675	4725	302	385	84	90	487	3	0	0	16.997457	0	7.1118397	0	0	0	0	0	0	297.846	-5.22782e-13	296.427	8.45153e-09	1.1342e-09	0	24	27016165	27016165
7.114	16.135414	-44.9788	12.8417	0	0	0	86555156	2	0	0	0	298.15466	16.137951	8.530748e-09	1.133744e-09	-1790.667	7.7091023e+08	6.2256533e+08	2.0121818	7.0247968	1.8708301	4755	284	368	67	84	515	2	0	0	16.997457	0	7.1129121	0	0	0	0	0	0	297.846	-5.22782e-13	298.173	8.55473e-09	1.13713e-09	0	34	26932953	26932953
7.1145	16.134249	-44.982	12.8416	0	0	0	86555159	2	0	0	0	298.12465	16.137951	8.479986e-09	1.132623e-09	-1790.667	7.7091023e+08	6.219792e+08	2.0119165	6.8108752	1.8748874	4890	295	413	73	115	579	2	0	0	16.997457	0	7.1129121	0	0	0	0	0	0	297.846	-5.22782e-13	298.135	8.52816e-09	1.13221e-09	0	33	26771201	26771201
7.115	16.133084	-44.9852	12.8415	0	0	0	86555163	2	0	0	0	298.09895	16.135451	8.547975e-09	1.131779e-09	-1790.667	7.7091023e+08	6.2154515e+08	2.011865	7.3513165	1.8639664	5084	325	397	89	103	593	2	0	0	16.997457	0	7.1139849	0	0	0	0	0	0	297.846	-5.22782e-13	298.107	8.53819e-09	1.12956e-09	0	24	26984342	26984342
7.1155	16.131919	-44.9883	12.8414	0	0	0	86555166	2	0	0	0	298.07632	16.135451	8.588867e-09	1.123496e-09	-1790.667	7.7091023e+08	6.1702555e+08	2.0122218	6.7758098	1.8758774	4955	284	402	58	87	632	3	0	0	16.997457	0	7.1139849	0	0	0	0	0	0	297.846	-5.22782e-13	298.08	8.56983e-09	1.12554e-09	0	31	27111923	27111923
7.116	16.130754	-44.9915	12.8413	0	0	0	86555170	2	0	0	0	298.04449	16.132951	8.573164e-09	1.129109e-09	-1790.667	7.7091023e+08	6.201376e+08	2.0117974	7.6977611	1.8569341	4970	290	387	74	96	578	1	0	0	16.997457	0	7.115058	0	0	0	0	0	0	297.846	-5.22782e-13	298.057	8.55983e-09	1.12498e-09	0	25	27060851	27060851
7.1165	16.129594	-44.9946	12.8412	0	0	0	86555173	2	0	0	0	298.02072	16.132951	8.609696e-09	1.120931e-09	-1790.667	7.7091023e+08	6.1567519e+08	2.0122506	7.525536	1.8608179	4829	277	374	75	92	578	2	0	0	16.997457	0	7.115058	0	0	0	0	0	0	297.846	-5.22782e-13	298.025	8.59432e-09	1.12266e-09	0	33	27174653	27174653
7.117	16.128429	-44.9978	12.8411	0	0	0	86555177	2	0	0	0	297.99065	16.130451	8.631993e-09	1.12613e-09	-1790.667	7.7091023e+08	6.1856008e+08	2.0120134	7.359919	1.8639309	4944	315	417	92	106	603	1	0	0	16.997457	0	7.1161314	0	0	0	0	0	0	297.846	-5.22782e-13	298.002	8.63623e-09	1.12207e-09	0	26	27243515	27243515
7.1175	16.127264	-45.001	12.8411	0	0	0	86555180	2	0	0	0	297.96781	16.130451	8.59395e-09	1.113612e-09	-1790.667	7.7091023e+08	6.117132e+08	2.0122621	7.2685721	1.8659994	4865	288	366	83	92	596	1	0	0	16.997457	0	7.1161314	0	0	0	0	0	0	297.846	-5.22782e-13	297.972	8.59061e-09	1.11663e-09	0	42	27121941	27121941
7.118	16.126099	-45.0041	12.841	0	0	0	86555183	2	0	0	0	297.94601	16.127951	8.607049e-09	1.11525e-09	-1790.667	7.7091023e+08	6.1264202e+08	2.0121469	7.3520359	1.8642131	4991	307	397	75	112	552	3	0	0	16.997457	0	7.1172052	0	0	0	0	0	0	297.846	-5.22782e-13	297.949	8.59545e-09	1.11454e-09	0	41	27161772	27161772
7.1185	16.124939	-45.0073	12.8409	0	0	0	86555187	2	0	0	0	297.91355	16.127951	8.624006e-09	1.113493e-09	-1790.667	7.7091023e+08	6.1170587e+08	2.012041	7.6510729	1.8580982	5012	294	400	81	100	642	5	0	0	16.997457	0	7.1172052	0	0	0	0	0	0	297.846	-5.22782e-13	297.925	8.61254e-09	1.11059e-09	0	35	27213773	27213773
7.119	16.123774	-45.0104	12.8408	0	0	0	86555190	2	0	0	0	297.88859	16.125451	8.623338e-09	1.103535e-09	-1790.667	7.7091023e+08	6.0626413e+08	2.0120947	7.3945147	1.8633101	5088	274	434	70	103	748	2	0	0	16.997457	0	7.1182793	0	0	0	0	0	0	297.846	-5.22782e-13	297.893	8.6116e-09	1.10929e-09	0	44	27210154	27210154
7.1195	16.122609	-45.0136	12.8407	0	0	0	86555194	2	0	0	0	297.85805	16.125451	8.601848e-09	1.114694e-09	-1790.667	7.7091023e+08	6.1242378e+08	2.0119795	7.1210586	1.8687053	5115	296	378	76	112	753	5	0	0	16.997457	0	7.1182793	0	0	0	0	0	0	297.846	-5.22782e-13	297.871	8.61536e-09	1.11051e-09	0	32	27140837	27140837
7.12	16.121449	-45.0168	12.8406	0	0	0	86555197	2	0	0	0	297.83454	16.122951	8.604573e-09	1.10705e-09	-1790.667	7.7091023e+08	6.0825297e+08	2.0121427	7.5657456	1.8599091	5231	276	366	78	104	861	5	0	0	16.997457	0	7.1193538	0	0	0	0	0	0	297.846	-5.22782e-13	297.839	8.60655e-09	1.11145e-09	0	43	27147928	27147928
7.1205	16.120284	-45.0199	12.8405	0	0	0	86555200	2	0	0	0	297.80557	16.122951	8.591783e-09	1.113557e-09	-1790.667	7.7091023e+08	6.1185721e+08	2.0120902	7.8516558	1.8541078	5316	283	380	81	92	1000	4	0	0	16.997457	0	7.1193538	0	0	0	0	0	0	297.846	-5.22782e-13	297.816	8.58802e-09	1.11064e-09	0	27	27106070	27106070
7.121	16.119119	-45.0231	12.8404	0	0	0	86555204	2	0	0	0	297.78138	16.122951	8.548589e-09	1.105356e-09	-1790.667	7.7091023e+08	6.0737993e+08	2.01204	7.8212362	1.8546736	5566	298	363	74	95	1118	5	0	0	16.997457	0	7.1193538	0	0	0	0	0	0	297.846	-5.22782e-13	297.785	8.55132e-09	1.10679e-09	0	36	26968301	26968301
7.1215	16.117959	-45.0263	12.8404	0	0	0	86555207	2	0	0	0	297.75923	16.120451	8.519365e-09	1.096232e-09	-1790.667	7.7091023e+08	6.0239502e+08	2.011944	7.7797314	1.8554202	5611	280	390	85	106	1213	5	0	0	16.997457	0	7.1204286	0	0	0	0	0	0	297.846	-5.22782e-13	297.762	8.52355e-09	1.10134e-09	0	31	26874616	26874616
7.122	16.116794	-45.0294	12.8403	0	0	0	86555211	2	0	0	0	297.72802	16.120451	8.453434e-09	1.10261e-09	-1790.667	7.7091023e+08	6.0592863e+08	2.0117907	8.1932817	1.846959	5810	281	377	88	86	1363	4	0	0	16.997457	0	7.1204286	0	0	0	0	0	0	297.846	-5.22782e-13	297.736	8.50057e-09	1.10219e-09	0	33	26665155	26665155
7.1225	16.115634	-45.0326	12.8402	0	0	0	86555216	2	0	0	0	297.68904	16.117951	8.483603e-09	1.094898e-09	-1790.667	7.7091023e+08	6.0171919e+08	2.0121782	7.9797941	1.8516106	5925	290	371	99	92	1471	4	0	0	16.997457	0	7.1215037	0	0	0	0	0	0	297.846	-5.22782e-13	297.708	8.47015e-09	1.09917e-09	0	33	26758834	26758834
7.123	16.114474	-45.0357	12.8401	0	0	0	86555220	2	0	0	0	297.65687	16.117951	8.460361e-09	1.1014e-09	-1790.667	7.7091023e+08	6.0532126e+08	2.0121795	8.0268623	1.8506646	6076	251	378	78	97	1693	6	0	0	16.997457	0	7.1215037	0	0	0	0	0	0	297.846	-5.22782e-13	297.668	8.46144e-09	1.09761e-09	0	24	26684044	26684044
7.1235	16.113309	-45.0389	12.84	0	0	0	86555223	2	0	0	0	297.63476	16.115451	8.499615e-09	1.094627e-09	-1790.667	7.7091023e+08	6.0162749e+08	2.0118064	8.4070913	1.842672	6247	317	383	72	93	1701	2	0	0	16.997457	0	7.1225792	0	0	0	0	0	0	297.846	-5.22782e-13	297.639	8.44404e-09	1.09905e-09	0	40	26806364	26806364
7.124	16.112149	-45.0421	12.8399	0	0	0	86555227	2	0	0	0	297.60336	16.115451	8.506813e-09	1.098185e-09	-1790.667	7.7091023e+08	6.0361176e+08	2.0120755	8.6548004	1.8379344	6481	308	361	102	94	1923	8	0	0	16.997457	0	7.1225792	0	0	0	0	0	0	297.846	-5.22782e-13	297.616	8.46701e-09	1.09659e-09	0	25	26827577	26827577
7.1245	16.110989	-45.0452	12.8398	0	0	0	86555230	2	0	0	0	297.57905	16.112951	8.71897e-09	1.095884e-09	-1790.667	7.7091023e+08	6.023757e+08	2.012096	8.5202933	1.8406595	6438	289	332	80	94	2036	8	0	0	16.997457	0	7.123655	0	0	0	0	0	0	297.846	-5.22782e-13	297.583	8.67373e-09	1.0961e-09	0	29	27495122	27495122
7.125	16.109824	-45.0484	12.8397	0	0	0	86555233	2	0	0	0	297.54785	16.112951	8.593705e-09	1.096749e-09	-1790.667	7.7091023e+08	6.0287987e+08	2.0120938	8.4456502	1.8421594	6874	290	385	66	93	2232	5	0	0	16.997457	0	7.123655	0	0	0	0	0	0	297.846	-5.22782e-13	297.56	8.58711e-09	1.0943e-09	0	28	27098599	27098599
7.1255	16.108664	-45.0515	12.8396	0	0	0	86555237	2	0	0	0	297.52512	16.110549	8.468021e-09	1.092957e-09	-1790.667	7.7091023e+08	6.0082403e+08	2.0121987	8.5400392	1.8403562	6756	241	359	84	99	2285	5	0	0	16.997457	0	7.1246891	0	0	0	0	0	0	297.846	-5.22782e-13	297.529	8.44777e-09	1.09291e-09	0	24	26700797	26700797
7.126	16.107504	-45.0547	12.8396	0	0	0	86555240	2	0	0	0	297.5036	16.110549	8.374432e-09	1.084418e-09	-1790.667	7.7091023e+08	5.9615835e+08	2.0119843	8.2495275	1.8460051	6950	278	363	81	103	2432	11	0	0	16.997457	0	7.1246891	0	0	0	0	0	0	297.846	-5.22782e-13	297.507	8.37368e-09	1.08984e-09	0	34	26404235	26404235
7.1265	16.106344	-45.0579	12.8395	0	0	0	86555244	2	0	0	0	297.47222	16.108049	8.356803e-09	1.088418e-09	-1790.667	7.7091023e+08	5.9838586e+08	2.0120115	8.8151861	1.834649	7217	269	380	84	100	2512	5	0	0	16.997457	0	7.1257655	0	0	0	0	0	0	297.846	-5.22782e-13	297.479	8.35356e-09	1.08719e-09	0	23	26347191	26347191
7.127	16.105184	-45.061	12.8394	0	0	0	86555247	2	0	0	0	297.44788	16.108049	8.351556e-09	1.083123e-09	-1790.667	7.7091023e+08	5.9550319e+08	2.0118342	8.2752583	1.8453498	7385	289	371	88	101	2737	7	0	0	16.997457	0	7.1257655	0	0	0	0	0	0	297.846	-5.22782e-13	297.452	8.33835e-09	1.0842e-09	0	26	26329188	26329188
7.1275	16.104019	-45.0642	12.8393	0	0	0	86555251	2	0	0	0	297.41606	16.108049	8.37402e-09	1.084151e-09	-1790.667	7.7091023e+08	5.9609681e+08	2.0120746	9.2494226	1.8259693	7347	263	345	80	90	2713	4	0	0	16.997457	0	7.1257655	0	0	0	0	0	0	297.846	-5.22782e-13	297.428	8.36139e-09	1.08352e-09	0	31	26398545	26398545
7.128	16.102859	-45.0674	12.8392	0	0	0	86555254	2	0	0	0	297.39539	16.105549	8.313172e-09	1.082022e-09	-1790.667	7.7091023e+08	5.949546e+08	2.0119709	9.2652474	1.8255568	7555	264	370	100	116	2830	8	0	0	16.997457	0	7.1268423	0	0	0	0	0	0	297.846	-5.22782e-13	297.399	8.36577e-09	1.08239e-09	0	27	26205274	26205274
7.1285	16.101699	-45.0705	12.8391	0	0	0	86555257	2	0	0	0	297.37197	16.105549	8.361908e-09	1.085489e-09	-1790.667	7.7091023e+08	5.9688942e+08	2.0120278	8.6379878	1.8382291	7534	280	361	85	95	2887	10	0	0	16.997457	0	7.1268423	0	0	0	0	0	0	297.846	-5.22782e-13	297.375	8.35724e-09	1.07891e-09	0	30	26357441	26357441
7.129	16.100539	-45.0737	12.839	0	0	0	86555261	2	0	0	0	297.33872	16.103049	8.329135e-09	1.081784e-09	-1790.667	7.7091023e+08	5.948805e+08	2.0120022	8.9222644	1.8324861	7715	270	344	90	93	3071	4	0	0	16.997457	0	7.1279195	0	0	0	0	0	0	297.846	-5.22782e-13	297.348	8.34364e-09	1.07895e-09	0	29	26252683	26252683
7.1295	16.099379	-45.0768	12.8389	0	0	0	86555264	2	0	0	0	297.31684	16.103049	8.32938e-09	1.08073e-09	-1790.667	7.7091023e+08	5.9432927e+08	2.0120624	8.8288634	1.8344202	7898	286	345	84	92	3162	6	0	0	16.997457	0	7.1279195	0	0	0	0	0	0	297.846	-5.22782e-13	297.321	8.34923e-09	1.08012e-09	0	28	26252001	26252001
7.13	16.098219	-45.08	12.8389	0	0	0	86555268	2	0	0	0	297.28595	16.100549	8.350167e-09	1.081839e-09	-1790.667	7.7091023e+08	5.9496755e+08	2.0120547	9.2702528	1.8255322	8089	273	361	84	92	3357	4	0	0	16.997457	0	7.128997	0	0	0	0	0	0	297.846	-5.22782e-13	297.296	8.33061e-09	1.08059e-09	0	27	26316058	26316058
7.1305	16.097064	-45.0832	12.8388	0	0	0	86555271	2	0	0	0	297.26071	16.100549	8.29553e-09	1.080053e-09	-1790.667	7.7091023e+08	5.940137e+08	2.0118243	9.414834	1.8224144	8147	267	325	89	89	3398	2	0	0	16.997457	0	7.128997	0	0	0	0	0	0	297.846	-5.22782e-13	297.265	8.32931e-09	1.08014e-09	0	28	26142418	26142418
7.131	16.095904	-45.0863	12.8387	0	0	0	86555274	2	0	0	0	297.23781	16.098049	8.342766e-09	1.081155e-09	-1790.667	7.7091023e+08	5.9464819e+08	2.0119606	9.7214307	1.8163693	8339	272	356	99	101	3517	10	0	0	16.997457	0	7.1300748	0	0	0	0	0	0	297.846	-5.22782e-13	297.242	8.31891e-09	1.08211e-09	0	30	26289821	26289821
7.1315	16.094744	-45.0895	12.8386	0	0	0	86555278	2	0	0	0	297.20997	16.098049	8.336524e-09	1.081977e-09	-1790.667	7.7091023e+08	5.9512874e+08	2.0058467	9.641973	1.8124435	8264	291	361	87	84	3436	15	0	0	16.997457	0	7.1300748	0	0	0	0	0	0	297.846	-5.22782e-13	297.216	8.32423e-09	1.07971e-09	0	36	26268696	26268696
7.132	16.093584	-45.0926	12.8385	0	0	0	86555281	2	0	0	0	297.18554	16.095549	8.344585e-09	1.075605e-09	-1790.667	7.7091023e+08	5.9165218e+08	2.0120125	9.0085803	1.8307587	8275	265	350	82	104	3552	15	0	0	16.997457	0	7.131153	0	0	0	0	0	0	297.846	-5.22782e-13	297.189	8.29939e-09	1.07909e-09	0	36	26292641	26292641
7.1325	16.092424	-45.0958	12.8384	0	0	0	86555285	2	0	0	0	297.15351	16.095549	8.29835e-09	1.08067e-09	-1790.667	7.7091023e+08	5.9446668e+08	2.0119475	9.2779836	1.8252794	8513	296	336	82	105	3613	13	0	0	16.997457	0	7.131153	0	0	0	0	0	0	297.846	-5.22782e-13	297.162	8.33674e-09	1.0778e-09	0	32	26145513	26145513
7.133	16.091269	-45.099	12.8383	0	0	0	86555288	2	0	0	0	297.13051	16.093049	8.375174e-09	1.073865e-09	-1790.667	7.7091023e+08	5.9075157e+08	2.0121296	9.0625733	1.8297789	8327	278	345	112	96	3450	8	0	0	16.997457	0	7.1322315	0	0	0	0	0	0	297.846	-5.22782e-13	297.135	8.33203e-09	1.07563e-09	0	26	26386100	26386100
7.1335	16.090109	-45.1021	12.8382	0	0	0	86555292	2	0	0	0	297.09838	16.093049	8.370201e-09	1.076977e-09	-1790.667	7.7091023e+08	5.9249188e+08	2.0121168	9.4595224	1.8217802	8258	271	362	101	95	3478	10	0	0	16.997457	0	7.1322315	0	0	0	0	0	0	297.846	-5.22782e-13	297.11	8.37693e-09	1.07274e-09	0	41	26368973	26368973
7.134	16.088949	-45.1053	12.8381	0	0	0	86555295	2	0	0	0	297.07611	16.090549	8.362349e-09	1.074277e-09	-1790.667	7.7091023e+08	5.9103478e+08	2.0119363	8.8842891	1.8331901	7963	276	344	93	112	3299	7	0	0	16.997457	0	7.1333103	0	0	0	0	0	0	297.846	-5.22782e-13	297.08	8.3752e-09	1.0718e-09	0	25	26342779	26342779
7.1345	16.087794	-45.1084	12.8381	0	0	0	86555298	2	0	0	0	297.04337	16.090549	8.402921e-09	1.066569e-09	-1790.667	7.7091023e+08	5.8682216e+08	2.0121171	9.1862963	1.8272781	7996	263	365	99	98	3319	10	0	0	16.997457	0	7.1333103	0	0	0	0	0	0	297.846	-5.22782e-13	297.057	8.35768e-09	1.07023e-09	0	32	26469122	26469122
7.135	16.086634	-45.1116	12.838	0	0	0	86555302	2	0	0	0	297.02132	16.090549	8.342393e-09	1.074516e-09	-1790.667	7.7091023e+08	5.9122287e+08	2.0118205	9.3301207	1.8241152	7972	268	343	103	99	3183	7	0	0	16.997457	0	7.1333103	0	0	0	0	0	0	297.846	-5.22782e-13	297.029	8.37905e-09	1.07314e-09	0	25	26277005	26277005
7.1355	16.085474	-45.1148	12.8379	0	0	0	86555305	2	0	0	0	296.99876	16.088049	8.416926e-09	1.070287e-09	-1790.667	7.7091023e+08	5.8892419e+08	2.0121504	8.8111903	1.834856	7915	276	361	106	94	3186	13	0	0	16.997457	0	7.1343895	0	0	0	0	0	0	297.846	-5.22782e-13	297.002	8.39386e-09	1.07172e-09	0	32	26510304	26510304
7.136	16.084319	-45.1179	12.8378	0	0	0	86555309	2	0	0	0	296.96647	16.088049	8.361177e-09	1.073948e-09	-1790.667	7.7091023e+08	5.9096696e+08	2.0120947	9.0054925	1.8308957	7712	275	376	92	96	3054	7	0	0	16.997457	0	7.1343895	0	0	0	0	0	0	297.846	-5.22782e-13	296.979	8.38053e-09	1.07212e-09	0	33	26333257	26333257
7.1365	16.083159	-45.1211	12.8377	0	0	0	86555312	2	0	0	0	296.94465	16.085549	8.409696e-09	1.069555e-09	-1790.667	7.7091023e+08	5.8857781e+08	2.0118944	8.9602158	1.8316243	7722	266	350	91	91	3077	8	0	0	16.997457	0	7.135469	0	0	0	0	0	0	297.846	-5.22782e-13	296.949	8.40793e-09	1.07002e-09	0	25	26484601	26484601
7.137	16.082004	-45.1243	12.8376	0	0	0	86555316	2	0	0	0	296.91314	16.085549	8.405749e-09	1.0732e-09	-1790.667	7.7091023e+08	5.9061197e+08	2.0118934	8.8615111	1.8336093	7767	284	370	85	92	3084	8	0	0	16.997457	0	7.135469	0	0	0	0	0	0	297.846	-5.22782e-13	296.925	8.3995e-09	1.0672e-09	0	39	26470706	26470706
7.1375	16.080849	-45.1274	12.8375	0	0	0	86555319	2	0	0	0	296.89037	16.083049	8.412162e-09	1.066585e-09	-1790.667	7.7091023e+08	5.869997e+08	2.0118333	9.2950843	1.8248317	7733	306	344	91	98	3004	11	0	0	16.997457	0	7.1365489	0	0	0	0	0	0	297.846	-5.22782e-13	296.895	8.40593e-09	1.06896e-09	0	33	26489437	26489437
7.138	16.079689	-45.1306	12.8374	0	0	0	86555322	2	0	0	0	296.86071	16.083049	8.419288e-09	1.07277e-09	-1790.667	7.7091023e+08	5.9043196e+08	2.0121875	8.8425794	1.8342582	7735	272	358	80	93	3087	7	0	0	16.997457	0	7.1365489	0	0	0	0	0	0	297.846	-5.22782e-13	296.872	8.4206e-09	1.06687e-09	0	38	26510410	26510410
7.1385	16.078534	-45.1337	12.8374	0	0	0	86555326	2	0	0	0	296.83646	16.080549	8.343928e-09	1.061807e-09	-1790.667	7.7091023e+08	5.8442617e+08	2.0122842	9.4725071	1.8216704	7625	281	325	109	121	2989	6	0	0	16.997457	0	7.1376291	0	0	0	0	0	0	297.846	-5.22782e-13	296.844	8.38827e-09	1.06383e-09	0	32	26271666	26271666
7.139	16.077374	-45.1369	12.8373	0	0	0	86555329	2	0	0	0	296.81232	16.080549	8.447032e-09	1.059545e-09	-1790.667	7.7091023e+08	5.8320914e+08	2.0119088	8.947332	1.8318966	7542	303	330	103	96	2912	6	0	0	16.997457	0	7.1376291	0	0	0	0	0	0	297.846	-5.22782e-13	296.816	8.39667e-09	1.06387e-09	0	30	26594828	26594828
7.1395	16.076219	-45.1401	12.8372	0	0	0	86555333	2	0	0	0	296.7823	16.078049	8.358708e-09	1.066606e-09	-1790.667	7.7091023e+08	5.8712393e+08	2.0118621	9.0987867	1.828807	7585	278	367	89	96	2940	8	0	0	16.997457	0	7.1387097	0	0	0	0	0	0	297.846	-5.22782e-13	296.79	8.40518e-09	1.05892e-09	0	25	26315292	26315292
7.14	16.075064	-45.1432	12.8371	0	0	0	86555337	2	0	0	0	296.75135	16.078049	8.36631e-09	1.055451e-09	-1790.667	7.7091023e+08	5.8101145e+08	2.012015	8.8531346	1.8338886	7560	242	309	102	96	3004	9	0	0	16.997457	0	7.1387097	0	0	0	0	0	0	297.846	-5.22782e-13	296.763	8.40537e-09	1.06396e-09	0	39	26337769	26337769
7.1405	16.073909	-45.1464	12.837	0	0	0	86555340	2	0	0	0	296.7281	16.075549	8.444584e-09	1.061402e-09	-1790.667	7.7091023e+08	5.8431546e+08	2.011832	9.4177725	1.8223622	7558	274	352	92	103	2835	7	0	0	16.997457	0	7.1397906	0	0	0	0	0	0	297.846	-5.22782e-13	296.732	8.39589e-09	1.05621e-09	0	29	26582712	26582712
7.141	16.072749	-45.1495	12.8369	0	0	0	86555344	2	0	0	0	296.69667	16.075549	8.357844e-09	1.061199e-09	-1790.667	7.7091023e+08	5.8423177e+08	2.0118934	8.8742513	1.833353	7448	249	334	98	95	2878	15	0	0	16.997457	0	7.1397906	0	0	0	0	0	0	297.846	-5.22782e-13	296.705	8.4059e-09	1.05706e-09	0	30	26308209	26308209
7.1415	16.071594	-45.1527	12.8368	0	0	0	86555347	2	0	0	0	296.67483	16.075549	8.434874e-09	1.052079e-09	-1790.667	7.7091023e+08	5.7923869e+08	2.0118448	8.5247132	1.8403408	7432	258	318	103	98	2798	7	0	0	16.997457	0	7.1397906	0	0	0	0	0	0	297.846	-5.22782e-13	296.679	8.428e-09	1.0557e-09	0	23	26549211	26549211
7.142	16.070439	-45.1559	12.8367	0	0	0	86555351	2	0	0	0	296.64321	16.073049	8.398686e-09	1.059366e-09	-1790.667	7.7091023e+08	5.832787e+08	2.0122106	8.8182422	1.834769	7505	261	300	103	95	2849	6	0	0	16.997457	0	7.1408718	0	0	0	0	0	0	297.846	-5.22782e-13	296.651	8.4196e-09	1.05799e-09	0	22	26433847	26433847
7.1425	16.069284	-45.159	12.8367	0	0	0	86555354	2	0	0	0	296.62099	16.073049	8.399319e-09	1.05404e-09	-1790.667	7.7091023e+08	5.8037415e+08	2.0118301	8.6420658	1.8379664	7394	254	347	87	99	2848	5	0	0	16.997457	0	7.1408718	0	0	0	0	0	0	297.846	-5.22782e-13	296.625	8.38824e-09	1.05555e-09	0	28	26434378	26434378
7.143	16.068129	-45.1622	12.8366	0	0	0	86555358	2	0	0	0	296.59212	16.070549	8.411597e-09	1.054211e-09	-1790.667	7.7091023e+08	5.8049622e+08	2.0122784	9.0576254	1.8300138	7464	248	342	71	102	2919	7	0	0	16.997457	0	7.1419534	0	0	0	0	0	0	297.846	-5.22782e-13	296.602	8.39988e-09	1.05508e-09	0	30	26471557	26471557
7.1435	16.066974	-45.1654	12.8365	0	0	0	86555361	2	0	0	0	296.56815	16.070549	8.405156e-09	1.052085e-09	-1790.667	7.7091023e+08	5.7935342e+08	2.0119626	8.9319197	1.8322557	7411	265	349	103	93	2849	7	0	0	16.997457	0	7.1419534	0	0	0	0	0	0	297.846	-5.22782e-13	296.573	8.37978e-09	1.05326e-09	0	31	26449826	26449826
7.144	16.065819	-45.1685	12.8364	0	0	0	86555364	2	0	0	0	296.53544	16.068049	8.417569e-09	1.054326e-09	-1790.667	7.7091023e+08	5.8061542e+08	2.0121306	9.0867106	1.8292941	7314	313	344	87	102	2815	7	0	0	16.997457	0	7.1430353	0	0	0	0	0	0	297.846	-5.22782e-13	296.548	8.40676e-09	1.05103e-09	0	30	26487425	26487425
7.1445	16.064664	-45.1717	12.8363	0	0	0	86555368	2	0	0	0	296.51266	16.068049	8.365738e-09	1.051678e-09	-1790.667	7.7091023e+08	5.7918505e+08	2.0118992	8.8935509	1.8329699	7461	283	339	82	104	2893	8	0	0	16.997457	0	7.1430353	0	0	0	0	0	0	297.846	-5.22782e-13	296.517	8.37702e-09	1.05293e-09	0	35	26322876	26322876
7.145	16.063509	-45.1748	12.8362	0	0	0	86555371	2	0	0	0	296.48266	16.065549	8.399653e-09	1.054484e-09	-1790.667	7.7091023e+08	5.8075834e+08	2.0118678	9.306838	1.8246266	7428	247	352	92	80	2811	7	0	0	16.997457	0	7.1441175	0	0	0	0	0	0	297.846	-5.22782e-13	296.494	8.3832e-09	1.05102e-09	0	32	26428130	26428130
7.1455	16.062354	-45.178	12.8361	0	0	0	86555375	2	0	0	0	296.45863	16.065549	8.370755e-09	1.051703e-09	-1790.667	7.7091023e+08	5.792546e+08	2.0119309	9.0990641	1.828864	7264	239	332	105	103	2742	4	0	0	16.997457	0	7.1441175	0	0	0	0	0	0	297.846	-5.22782e-13	296.462	8.39551e-09	1.05339e-09	0	26	26335753	26335753
7.146	16.061199	-45.1812	12.836	0	0	0	86555378	2	0	0	0	296.43533	16.063049	8.433549e-09	1.052044e-09	-1790.667	7.7091023e+08	5.7947033e+08	2.0119994	8.5292751	1.8403904	7483	284	363	77	93	2817	5	0	0	16.997457	0	7.1452001	0	0	0	0	0	0	297.846	-5.22782e-13	296.44	8.36621e-09	1.05276e-09	0	22	26531848	26531848
7.1465	16.060049	-45.1843	12.836	0	0	0	86555382	2	0	0	0	297.926	16.063049	8.378496e-09	1.057391e-09	-1790.667	7.7091023e+08	5.8244355e+08	2.0121293	8.7464917	1.8361386	7334	254	357	94	98	2751	9	0	0	16.997457	0	7.1452001	0	0	0	0	0	0	297.846	-5.22782e-13	297.178	8.30994e-09	1.05447e-09	0	34	26357197	26357197
7.147	16.058894	-45.1875	12.8359	0	0	0	86555385	2	0	0	0	297.90228	16.060549	8.423161e-09	1.056446e-09	-1790.667	7.7091023e+08	5.8195106e+08	2.011897	9.0162391	1.8304995	7319	285	344	93	94	2778	10	0	0	16.997457	0	7.1462831	0	0	0	0	0	0	297.846	-5.22782e-13	297.906	8.40673e-09	1.05639e-09	0	27	26496242	26496242
7.1475	16.057739	-45.1906	12.8358	0	0	0	86555389	2	0	0	0	297.87467	16.060549	8.425154e-09	1.05373e-09	-1790.667	7.7091023e+08	5.8048292e+08	2.0121331	8.742356	1.8362253	7309	262	361	80	98	2773	8	0	0	16.997457	0	7.1462831	0	0	0	0	0	0	297.846	-5.22782e-13	297.885	8.3955e-09	1.05338e-09	0	39	26501049	26501049
7.148	16.056584	-45.1938	12.8357	0	0	0	86555392	2	0	0	0	297.85023	16.060549	8.369113e-09	1.050299e-09	-1790.667	7.7091023e+08	5.7862074e+08	2.0119654	9.4434545	1.8219664	7345	286	303	101	93	2766	1	0	0	16.997457	0	7.1462831	0	0	0	0	0	0	297.846	-5.22782e-13	297.854	8.39505e-09	1.05295e-09	0	33	26323321	26323321
7.1485	16.055434	-45.197	12.8356	0	0	0	86555397	2	0	0	0	297.8101	16.058049	8.419597e-09	1.046006e-09	-1790.667	7.7091023e+08	5.7628349e+08	2.0121133	8.2702143	1.8457072	7354	265	336	96	89	2844	3	0	0	16.997457	0	7.1473663	0	0	0	0	0	0	297.846	-5.22782e-13	297.832	8.38883e-09	1.05212e-09	0	35	26480647	26480647
7.149	16.054279	-45.2001	12.8355	0	0	0	86555401	2	0	0	0	297.78033	16.058049	8.370709e-09	1.04667e-09	-1790.667	7.7091023e+08	5.7667713e+08	2.0121315	8.1874091	1.8473901	7173	253	333	79	94	2665	12	0	0	16.997457	0	7.1473663	0	0	0	0	0	0	297.846	-5.22782e-13	297.788	8.41208e-09	1.05133e-09	0	34	26325436	26325436
7.1495	16.053124	-45.2033	12.8354	0	0	0	86555404	2	0	0	0	297.7563	16.055549	8.424248e-09	1.051212e-09	-1790.667	7.7091023e+08	5.7920757e+08	2.011832	8.7241002	1.8363178	7321	274	350	77	97	2740	8	0	0	16.997457	0	7.14845	0	0	0	0	0	0	297.846	-5.22782e-13	297.761	8.3885e-09	1.05449e-09	0	29	26492352	26492352
7.15	16.051974	-45.2064	12.8353	0	0	0	86555408	2	0	0	0	297.72668	16.055549	8.377764e-09	1.054655e-09	-1790.667	7.7091023e+08	5.8113268e+08	2.011784	8.5400659	1.8399763	7325	268	333	77	107	2732	4	0	0	16.997457	0	7.14845	0	0	0	0	0	0	297.846	-5.22782e-13	297.737	8.41976e-09	1.0508e-09	0	25	26344717	26344717
7.1505	16.050819	-45.2096	12.8353	0	0	0	86555411	2	0	0	0	297.70086	16.053049	8.386223e-09	1.049269e-09	-1790.667	7.7091023e+08	5.7819283e+08	2.0118333	8.7302821	1.8361946	7232	298	328	76	120	2632	8	0	0	16.997457	0	7.1495339	0	0	0	0	0	0	297.846	-5.22782e-13	297.706	8.38884e-09	1.0488e-09	0	26	26369862	26369862
7.151	16.049669	-45.2128	12.8352	0	0	0	86555414	2	0	0	0	297.66966	16.053049	8.439642e-09	1.054262e-09	-1790.667	7.7091023e+08	5.8097226e+08	2.0121187	8.6410011	1.8382515	7134	262	325	78	89	2650	6	0	0	16.997457	0	7.1495339	0	0	0	0	0	0	297.846	-5.22782e-13	297.683	8.39201e-09	1.04782e-09	0	39	26536371	26536371
7.1515	16.048514	-45.2159	12.8351	0	0	0	86555418	2	0	0	0	297.64867	16.050549	8.423282e-09	1.054127e-09	-1790.667	7.7091023e+08	5.8092593e+08	2.012289	8.6914913	1.837391	7217	270	319	95	104	2665	10	0	0	16.997457	0	7.1506182	0	0	0	0	0	0	297.846	-5.22782e-13	297.657	8.40522e-09	1.05037e-09	0	27	26483471	26483471
7.152	16.047364	-45.2191	12.835	0	0	0	86555421	2	0	0	0	297.62533	16.050549	8.469456e-09	1.049226e-09	-1790.667	7.7091023e+08	5.7825296e+08	2.0121667	7.9063031	1.8530787	7192	291	354	102	95	2623	2	0	0	16.997457	0	7.1506182	0	0	0	0	0	0	297.846	-5.22782e-13	297.629	8.41149e-09	1.05226e-09	0	31	26627177	26627177
7.1525	16.046209	-45.2223	12.8349	0	0	0	86555425	2	0	0	0	297.59354	16.048049	8.379285e-09	1.053888e-09	-1790.667	7.7091023e+08	5.8085037e+08	2.0118653	9.0244452	1.8303056	7040	315	322	97	96	2535	5	0	0	16.997457	0	7.1517029	0	0	0	0	0	0	297.846	-5.22782e-13	297.607	8.4254e-09	1.05154e-09	0	29	26342236	26342236
7.153	16.045059	-45.2254	12.8348	0	0	0	86555428	2	0	0	0	297.57099	16.048049	8.403187e-09	1.048772e-09	-1790.667	7.7091023e+08	5.7805865e+08	2.0121837	8.4248213	1.8426608	7156	288	360	93	85	2550	5	0	0	16.997457	0	7.1517029	0	0	0	0	0	0	297.846	-5.22782e-13	297.576	8.4183e-09	1.05028e-09	0	35	26415921	26415921
7.1535	16.043909	-45.2286	12.8347	0	0	0	86555432	2	0	0	0	297.5422	16.048049	8.472984e-09	1.054461e-09	-1790.667	7.7091023e+08	5.8122241e+08	2.0119846	8.5478824	1.8400026	7144	254	351	87	93	2602	3	0	0	16.997457	0	7.1517029	0	0	0	0	0	0	297.846	-5.22782e-13	297.554	8.42556e-09	1.04976e-09	0	26	26633864	26633864
7.154	16.042754	-45.2317	12.8346	0	0	0	86555435	2	0	0	0	297.51813	16.045549	8.429758e-09	1.050763e-09	-1790.667	7.7091023e+08	5.7921208e+08	2.0119552	8.490861	1.8411229	7081	277	331	84	88	2523	4	0	0	16.997457	0	7.1527879	0	0	0	0	0	0	297.846	-5.22782e-13	297.522	8.43542e-09	1.05153e-09	0	27	26496528	26496528
7.1545	16.041604	-45.2349	12.8346	0	0	0	86555439	2	0	0	0	297.48692	16.045549	8.472341e-09	1.052143e-09	-1790.667	7.7091023e+08	5.8000085e+08	2.0119059	8.6378274	1.838121	7046	270	359	102	96	2606	7	0	0	16.997457	0	7.1527879	0	0	0	0	0	0	297.846	-5.22782e-13	297.498	8.42829e-09	1.05162e-09	0	26	26628907	26628907
7.155	16.040454	-45.2381	12.8345	0	0	0	86555442	2	0	0	0	297.46492	16.043049	8.392711e-09	1.05006e-09	-1790.667	7.7091023e+08	5.7888061e+08	2.0119565	8.5069832	1.8407997	7052	277	380	83	91	2503	5	0	0	16.997457	0	7.1538732	0	0	0	0	0	0	297.846	-5.22782e-13	297.468	8.40353e-09	1.05024e-09	0	30	26377174	26377174
7.1555	16.039304	-45.2412	12.8344	0	0	0	86555445	2	0	0	0	297.44136	16.043049	8.436903e-09	1.054433e-09	-1790.667	7.7091023e+08	5.8131952e+08	2.0119325	8.2246259	1.8464586	7096	274	329	85	135	2535	2	0	0	16.997457	0	7.1538732	0	0	0	0	0	0	297.846	-5.22782e-13	297.446	8.40553e-09	1.04813e-09	0	33	26514602	26514602
7.156	16.038149	-45.2444	12.8343	0	0	0	86555449	2	0	0	0	297.41147	16.040549	8.444868e-09	1.055451e-09	-1790.667	7.7091023e+08	5.8190894e+08	2.0120435	8.3071444	1.8449002	7056	254	322	77	107	2526	2	0	0	16.997457	0	7.1549589	0	0	0	0	0	0	297.846	-5.22782e-13	297.419	8.42475e-09	1.05229e-09	0	44	26538172	26538172
7.1565	16.036999	-45.2475	12.8342	0	0	0	86555452	2	0	0	0	297.38747	16.040549	8.432529e-09	1.05074e-09	-1790.667	7.7091023e+08	5.7933967e+08	2.0118768	8.1957146	1.8469891	7020	291	336	87	89	2447	6	0	0	16.997457	0	7.1549589	0	0	0	0	0	0	297.846	-5.22782e-13	297.391	8.42587e-09	1.05097e-09	0	34	26497937	26497937
7.157	16.035849	-45.2507	12.8341	0	0	0	86555458	2	0	0	0	297.34025	16.038049	8.381893e-09	1.054227e-09	-1790.667	7.7091023e+08	5.8129044e+08	2.0118592	8.4989645	1.840872	7085	303	337	93	88	2502	5	0	0	16.997457	0	7.1560449	0	0	0	0	0	0	297.846	-5.22782e-13	297.364	8.40164e-09	1.05063e-09	0	37	26337370	26337370
7.1575	16.034699	-45.2539	12.834	0	0	0	86555461	2	0	0	0	297.31731	16.038049	8.379601e-09	1.047599e-09	-1790.667	7.7091023e+08	5.7766383e+08	2.0121293	8.3106072	1.8449091	7075	277	302	90	97	2501	5	0	0	16.997457	0	7.1560449	0	0	0	0	0	0	297.846	-5.22782e-13	297.322	8.39359e-09	1.04895e-09	0	25	26328718	26328718
7.158	16.033549	-45.257	12.834	0	0	0	86555464	2	0	0	0	297.29298	16.035549	8.413679e-09	1.04265e-09	-1790.667	7.7091023e+08	5.7496275e+08	2.0121043	8.1128994	1.8488643	7111	300	332	77	95	2570	4	0	0	16.997457	0	7.1571313	0	0	0	0	0	0	297.846	-5.22782e-13	297.298	8.37298e-09	1.047e-09	0	42	26434336	26434336
7.1585	16.032399	-45.2602	12.8339	0	0	0	86555468	2	0	0	0	297.26532	16.035549	8.349318e-09	1.049012e-09	-1790.667	7.7091023e+08	5.784991e+08	2.0120941	8.6608435	1.8378298	6983	246	339	90	112	2471	6	0	0	16.997457	0	7.1571313	0	0	0	0	0	0	297.846	-5.22782e-13	297.277	8.37316e-09	1.04668e-09	0	31	26230680	26230680
7.159	16.031249	-45.2634	12.8338	0	0	0	86555471	2	0	0	0	297.24006	16.033049	8.387854e-09	1.038785e-09	-1790.667	7.7091023e+08	5.72887e+08	2.0120016	8.4365579	1.8422579	6903	242	355	78	95	2430	2	0	0	16.997457	0	7.158218	0	0	0	0	0	0	297.846	-5.22782e-13	297.245	8.35098e-09	1.04285e-09	0	22	26350296	26350296
7.1595	16.030099	-45.2665	12.8337	0	0	0	86555475	2	0	0	0	297.20865	16.033049	8.348348e-09	1.047461e-09	-1790.667	7.7091023e+08	5.7769983e+08	2.012175	8.0178313	1.8508422	6919	261	337	94	99	2403	4	0	0	16.997457	0	7.158218	0	0	0	0	0	0	297.846	-5.22782e-13	297.222	8.35473e-09	1.04167e-09	0	32	26224745	26224745
7.16	16.028949	-45.2697	12.8336	0	0	0	86555478	2	0	0	0	297.18785	16.032795	8.264106e-09	1.037222e-09	-1790.667	7.7091023e+08	5.7208055e+08	2.0119706	8.5704157	1.8395363	6848	258	323	86	82	2391	8	0	0	16.997457	0	7.1583284	0	0	0	0	0	0	297.846	-5.22782e-13	297.192	8.30953e-09	1.0412e-09	0	38	25958686	25958686
7.1605	16.027799	-45.2728	12.8335	0	0	0	86555482	2	0	0	0	297.15732	16.030549	8.372858e-09	1.049024e-09	-1790.667	7.7091023e+08	5.7861805e+08	2.0119475	8.9617765	1.8316413	6844	243	310	78	97	2438	3	0	0	16.997457	0	7.159305	0	0	0	0	0	0	297.846	-5.22782e-13	297.169	8.34487e-09	1.04029e-09	0	30	26298844	26298844
7.161	16.026649	-45.276	12.8334	0	0	0	86555485	2	0	0	0	297.13472	16.030549	8.294467e-09	1.038426e-09	-1790.667	7.7091023e+08	5.7280025e+08	2.0121482	8.6670357	1.8377546	6969	295	333	93	92	2384	10	0	0	16.997457	0	7.159305	0	0	0	0	0	0	297.846	-5.22782e-13	297.139	8.31978e-09	1.04092e-09	0	38	26051187	26051187
7.1615	16.025504	-45.2792	12.8333	0	0	0	86555488	2	0	0	0	297.10424	16.028049	8.293082e-09	1.037922e-09	-1790.667	7.7091023e+08	5.7255006e+08	2.0119907	8.2522846	1.8459555	6948	275	359	78	85	2389	5	0	0	16.997457	0	7.1603924	0	0	0	0	0	0	297.846	-5.22782e-13	297.115	8.30759e-09	1.04008e-09	0	31	26045404	26045404
7.162	16.024354	-45.2823	12.8333	0	0	0	86555492	2	0	0	0	297.0795	16.028049	8.266028e-09	1.036664e-09	-1790.667	7.7091023e+08	5.718839e+08	2.0120566	8.4733678	1.8415677	6901	256	339	82	89	2397	7	0	0	16.997457	0	7.1603924	0	0	0	0	0	0	297.846	-5.22782e-13	297.088	8.285e-09	1.03645e-09	0	45	25959009	25959009
7.1625	16.023204	-45.2855	12.8332	0	0	0	86555495	2	0	0	0	297.05853	16.025549	8.270995e-09	1.033147e-09	-1790.667	7.7091023e+08	5.6997142e+08	2.0122797	8.2272301	1.8467248	6958	281	379	96	92	2419	11	0	0	16.997457	0	7.1614802	0	0	0	0	0	0	297.846	-5.22782e-13	297.062	8.27716e-09	1.03315e-09	0	31	25973179	25973179
7.163	16.022054	-45.2886	12.8331	0	0	0	86555499	2	0	0	0	297.02876	16.025549	8.309552e-09	1.0394e-09	-1790.667	7.7091023e+08	5.7344899e+08	2.0118368	8.7604084	1.8355917	6820	253	334	77	109	2402	4	0	0	16.997457	0	7.1614802	0	0	0	0	0	0	297.846	-5.22782e-13	297.036	8.28381e-09	1.03646e-09	0	20	26092823	26092823
7.1635	16.020909	-45.2918	12.833	0	0	0	86555502	2	0	0	0	297.00369	16.023049	8.256343e-09	1.035211e-09	-1790.667	7.7091023e+08	5.7116565e+08	2.0118189	8.1896836	1.8470573	6784	270	338	86	96	2302	5	0	0	16.997457	0	7.1625682	0	0	0	0	0	0	297.846	-5.22782e-13	297.007	8.26864e-09	1.03871e-09	0	25	25924316	25924316
7.164	16.019759	-45.295	12.8329	0	0	0	86555506	2	0	0	0	296.97212	16.023049	8.307403e-09	1.040334e-09	-1790.667	7.7091023e+08	5.7402014e+08	2.0121766	8.6736083	1.8376483	6942	277	353	74	97	2443	4	0	0	16.997457	0	7.1625682	0	0	0	0	0	0	297.846	-5.22782e-13	296.984	8.26332e-09	1.04066e-09	0	29	26083206	26083206
7.1645	16.018609	-45.2981	12.8328	0	0	0	86555509	2	0	0	0	296.94847	16.020549	8.220816e-09	1.034618e-09	-1790.667	7.7091023e+08	5.7089403e+08	2.0121107	8.4315042	1.8424595	6939	295	318	97	92	2473	6	0	0	16.997457	0	7.1636567	0	0	0	0	0	0	297.846	-5.22782e-13	296.953	8.2489e-09	1.04052e-09	0	32	25809925	25809925
7.165	16.017464	-45.3013	12.8327	0	0	0	86555512	2	0	0	0	296.9253	16.020549	8.271307e-09	1.03665e-09	-1790.667	7.7091023e+08	5.7204311e+08	2.0119075	8.7621522	1.8356211	7000	270	353	82	104	2502	4	0	0	16.997457	0	7.1636567	0	0	0	0	0	0	297.846	-5.22782e-13	296.93	8.26534e-09	1.03917e-09	0	32	25967018	25967018
7.1655	16.016314	-45.3044	12.8326	0	0	0	86555516	2	0	0	0	296.89439	16.018049	8.251998e-09	1.038394e-09	-1790.667	7.7091023e+08	5.7303339e+08	2.0121574	8.3460984	1.8442208	6993	297	350	71	104	2528	4	0	0	16.997457	0	7.1647454	0	0	0	0	0	0	297.846	-5.22782e-13	296.903	8.25745e-09	1.0356e-09	0	29	25904975	25904975
7.166	16.015169	-45.3076	12.8326	0	0	0	86555519	2	0	0	0	296.87268	16.018049	8.267961e-09	1.033378e-09	-1790.667	7.7091023e+08	5.702931e+08	2.0056035	8.6048672	1.833024	6832	243	334	96	111	2371	4	0	0	16.997457	0	7.1647454	0	0	0	0	0	0	297.846	-5.22782e-13	296.876	8.2762e-09	1.03532e-09	0	22	25953659	25953659
7.1665	16.014019	-45.3108	12.8325	0	0	0	86555523	2	0	0	0	296.84136	16.018049	8.273311e-09	1.040036e-09	-1790.667	7.7091023e+08	5.7399544e+08	2.011807	8.7493083	1.8357878	7019	285	329	64	100	2534	11	0	0	16.997457	0	7.1647454	0	0	0	0	0	0	297.846	-5.22782e-13	296.853	8.24532e-09	1.03672e-09	0	21	25969026	25969026
7.167	16.012874	-45.3139	12.8324	0	0	0	86555526	2	0	0	0	296.81713	16.015549	8.182447e-09	1.034607e-09	-1790.667	7.7091023e+08	5.71027e+08	2.0118864	8.313201	1.8446342	6895	290	362	64	88	2408	5	0	0	16.997457	0	7.1658346	0	0	0	0	0	0	297.846	-5.22782e-13	296.821	8.22409e-09	1.03783e-09	0	26	25682402	25682402
7.1675	16.011724	-45.3171	12.8323	0	0	0	86555529	2	0	0	0	296.78913	16.015549	8.256073e-09	1.034216e-09	-1790.667	7.7091023e+08	5.7083902e+08	2.0121034	8.7777439	1.8354861	6852	294	320	92	88	2350	6	0	0	16.997457	0	7.1658346	0	0	0	0	0	0	297.846	-5.22782e-13	296.799	8.21793e-09	1.03527e-09	0	35	25912070	25912070
7.168	16.010579	-45.3203	12.8322	0	0	0	86555533	2	0	0	0	296.7649	16.013049	8.21364e-09	1.027839e-09	-1790.667	7.7091023e+08	5.6734687e+08	2.011992	8.4560654	1.8418566	6965	236	339	63	86	2438	3	0	0	16.997457	0	7.166924	0	0	0	0	0	0	297.846	-5.22782e-13	296.773	8.19694e-09	1.03577e-09	0	32	25777475	25777475
7.1685	16.009434	-45.3234	12.8321	0	0	0	86555536	2	0	0	0	296.74181	16.013049	8.189907e-09	1.039101e-09	-1790.667	7.7091023e+08	5.7359125e+08	2.0118864	8.6580157	1.837697	7006	299	341	84	102	2550	4	0	0	16.997457	0	7.166924	0	0	0	0	0	0	297.846	-5.22782e-13	296.746	8.21602e-09	1.03586e-09	0	29	25701580	25701580
7.169	16.008284	-45.3266	12.832	0	0	0	86555540	2	0	0	0	296.71204	16.010549	8.158963e-09	1.04316e-09	-1790.667	7.7091023e+08	5.7585994e+08	2.011921	8.8134993	1.8346003	7096	259	335	80	104	2521	3	0	0	16.997457	0	7.1680138	0	0	0	0	0	0	297.846	-5.22782e-13	296.716	8.20483e-09	1.03879e-09	0	30	25603065	25603065
7.1695	16.007139	-45.3297	12.832	0	0	0	86555543	2	0	0	0	296.68812	16.010549	8.130367e-09	1.031765e-09	-1790.667	7.7091023e+08	5.695973e+08	2.0121203	8.4128408	1.8428438	6987	253	332	95	86	2463	4	0	0	16.997457	0	7.1680138	0	0	0	0	0	0	297.846	-5.22782e-13	296.691	8.16187e-09	1.03592e-09	0	35	25511929	25511929
7.17	16.005994	-45.3329	12.8319	0	0	0	86555547	2	0	0	0	296.65944	16.008049	8.170318e-09	1.031161e-09	-1790.667	7.7091023e+08	5.6929165e+08	2.0118963	8.8423642	1.8339971	7085	262	351	85	81	2499	9	0	0	16.997457	0	7.169104	0	0	0	0	0	0	297.846	-5.22782e-13	296.67	8.14877e-09	1.03047e-09	0	35	25635881	25635881
7.1705	16.004849	-45.3361	12.8318	0	0	0	86555550	2	0	0	0	296.63543	16.008049	8.12755e-09	1.031804e-09	-1790.667	7.7091023e+08	5.6967445e+08	2.0118944	8.4643647	1.8416003	7094	305	342	95	87	2530	5	0	0	16.997457	0	7.169104	0	0	0	0	0	0	297.846	-5.22782e-13	296.639	8.13159e-09	1.03317e-09	0	23	25500288	25500288
7.171	16.003704	-45.3392	12.8317	0	0	0	86555553	2	0	0	0	296.61176	16.005549	8.191854e-09	1.040807e-09	-1790.667	7.7091023e+08	5.7467321e+08	2.0120086	8.9351505	1.8322326	7137	264	311	95	79	2508	15	0	0	16.997457	0	7.1701945	0	0	0	0	0	0	297.846	-5.22782e-13	296.615	8.13601e-09	1.03576e-09	0	40	25700632	25700632
7.1715	16.002554	-45.3424	12.8316	0	0	0	86555557	2	0	0	0	296.58389	16.005549	8.063576e-09	1.030518e-09	-1790.667	7.7091023e+08	5.6902001e+08	2.0118374	8.005275	1.8507843	6992	266	323	68	96	2546	6	0	0	16.997457	0	7.1701945	0	0	0	0	0	0	297.846	-5.22782e-13	296.588	8.12695e-09	1.03439e-09	0	36	25296791	25296791
7.172	16.001409	-45.3455	12.8315	0	0	0	86555560	2	0	0	0	296.55943	16.005549	8.143399e-09	1.034284e-09	-1790.667	7.7091023e+08	5.7112739e+08	2.0118682	8.8818862	1.8331763	7223	290	348	84	88	2650	6	0	0	16.997457	0	7.1701945	0	0	0	0	0	0	297.846	-5.22782e-13	296.563	8.13784e-09	1.0367e-09	0	30	25545807	25545807
7.1725	16.000264	-45.3487	12.8314	0	0	0	86555564	2	0	0	0	296.53016	16.003049	8.07681e-09	1.040995e-09	-1790.667	7.7091023e+08	5.7486127e+08	2.0120368	8.8467885	1.8340362	7073	267	319	95	101	2563	8	0	0	16.997457	0	7.1712853	0	0	0	0	0	0	297.846	-5.22782e-13	296.538	8.13553e-09	1.03798e-09	0	31	25335527	25335527
7.173	15.999119	-45.3519	12.8313	0	0	0	86555567	2	0	0	0	296.50671	16.003049	8.16172e-09	1.037051e-09	-1790.667	7.7091023e+08	5.727113e+08	2.0118963	8.5485439	1.8399085	7249	277	342	80	92	2654	2	0	0	16.997457	0	7.1712853	0	0	0	0	0	0	297.846	-5.22782e-13	296.511	8.12045e-09	1.03858e-09	0	34	25600469	25600469
7.1735	15.997974	-45.355	12.8313	0	0	0	86555571	2	0	0	0	296.79536	16.000549	8.071506e-09	1.034223e-09	-1790.667	7.7091023e+08	5.7117747e+08	2.0120989	8.6560835	1.8379299	7108	316	335	81	74	2535	5	0	0	16.997457	0	7.1723765	0	0	0	0	0	0	297.846	-5.22782e-13	296.487	7.97785e-09	1.03639e-09	0	42	25316110	25316110
7.174	15.996829	-45.3582	12.8312	0	0	0	86555574	2	0	0	0	296.76985	16.000549	8.032845e-09	1.032369e-09	-1790.667	7.7091023e+08	5.7018144e+08	2.0120461	8.5950636	1.8391094	7180	263	395	81	105	2699	3	0	0	16.997457	0	7.1723765	0	0	0	0	0	0	297.846	-5.22782e-13	296.774	8.08149e-09	1.03532e-09	0	36	25193468	25193468
7.1745	15.995684	-45.3614	12.8311	0	0	0	86555578	2	0	0	0	296.74249	15.998049	8.111041e-09	1.036536e-09	-1790.667	7.7091023e+08	5.725109e+08	2.0118304	8.2221643	1.8464144	7132	257	350	79	85	2616	4	0	0	16.997457	0	7.173468	0	0	0	0	0	0	297.846	-5.22782e-13	296.753	8.09828e-09	1.03476e-09	0	39	25437319	25437319
7.175	15.994539	-45.3645	12.831	0	0	0	86555582	2	0	0	0	296.71241	15.998049	8.07059e-09	1.038291e-09	-1790.667	7.7091023e+08	5.7350831e+08	2.0122512	8.8336327	1.8344963	7277	260	316	85	94	2678	8	0	0	16.997457	0	7.173468	0	0	0	0	0	0	297.846	-5.22782e-13	296.719	8.0815e-09	1.03753e-09	0	34	25309070	25309070
7.1755	15.993394	-45.3677	12.8309	0	0	0	86555585	2	0	0	0	296.68776	15.995549	8.097292e-09	1.029136e-09	-1790.667	7.7091023e+08	5.684793e+08	2.0118819	8.7926592	1.834984	7143	284	305	84	102	2686	3	0	0	16.997457	0	7.1745599	0	0	0	0	0	0	297.846	-5.22782e-13	296.692	8.09367e-09	1.03662e-09	0	25	25391414	25391414
7.176	15.992254	-45.3708	12.8308	0	0	0	86555589	2	0	0	0	296.65779	15.995549	8.069055e-09	1.032252e-09	-1790.667	7.7091023e+08	5.7022846e+08	2.012103	8.5328433	1.8404134	7180	305	332	86	89	2626	5	0	0	16.997457	0	7.1745599	0	0	0	0	0	0	297.846	-5.22782e-13	296.67	8.05154e-09	1.03329e-09	0	31	25301481	25301481
7.1765	15.991109	-45.374	12.8307	0	0	0	86555592	2	0	0	0	296.6331	15.993049	8.034466e-09	1.025779e-09	-1790.667	7.7091023e+08	5.6668045e+08	2.012081	8.437402	1.8423136	7086	234	340	88	99	2616	5	0	0	16.997457	0	7.1756521	0	0	0	0	0	0	297.846	-5.22782e-13	296.638	8.03884e-09	1.02908e-09	0	28	25191641	25191641
7.177	15.989964	-45.3772	12.8307	0	0	0	86555595	2	0	0	0	296.60442	15.993049	8.020386e-09	1.02866e-09	-1790.667	7.7091023e+08	5.6829987e+08	2.0120416	8.732066	1.8363488	7215	273	339	82	106	2655	14	0	0	16.997457	0	7.1756521	0	0	0	0	0	0	297.846	-5.22782e-13	296.615	7.99544e-09	1.02756e-09	0	29	25146115	25146115
7.1775	15.988819	-45.3803	12.8306	0	0	0	86555599	2	0	0	0	296.58032	15.990549	7.993826e-09	1.024709e-09	-1790.667	7.7091023e+08	5.6614482e+08	2.012201	8.1898937	1.8474038	7141	265	300	86	98	2666	6	0	0	16.997457	0	7.1767447	0	0	0	0	0	0	297.846	-5.22782e-13	296.584	8.01946e-09	1.02736e-09	0	28	25061468	25061468
7.178	15.987674	-45.3835	12.8305	0	0	0	86555602	2	0	0	0	296.55701	15.990549	8.008954e-09	1.025068e-09	-1790.667	7.7091023e+08	5.6637093e+08	2.0121245	8.7629728	1.8358026	7228	287	345	91	77	2663	8	0	0	16.997457	0	7.1767447	0	0	0	0	0	0	297.846	-5.22782e-13	296.56	7.98888e-09	1.02501e-09	0	25	25107519	25107519
7.1785	15.986534	-45.3866	12.8304	0	0	0	86555606	2	0	0	0	296.52708	15.990549	7.991954e-09	1.027519e-09	-1790.667	7.7091023e+08	5.6775299e+08	2.011985	9.0973722	1.8289472	6953	252	289	88	88	2534	6	0	0	16.997457	0	7.1767447	0	0	0	0	0	0	297.846	-5.22782e-13	296.537	8.02051e-09	1.02555e-09	0	33	25052852	25052852
7.179	15.985389	-45.3898	12.8303	0	0	0	86555609	2	0	0	0	296.50123	15.988049	8.099221e-09	1.01987e-09	-1790.667	7.7091023e+08	5.635542e+08	2.0120794	8.5646721	1.8397514	7170	234	325	80	107	2728	6	0	0	16.997457	0	7.1778376	0	0	0	0	0	0	297.846	-5.22782e-13	296.505	8.04091e-09	1.02221e-09	0	32	25387717	25387717
7.1795	15.984249	-45.393	12.8302	0	0	0	86555613	2	0	0	0	296.47234	15.988049	7.965824e-09	1.021693e-09	-1790.667	7.7091023e+08	5.6458924e+08	2.0121722	8.5494553	1.8401424	7262	294	343	80	104	2675	6	0	0	16.997457	0	7.1778376	0	0	0	0	0	0	297.846	-5.22782e-13	296.484	7.96629e-09	1.02315e-09	0	33	24968204	24968204
7.18	15.983104	-45.3961	12.8301	0	0	0	86555616	2	0	0	0	296.45041	15.985549	7.922573e-09	1.021341e-09	-1790.667	7.7091023e+08	5.6442242e+08	2.0121149	8.7956171	1.835137	7111	265	316	85	91	2665	6	0	0	16.997457	0	7.1789309	0	0	0	0	0	0	297.846	-5.22782e-13	296.454	7.96011e-09	1.01888e-09	0	23	24831276	24831276
7.1805	15.981959	-45.3993	12.8301	0	0	0	86555620	2	0	0	0	296.41932	15.985549	7.958786e-09	1.01965e-09	-1790.667	7.7091023e+08	5.6351558e+08	2.0121232	8.9255449	1.8325302	7069	255	341	94	95	2626	8	0	0	16.997457	0	7.1789309	0	0	0	0	0	0	297.846	-5.22782e-13	296.43	7.9295e-09	1.01729e-09	0	27	24943410	24943410
7.181	15.980819	-45.4024	12.83	0	0	0	86555623	2	0	0	0	298.20842	15.983049	7.864625e-09	1.025587e-09	-1790.667	7.7091023e+08	5.6682453e+08	2.0120371	8.3807917	1.8434125	7205	273	313	79	88	2702	11	0	0	16.997457	0	7.1800245	0	0	0	0	0	0	297.846	-5.22782e-13	298.213	7.93729e-09	1.02604e-09	0	39	24646952	24646952
7.1815	15.979674	-45.4056	12.8299	0	0	0	86555626	2	0	0	0	298.18077	15.983049	7.964505e-09	1.027257e-09	-1790.667	7.7091023e+08	5.677754e+08	2.012215	8.6034065	1.839096	7260	255	320	80	83	2720	4	0	0	16.997457	0	7.1800245	0	0	0	0	0	0	297.846	-5.22782e-13	298.19	7.94591e-09	1.0249e-09	0	33	24958599	24958599
7.182	15.978534	-45.4088	12.8298	0	0	0	86555630	2	0	0	0	298.15683	15.980549	7.91588e-09	1.023125e-09	-1790.667	7.7091023e+08	5.6551938e+08	2.0122307	8.7450648	1.8362598	7219	277	351	72	96	2580	9	0	0	16.997457	0	7.1811185	0	0	0	0	0	0	297.846	-5.22782e-13	298.16	7.96158e-09	1.02683e-09	0	28	24804862	24804862
7.1825	15.977394	-45.4119	12.8297	0	0	0	86555633	2	0	0	0	298.13132	15.980549	7.985761e-09	1.023416e-09	-1790.667	7.7091023e+08	5.6570802e+08	2.011967	8.6615813	1.8376989	7277	289	331	96	89	2726	6	0	0	16.997457	0	7.1811185	0	0	0	0	0	0	297.846	-5.22782e-13	298.135	7.9408e-09	1.02395e-09	0	35	25022468	25022468
7.183	15.976249	-45.4151	12.8296	0	0	0	86555639	2	0	0	0	298.08488	15.978049	7.895139e-09	1.024482e-09	-1790.667	7.7091023e+08	5.6632511e+08	2.0120426	8.7008736	1.8369773	7302	276	343	68	107	2661	7	0	0	16.997457	0	7.1822128	0	0	0	0	0	0	297.846	-5.22782e-13	298.113	7.94589e-09	1.0236e-09	0	26	24737159	24737159
7.1835	15.975109	-45.4183	12.8295	0	0	0	86555642	2	0	0	0	298.06252	15.978049	7.917283e-09	1.021409e-09	-1790.667	7.7091023e+08	5.6465414e+08	2.0121619	8.6538721	1.838032	7224	277	354	79	75	2710	7	0	0	16.997457	0	7.1822128	0	0	0	0	0	0	297.846	-5.22782e-13	298.067	7.94594e-09	1.02259e-09	0	42	24805183	24805183
7.184	15.973969	-45.4214	12.8294	0	0	0	86555646	2	0	0	0	298.03122	15.978049	7.859438e-09	1.024915e-09	-1790.667	7.7091023e+08	5.6662018e+08	2.0121277	8.6177434	1.8387277	7253	264	307	79	83	2665	1	0	0	16.997457	0	7.1822128	0	0	0	0	0	0	297.846	-5.22782e-13	298.043	7.92303e-09	1.02305e-09	0	25	24622604	24622604
7.1845	15.972824	-45.4246	12.8294	0	0	0	86555649	2	0	0	0	298.00769	15.975549	7.868159e-09	1.019874e-09	-1790.667	7.7091023e+08	5.6386102e+08	2.0122419	8.7727822	1.8357123	7222	266	329	91	90	2708	5	0	0	16.997457	0	7.1833074	0	0	0	0	0	0	297.846	-5.22782e-13	298.012	7.86872e-09	1.0171e-09	0	29	24648576	24648576
7.185	15.971684	-45.4277	12.8293	0	0	0	86555653	2	0	0	0	297.97691	15.975549	7.855988e-09	1.016616e-09	-1790.667	7.7091023e+08	5.6208742e+08	2.0121856	8.3549032	1.8440694	7199	245	341	73	78	2668	4	0	0	16.997457	0	7.1833074	0	0	0	0	0	0	297.846	-5.22782e-13	297.99	7.8526e-09	1.01748e-09	0	26	24609101	24609101
7.1855	15.970544	-45.4309	12.8292	0	0	0	86555656	2	0	0	0	297.95557	15.973049	7.834814e-09	1.018613e-09	-1790.667	7.7091023e+08	5.6321928e+08	2.0118934	8.8530494	1.8337795	7227	250	342	87	93	2679	6	0	0	16.997457	0	7.1844024	0	0	0	0	0	0	297.846	-5.22782e-13	297.958	7.85281e-09	1.01549e-09	0	38	24541429	24541429
7.186	15.969404	-45.4341	12.8291	0	0	0	86555659	2	0	0	0	297.9212	15.973049	7.850808e-09	1.014513e-09	-1790.667	7.7091023e+08	5.6097989e+08	2.0121238	8.7222623	1.8366211	7114	317	322	74	110	2659	8	0	0	16.997457	0	7.1844024	0	0	0	0	0	0	297.846	-5.22782e-13	297.933	7.84291e-09	1.01408e-09	0	25	24590182	24590182
7.1865	15.968259	-45.4372	12.829	0	0	0	86555663	2	0	0	0	297.90022	15.970549	7.795364e-09	1.009365e-09	-1790.667	7.7091023e+08	5.5816077e+08	2.0118784	8.6207834	1.8384387	7153	233	317	93	100	2703	9	0	0	16.997457	0	7.1854978	0	0	0	0	0	0	297.846	-5.22782e-13	297.904	7.8403e-09	1.01303e-09	0	38	24415185	24415185
7.187	15.967119	-45.4404	12.8289	0	0	0	86555666	2	0	0	0	297.87683	15.970549	7.836132e-09	1.013564e-09	-1790.667	7.7091023e+08	5.6051035e+08	2.0121418	8.8201976	1.8346669	7152	266	332	77	81	2678	10	0	0	16.997457	0	7.1854978	0	0	0	0	0	0	297.846	-5.22782e-13	297.881	7.81102e-09	1.01339e-09	0	26	24541528	24541528
7.1875	15.965979	-45.4435	12.8288	0	0	0	86555670	2	0	0	0	297.84596	15.968049	7.792679e-09	1.016762e-09	-1790.667	7.7091023e+08	5.6230658e+08	2.0121834	9.3399361	1.8242467	7182	281	332	75	94	2726	4	0	0	16.997457	0	7.1865935	0	0	0	0	0	0	297.846	-5.22782e-13	297.853	7.79574e-09	1.01385e-09	0	37	24404105	24404105
7.188	15.964839	-45.4467	12.8288	0	0	0	86555673	2	0	0	0	297.8232	15.968049	7.778119e-09	1.010068e-09	-1790.667	7.7091023e+08	5.5863208e+08	2.0122451	8.9715988	1.8317146	7087	249	344	67	71	2723	7	0	0	16.997457	0	7.1865935	0	0	0	0	0	0	297.846	-5.22782e-13	297.826	7.77691e-09	1.01058e-09	0	28	24357176	24357176
7.1885	15.963699	-45.4499	12.8287	0	0	0	86555677	2	0	0	0	297.78949	15.965549	7.8204e-09	1.014445e-09	-1790.667	7.7091023e+08	5.610805e+08	2.0119613	8.8960281	1.8329766	7179	293	315	80	78	2710	11	0	0	16.997457	0	7.1876895	0	0	0	0	0	0	297.846	-5.22782e-13	297.802	7.78529e-09	1.01152e-09	0	28	24488239	24488239
7.189	15.962559	-45.453	12.8286	0	0	0	86555680	2	0	0	0	297.7679	15.965549	7.734783e-09	1.015465e-09	-1790.667	7.7091023e+08	5.6167235e+08	2.0118051	8.5502993	1.8397898	7356	270	314	106	85	2808	5	0	0	16.997457	0	7.1876895	0	0	0	0	0	0	297.846	-5.22782e-13	297.771	7.76735e-09	1.01496e-09	0	27	24218819	24218819
7.1895	15.961419	-45.4562	12.8285	0	0	0	86555683	2	0	0	0	297.73809	15.965549	7.802182e-09	1.011518e-09	-1790.667	7.7091023e+08	5.5951678e+08	2.012111	8.8330871	1.8343795	7208	282	334	94	78	2752	7	0	0	16.997457	0	7.1876895	0	0	0	0	0	0	297.846	-5.22782e-13	297.748	7.76159e-09	1.01071e-09	0	18	24428520	24428520
7.19	15.960279	-45.4594	12.8284	0	0	0	86555687	2	0	0	0	297.71307	15.963049	7.707943e-09	1.012115e-09	-1790.667	7.7091023e+08	5.5987463e+08	2.0119533	8.7246718	1.836417	7150	269	317	95	88	2715	6	0	0	16.997457	0	7.1887859	0	0	0	0	0	0	297.846	-5.22782e-13	297.717	7.7519e-09	1.01084e-09	0	36	24132140	24132140
7.1905	15.959139	-45.4625	12.8283	0	0	0	86555690	2	0	0	0	297.68928	15.963049	7.746401e-09	1.008193e-09	-1790.667	7.7091023e+08	5.5773261e+08	2.0121322	8.7558304	1.8359533	7092	269	352	95	70	2576	9	0	0	16.997457	0	7.1887859	0	0	0	0	0	0	297.846	-5.22782e-13	297.693	7.72935e-09	1.00988e-09	0	41	24251218	24251218
7.191	15.958004	-45.4657	12.8282	0	0	0	86555694	2	0	0	0	297.65895	15.960549	7.65435e-09	1.012033e-09	-1790.667	7.7091023e+08	5.5988454e+08	2.0120042	9.1775079	1.8273523	7113	265	322	79	112	2656	11	0	0	16.997457	0	7.1898826	0	0	0	0	0	0	297.846	-5.22782e-13	297.667	7.71572e-09	1.01173e-09	0	44	23961730	23961730
7.1915	15.956864	-45.4688	12.8282	0	0	0	86555699	2	0	0	0	297.62159	15.960549	7.709012e-09	1.006171e-09	-1790.667	7.7091023e+08	5.56669e+08	2.0120614	8.2842639	1.845377	7252	287	332	77	82	2724	6	0	0	16.997457	0	7.1898826	0	0	0	0	0	0	297.846	-5.22782e-13	297.642	7.69955e-09	1.00724e-09	0	35	24131528	24131528
7.192	15.955724	-45.472	12.8281	0	0	0	86555703	2	0	0	0	297.58996	15.958049	7.70768e-09	1.009415e-09	-1790.667	7.7091023e+08	5.5849134e+08	2.0119126	8.8523287	1.8338115	7092	273	347	90	84	2646	4	0	0	16.997457	0	7.1909797	0	0	0	0	0	0	297.846	-5.22782e-13	297.603	7.69296e-09	1.00728e-09	0	22	24126040	24126040
